dataset,networktype,degs,thres_access,fpr,edge_cutoff_expr,max_tf,edge_cutoff_act,edges,nodes,tfs,source,target,Modularity,Clustering_Coefficient,Network_Density,Robustness,Average_Path_Length,ZFPM1,GATA2,GATA1,SPI1,CEBPA,TAL1,FLI1,KLF1,EGR1,EGR2,NAB2,GFI1,genes_found,edges_found,edges_correctly_identified
Eryth,overall,50,0.5,0.005,2000,10,100,199,35,35,35,31,-0.0074266392947711,0.369236490326716,0.1672268907563025,3.3218487394957985,2.045378151260504,False,True,True,True,False,True,True,True,True,False,,False,12,6,3
Eryth,overall,50,0.5,0.005,2000,10,250,197,36,36,36,31,0.0025632653061224,0.3807382270101568,0.1563492063492063,3.1063492063492064,1.9531746031746031,False,True,True,True,False,True,True,True,True,False,,False,13,6,4
Eryth,overall,50,0.5,0.005,2000,10,500,202,35,35,35,31,-0.017735573411249,0.3657002896852521,0.1697478991596638,3.223529411764706,2.0579831932773107,False,True,True,True,False,True,True,True,True,False,,False,13,6,3
Eryth,overall,50,0.5,0.005,2000,10,1000,202,35,35,35,31,-0.017735573411249,0.3657002896852521,0.1697478991596638,3.223529411764706,2.0579831932773107,False,True,True,True,False,True,True,True,True,False,,False,13,6,3
Eryth,overall,50,0.5,0.005,2000,25,100,200,68,68,55,65,0.0564127423822714,0.1291345500904324,0.0438981562774363,1.3481123792800702,2.35206321334504,False,True,True,True,True,True,True,True,True,False,,False,16,4,3
Eryth,overall,50,0.5,0.005,2000,25,250,500,70,70,69,66,0.0283851240582806,0.2883079257306264,0.10351966873706,4.012629399585921,2.310351966873706,False,True,True,True,True,True,True,True,True,False,,False,16,7,5
Eryth,overall,50,0.5,0.005,2000,25,500,584,70,70,69,66,0.0101126735959472,0.333569713434162,0.1209109730848861,4.8175983436853,2.1935817805383024,False,True,True,True,True,True,True,True,True,False,,False,16,7,5
Eryth,overall,50,0.5,0.005,2000,25,1000,581,70,70,69,66,0.0094514952795522,0.3320295293952038,0.1202898550724637,4.787163561076604,2.198964803312629,False,True,True,True,True,True,True,True,True,False,,False,16,7,5
Eryth,overall,50,0.5,0.005,2000,50,100,200,101,101,71,90,0.053504792074955,0.0586842750209086,0.0198019801980198,0.6097029702970297,1.8534653465346536,False,True,True,True,True,True,True,True,True,False,,False,19,2,2
Eryth,overall,50,0.5,0.005,2000,50,250,500,118,118,101,111,0.0458791663128159,0.1629004407814202,0.0362161379110531,1.828987396784007,2.567579313342025,False,True,True,True,True,True,True,True,True,False,,False,19,5,3
Eryth,overall,50,0.5,0.005,2000,50,500,997,121,121,117,117,0.014269426888825,0.2487974754512835,0.06866391184573,4.391253443526171,2.500619834710744,False,True,True,True,True,True,True,True,True,False,,False,20,7,5
Eryth,overall,50,0.5,0.005,2000,50,1000,1117,120,120,120,112,0.0040760673133918,0.2583204400866717,0.0782212885154061,4.841106442577031,2.4404761904761907,False,True,True,True,True,True,True,True,True,False,,False,19,7,5
Eryth,overall,50,0.5,0.005,2000,75,100,195,105,105,75,91,0.0470093933906745,0.0526228269085411,0.0178571428571428,0.5079670329670329,1.666849816849817,False,True,True,True,True,True,True,True,True,False,,False,18,2,2
Eryth,overall,50,0.5,0.005,2000,75,250,483,139,139,113,133,0.0558045667360286,0.1292828071585051,0.0251798561151079,1.4257637368366176,2.684443749348348,False,True,True,True,True,True,True,True,True,False,,False,21,5,3
Eryth,overall,50,0.5,0.005,2000,75,500,999,144,144,137,139,0.0361328070322779,0.2071451322367746,0.048513986013986,3.538267288267288,2.691385003885004,False,True,True,True,True,True,True,True,True,False,,False,21,5,3
Eryth,overall,50,0.5,0.005,2000,75,1000,1510,143,143,143,138,0.009080391522535,0.2423981699433474,0.074362257460849,5.691519747857776,2.515463409829607,False,True,True,True,True,True,True,True,True,False,,False,21,7,5
Eryth,overall,50,0.5,0.005,2000,100,100,195,106,106,74,91,0.0615097329108193,0.047076220425277,0.0175202156334231,0.491644204851752,1.6499550763701707,False,True,True,True,True,True,True,True,True,False,,False,18,2,2
Eryth,overall,50,0.5,0.005,2000,100,250,486,142,142,113,134,0.0416940609248301,0.1409634255369752,0.0242732993706922,1.3246428928179004,2.3826291079812205,False,True,True,True,True,True,True,True,True,False,,True,22,5,3
Eryth,overall,50,0.5,0.005,2000,100,500,971,143,143,133,139,0.0404991729678639,0.1947112517036403,0.0478183788042943,3.372943957451,2.5857382054565154,False,True,True,True,True,True,True,True,True,False,,True,22,6,4
Eryth,overall,50,0.5,0.005,2000,100,1000,1564,146,146,146,141,0.0146670792736408,0.2439769964825621,0.0738781294284364,5.777846008502598,2.517997165800661,False,True,True,True,True,True,True,True,True,False,,True,22,8,6
Eryth,overall,50,0.5,0.005,3000,10,100,200,35,35,35,31,0.021612933429044,0.3991180184501723,0.1680672268907563,3.480672268907563,1.9100840336134453,False,True,True,True,False,True,True,True,True,False,,False,12,4,3
Eryth,overall,50,0.5,0.005,3000,10,250,237,35,35,35,31,-0.0219829120683517,0.4433864511863858,0.1991596638655462,3.910924369747899,1.865546218487395,False,True,True,True,False,True,True,True,True,False,,False,12,6,3
Eryth,overall,50,0.5,0.005,3000,10,500,238,35,35,35,31,-0.0219829120683517,0.4433864511863858,0.2,3.92436974789916,1.8630252100840337,False,True,True,True,False,True,True,True,True,False,,False,12,6,3
Eryth,overall,50,0.5,0.005,3000,10,1000,240,35,35,35,31,-0.0239649751069962,0.4505753147941099,0.2016806722689075,3.9445378151260506,1.856302521008404,False,True,True,True,False,True,True,True,True,False,,False,12,6,3
Eryth,overall,50,0.5,0.005,3000,25,100,200,70,70,60,69,0.0605520681998848,0.140196533158718,0.041407867494824,1.2432712215320911,2.3867494824016564,False,True,True,True,True,True,True,True,True,False,,False,17,4,3
Eryth,overall,50,0.5,0.005,3000,25,250,500,72,72,68,69,0.0221960773707294,0.2568748294092843,0.0978090766823161,3.850352112676057,2.3519170579029733,False,True,True,True,True,True,True,True,True,False,,False,17,7,5
Eryth,overall,50,0.5,0.005,3000,25,500,773,72,72,72,69,0.0118335906766707,0.3702714166557812,0.1512128325508607,6.21830985915493,2.1652973395931143,False,True,True,True,True,True,True,True,True,False,,False,17,8,6
Eryth,overall,50,0.5,0.005,3000,25,1000,764,72,72,72,69,0.0143970280166402,0.3667422375790133,0.149452269170579,6.187793427230047,2.175469483568075,False,True,True,True,True,True,True,True,True,False,,False,17,8,6
Eryth,overall,50,0.5,0.005,3000,50,100,197,101,101,76,89,0.0866997004563141,0.038086555908338,0.0195049504950495,0.6204950495049505,1.9499009900990096,False,True,True,True,True,True,True,True,True,False,,False,21,3,3
Eryth,overall,50,0.5,0.005,3000,50,250,500,119,119,100,117,0.0464605034722222,0.1789467453495886,0.0356074633243127,2.010824668850592,2.645705739923088,False,True,True,True,True,True,True,True,True,False,,False,21,5,3
Eryth,overall,50,0.5,0.005,3000,50,500,1000,120,120,114,116,0.0131001121893004,0.2164027513820685,0.0700280112044818,4.535714285714286,2.4654761904761906,False,True,True,True,True,True,True,True,True,False,,False,20,7,5
Eryth,overall,50,0.5,0.005,3000,50,1000,1569,120,120,120,118,-0.0018156776973443,0.322868877645631,0.1098739495798319,7.393557422969188,2.313725490196078,False,True,True,True,True,True,True,True,True,False,,False,21,8,6
Eryth,overall,50,0.5,0.005,3000,75,100,195,108,108,80,93,0.0525751379793531,0.0574661963550852,0.0168743509865005,0.5407580477673936,1.9724818276220144,False,True,True,True,True,True,True,True,True,False,,False,20,3,3
Eryth,overall,50,0.5,0.005,3000,75,250,487,137,137,115,134,0.0322276685206497,0.1156622088317689,0.0261378273937312,1.4800343495062258,2.5446543580936023,False,True,True,True,True,True,True,True,True,False,,False,21,4,3
Eryth,overall,50,0.5,0.005,3000,75,500,956,142,142,130,139,0.0168927110394457,0.173873387209487,0.0477474777744481,3.526171211667166,2.706173209469584,False,True,True,True,True,True,True,True,True,False,,False,21,7,5
Eryth,overall,50,0.5,0.005,3000,75,1000,1924,142,142,141,140,0.0047442773284839,0.2894123968267631,0.0960942962740984,7.527869343721906,2.341274597942264,False,True,True,True,True,True,True,True,True,False,,False,21,8,6
Eryth,overall,50,0.5,0.005,3000,100,100,193,110,110,78,95,0.0482909213067942,0.0352611025338298,0.0160967472894078,0.5007506255212677,1.9697247706422016,False,True,True,True,True,True,True,True,True,False,,False,19,2,2
Eryth,overall,50,0.5,0.005,3000,100,250,483,145,145,117,139,0.0302172928927116,0.1301159982974957,0.0231321839080459,1.4212164750957854,2.871743295019157,False,True,True,True,True,True,True,True,True,False,,False,21,5,3
Eryth,overall,50,0.5,0.005,3000,100,500,959,148,148,131,145,0.0253011820932966,0.1662218844599791,0.044079794079794,3.286036036036036,2.661380768523625,False,True,True,True,True,True,True,True,True,False,,True,22,7,5
Eryth,overall,50,0.5,0.005,3000,100,1000,1925,148,148,145,146,0.0106242866715874,0.2731071517948381,0.0884813384813384,7.106315499172642,2.3684041184041185,False,True,True,True,True,True,True,True,True,False,,True,22,10,8
Eryth,overall,50,0.5,0.005,4000,10,100,200,35,35,35,31,-0.0267238484783736,0.4276593009918972,0.1680672268907563,3.272268907563025,1.9890756302521009,False,True,True,True,False,True,True,True,True,False,,False,12,4,3
Eryth,overall,50,0.5,0.005,4000,10,250,271,35,35,35,31,-0.0401215277777777,0.5358629035458257,0.2277310924369747,4.329411764705882,1.784873949579832,False,True,True,True,False,True,True,True,True,False,,False,12,6,3
Eryth,overall,50,0.5,0.005,4000,10,500,271,35,35,35,31,-0.0401215277777777,0.5358629035458257,0.2277310924369747,4.329411764705882,1.784873949579832,False,True,True,True,False,True,True,True,True,False,,False,12,6,3
Eryth,overall,50,0.5,0.005,4000,10,1000,271,35,35,35,31,-0.0401215277777777,0.5358629035458257,0.2277310924369747,4.329411764705882,1.784873949579832,False,True,True,True,False,True,True,True,True,False,,False,12,6,3
Eryth,overall,50,0.5,0.005,4000,25,100,200,74,74,56,71,0.0496696910720649,0.1101779601779602,0.0370233246945575,1.025546094039245,1.895409107737875,False,True,True,True,True,True,True,True,True,False,,False,17,4,3
Eryth,overall,50,0.5,0.005,4000,25,250,500,71,71,66,70,0.0004366082045184,0.2798079208863177,0.1006036217303823,3.86317907444668,2.288732394366197,False,True,True,True,True,True,True,True,True,False,,False,17,6,4
Eryth,overall,50,0.5,0.005,4000,25,500,914,76,76,72,74,-0.0034206428968691,0.4342789732489714,0.1603508771929824,6.583157894736842,2.018771929824561,False,True,True,True,True,True,True,True,True,False,,False,17,8,6
Eryth,overall,50,0.5,0.005,4000,25,1000,914,76,76,72,74,-0.0034206428968691,0.4342789732489714,0.1603508771929824,6.583157894736842,2.018771929824561,False,True,True,True,True,True,True,True,True,False,,False,17,8,6
Eryth,overall,50,0.5,0.005,4000,50,100,199,103,103,75,89,0.0398289520572352,0.0677471395917997,0.0189415572054064,0.6365886160289358,2.098229583095374,False,True,True,True,True,True,True,True,True,False,,False,19,3,3
Eryth,overall,50,0.5,0.005,4000,50,250,500,121,121,103,119,0.0421365773782733,0.1535318086285993,0.0344352617079889,1.8738980716253444,2.75633608815427,False,True,True,True,True,True,True,True,True,False,,False,20,4,3
Eryth,overall,50,0.5,0.005,4000,50,500,1000,121,121,112,118,-0.0004691917919431,0.2283543879485026,0.0688705234159779,4.26935261707989,2.417768595041322,False,True,True,True,True,True,True,True,True,False,,True,21,7,5
Eryth,overall,50,0.5,0.005,4000,50,1000,1917,121,121,121,119,-0.0162445760701469,0.3914617041132579,0.1320247933884297,8.884641873278238,2.1608815426997245,False,True,True,True,True,True,True,True,True,False,,True,21,10,8
Eryth,overall,50,0.5,0.005,4000,75,100,198,113,113,83,95,0.0446260387811634,0.0789755475596183,0.0156447534766118,0.5421934260429836,2.1837073324905183,False,True,True,True,True,True,True,True,True,False,,False,20,3,3
Eryth,overall,50,0.5,0.005,4000,75,250,490,141,141,112,136,0.0158049813954316,0.1197263087123218,0.0248226950354609,1.476595744680851,2.7450861195542045,False,True,True,True,True,True,True,True,True,False,,True,22,4,3
Eryth,overall,50,0.5,0.005,4000,75,500,979,141,141,131,138,0.0048218499182521,0.1880673897502566,0.0495947315096251,3.623049645390071,2.706585612968592,False,True,True,True,True,True,True,True,True,False,,True,22,6,4
Eryth,overall,50,0.5,0.005,4000,75,1000,1960,143,143,142,142,-0.0119123447772096,0.2957286869884639,0.0965231951147444,7.793657047178174,2.3602383531961,False,True,True,True,True,True,True,True,True,False,,True,22,9,7
Eryth,overall,50,0.5,0.005,4000,100,100,199,114,114,84,95,0.0413365861681422,0.0778329370434633,0.0154479118149355,0.5316721006054961,2.051622418879056,False,True,True,True,True,True,True,True,True,False,,False,20,3,3
Eryth,overall,50,0.5,0.005,4000,100,250,490,145,145,115,139,0.0310246755327672,0.1050980859999755,0.0234674329501915,1.4162835249042145,2.8266283524904217,False,True,True,True,True,True,True,True,True,False,,True,22,4,3
Eryth,overall,50,0.5,0.005,4000,100,500,977,147,147,134,144,0.0059190868580763,0.1677146619828893,0.0455223185164476,3.416410399776349,2.6908955362967104,False,True,True,True,True,True,True,True,True,False,,True,22,6,4
Eryth,overall,50,0.5,0.005,4000,100,1000,1958,145,145,143,144,-0.0044470287744745,0.304808398358806,0.0937739463601532,7.711973180076629,2.329645593869732,False,True,True,True,True,True,True,True,True,False,,True,22,8,6
Eryth,overall,50,0.5,0.01,2000,10,100,196,35,35,35,30,0.0319927499059539,0.3514046877492255,0.1647058823529411,3.5285714285714285,1.83781512605042,False,True,True,True,True,False,True,True,True,False,,False,13,5,3
Eryth,overall,50,0.5,0.01,2000,10,250,223,35,35,35,30,0.0179085872576177,0.4025468388803196,0.1873949579831932,4.048739495798319,1.7294117647058824,False,True,True,True,True,False,True,True,True,False,,False,13,6,3
Eryth,overall,50,0.5,0.01,2000,10,500,221,35,35,35,30,0.0146272500769855,0.3992347273837764,0.1857142857142857,4.005882352941176,1.7352941176470589,False,True,True,True,True,False,True,True,True,False,,False,13,6,3
Eryth,overall,50,0.5,0.01,2000,10,1000,222,35,35,35,30,0.0179085872576177,0.4025468388803196,0.1865546218487395,4.033613445378151,1.7302521008403362,False,True,True,True,True,False,True,True,True,False,,False,13,6,3
Eryth,overall,50,0.5,0.01,2000,25,100,200,69,69,55,66,0.029074074074074,0.1467713871805943,0.0426257459505541,1.2885763000852517,2.402387041773231,False,True,True,True,True,True,True,True,True,False,,False,17,4,3
Eryth,overall,50,0.5,0.01,2000,25,250,500,71,71,67,67,0.0214829126917039,0.2619236827586922,0.1006036217303823,4.25271629778672,2.17364185110664,False,True,True,True,True,True,True,True,True,False,,False,17,7,4
Eryth,overall,50,0.5,0.01,2000,25,500,659,74,74,74,69,0.0068844999061737,0.3117502286327985,0.1219918548685672,5.423546834505738,2.1025546094039247,False,True,True,True,True,True,True,True,True,False,,False,16,8,5
Eryth,overall,50,0.5,0.01,2000,25,1000,636,73,73,72,69,-0.0025007694675284,0.3046612228664286,0.1210045662100456,5.302130898021309,2.2279299847793,False,True,True,True,True,True,True,True,True,False,,False,16,8,5
Eryth,overall,50,0.5,0.01,2000,50,100,198,96,96,63,89,0.0538216659904497,0.0856928661616161,0.0217105263157894,0.7038377192982456,1.982127192982456,False,True,True,True,True,True,True,True,True,False,,False,18,3,3
Eryth,overall,50,0.5,0.01,2000,50,250,500,114,114,95,110,0.0682113319456979,0.1575061742796532,0.0388138487812451,2.065362521347617,2.342338146250582,False,True,True,True,True,True,True,True,True,False,,False,18,5,4
Eryth,overall,50,0.5,0.01,2000,50,500,994,119,119,115,116,0.023981817941886,0.2157256174463953,0.0707876370887338,4.772468309357642,2.424797037459052,False,True,True,True,True,True,True,True,True,False,,False,18,8,5
Eryth,overall,50,0.5,0.01,2000,50,1000,1188,118,118,118,115,0.0172040702491273,0.250952353241288,0.0860495436766623,5.962624945675793,2.413588294944227,False,True,True,True,True,True,True,True,True,False,,False,18,9,5
Eryth,overall,50,0.5,0.01,2000,75,100,193,108,108,69,97,0.0883411185456381,0.0644225116447338,0.0167012807199723,0.5524402907580478,2.238058151609553,False,True,True,True,True,True,True,True,True,False,,False,20,3,3
Eryth,overall,50,0.5,0.01,2000,75,250,491,138,138,111,131,0.0671106876259881,0.1286125344180488,0.0259705913466624,1.439225642653126,2.3717867343700414,False,True,True,True,True,True,True,True,True,False,,False,21,4,3
Eryth,overall,50,0.5,0.01,2000,75,500,979,147,147,139,144,0.0557715734389176,0.1686186758310088,0.0456155064765632,3.5428198676730966,2.597428012300811,False,True,True,True,True,True,True,True,True,False,,True,22,6,4
Eryth,overall,50,0.5,0.01,2000,75,1000,1647,148,148,148,146,0.0102267904329205,0.2223142192989712,0.0757032542746828,6.678663357234786,2.46276889134032,False,True,True,True,True,True,True,True,True,False,,True,22,10,5
Eryth,overall,50,0.5,0.01,2000,100,100,198,109,109,78,94,0.0852817343008152,0.0754097075197992,0.0168195718654434,0.496177370030581,1.9481821270812096,False,True,True,True,True,True,True,True,True,False,,False,21,3,3
Eryth,overall,50,0.5,0.01,2000,100,250,491,140,140,111,136,0.0740870198085698,0.1296564511340053,0.0252312435765673,1.4019527235354574,2.399588900308325,False,True,True,True,True,True,True,True,True,False,,True,22,4,3
Eryth,overall,50,0.5,0.01,2000,100,500,995,154,154,143,151,0.0579350213897559,0.1565169539088297,0.0422290128172481,3.393727187844835,2.6644597232832528,False,True,True,True,True,True,True,True,True,False,,True,22,6,4
Eryth,overall,50,0.5,0.01,2000,100,1000,1746,153,153,153,152,0.0088685040407916,0.2219151914515335,0.0750773993808049,6.7555039559683525,2.482456140350877,False,True,True,True,True,True,True,True,True,False,,True,22,10,5
Eryth,overall,50,0.5,0.01,3000,10,100,200,36,36,35,33,0.0469135802469135,0.3024521774521774,0.1587301587301587,3.521428571428572,1.985714285714285,False,True,True,True,True,True,True,True,True,False,,False,14,5,4
Eryth,overall,50,0.5,0.01,3000,10,250,288,36,36,36,33,0.0123107938396457,0.4257864455232877,0.2285714285714285,5.251587301587302,1.7976190476190477,False,True,True,True,True,True,True,True,True,False,,False,14,7,4
Eryth,overall,50,0.5,0.01,3000,10,500,287,36,36,36,33,0.013252811328613,0.4270454748782922,0.2277777777777777,5.222222222222222,1.7984126984126985,False,True,True,True,True,True,True,True,True,False,,False,14,7,4
Eryth,overall,50,0.5,0.01,3000,10,1000,289,36,36,36,33,0.0112360471405858,0.4295141651243304,0.2293650793650793,5.265873015873016,1.796031746031746,False,True,True,True,True,True,True,True,True,False,,False,14,7,4
Eryth,overall,50,0.5,0.01,3000,25,100,200,74,74,57,71,0.0806141448673728,0.0989148239148239,0.0370233246945575,1.268789337282488,2.596075527582377,False,True,True,True,True,True,True,True,True,False,,False,16,3,3
Eryth,overall,50,0.5,0.01,3000,25,250,500,73,73,71,72,0.0201092155612244,0.2506225204078947,0.0951293759512937,4.199200913242009,2.3803272450532726,False,True,True,True,True,True,True,True,True,False,,False,15,5,5
Eryth,overall,50,0.5,0.01,3000,25,500,904,75,75,75,73,0.0247723988827621,0.3829137112477274,0.1628828828828828,7.832432432432433,2.110810810810811,False,True,True,True,True,True,True,True,True,False,,False,16,8,5
Eryth,overall,50,0.5,0.01,3000,25,1000,939,75,75,75,73,0.0155659185604844,0.3970662026630959,0.1691891891891891,8.137657657657657,2.081981981981982,False,True,True,True,True,True,True,True,True,False,,False,16,8,5
Eryth,overall,50,0.5,0.01,3000,50,100,198,106,106,70,92,0.0621603653601572,0.0406766189785057,0.0177897574123989,0.5071877807726864,1.8769092542677448,False,True,True,True,True,True,True,True,True,False,,True,19,2,2
Eryth,overall,50,0.5,0.01,3000,50,250,500,126,126,100,123,0.0573664879934338,0.1126496200246752,0.0317460317460317,1.803873015873016,2.3102222222222224,False,True,True,True,True,True,True,True,True,False,,True,21,3,3
Eryth,overall,50,0.5,0.01,3000,50,500,1000,127,127,122,127,0.0518584565934166,0.2089651456900604,0.0624921884764404,4.488688913885764,2.6161729783777026,False,True,True,True,True,True,True,True,True,False,,True,21,6,5
Eryth,overall,50,0.5,0.01,3000,50,1000,1854,127,127,127,127,0.020562473512131,0.3188691008739922,0.1158605174353205,8.962317210348706,2.264841894763155,False,True,True,True,True,True,True,True,True,False,,True,21,10,5
Eryth,overall,50,0.5,0.01,3000,75,100,194,110,110,73,95,0.0904747991234478,0.0472772681863591,0.0161801501251042,0.5078398665554629,1.977397831526272,False,True,True,True,True,True,True,True,True,False,,True,20,2,2
Eryth,overall,50,0.5,0.01,3000,75,250,494,147,147,117,143,0.062242937516335,0.0856060364024189,0.0230174261485416,1.3495946323734973,2.5602926101947627,False,True,True,True,True,True,True,True,True,False,,True,22,2,2
Eryth,overall,50,0.5,0.01,3000,75,500,990,148,148,136,148,0.062600729638518,0.1779456825278572,0.0455046883618312,3.612428755285898,2.680593859165288,False,True,True,True,True,True,True,True,True,False,,True,22,5,4
Eryth,overall,50,0.5,0.01,3000,75,1000,1978,148,148,148,148,0.0302946016493063,0.2656903821265692,0.0909174480603052,8.184730649016362,2.3642213642213643,False,True,True,True,True,True,True,True,True,False,,True,22,11,6
Eryth,overall,50,0.5,0.01,3000,100,100,197,117,117,78,99,0.091150863637636,0.0378510378510378,0.0145151783082817,0.4171824344238137,1.7022546419098143,False,True,True,True,True,True,True,True,True,False,,True,20,2,2
Eryth,overall,50,0.5,0.01,3000,100,250,500,153,153,118,149,0.089431857291634,0.0922554524691354,0.0214998280013759,1.2220072239422084,2.363562091503268,False,True,True,True,True,True,True,True,True,False,,True,22,3,3
Eryth,overall,50,0.5,0.01,3000,100,500,989,158,158,144,157,0.065538610383834,0.1735194699073506,0.0398693864387648,3.241917278077884,2.7231315004434413,False,True,True,True,True,True,True,True,True,False,,True,22,4,4
Eryth,overall,50,0.5,0.01,3000,100,1000,1978,157,157,156,157,0.0337147749441097,0.2484372358637655,0.0807610648374979,7.579087048832272,2.416380859056018,False,True,True,True,True,True,True,True,True,False,,True,22,10,6
Eryth,overall,50,0.5,0.01,4000,10,100,200,36,36,35,34,0.0684414846610276,0.3519926061592728,0.1587301587301587,3.658730158730159,2.0785714285714287,False,True,True,True,True,True,True,True,True,False,,False,14,5,4
Eryth,overall,50,0.5,0.01,4000,10,250,327,36,36,36,34,0.0174389888679221,0.4941898381473582,0.2595238095238095,6.076984126984127,1.7992063492063493,False,True,True,True,True,True,True,True,True,False,,False,14,7,5
Eryth,overall,50,0.5,0.01,4000,10,500,328,36,36,36,34,0.0170325939339067,0.5020649520475653,0.2603174603174603,6.105555555555555,1.7968253968253969,False,True,True,True,True,True,True,True,True,False,,False,14,7,5
Eryth,overall,50,0.5,0.01,4000,10,1000,327,36,36,36,34,0.0174389888679221,0.4941898381473582,0.2595238095238095,6.076984126984127,1.7992063492063493,False,True,True,True,True,True,True,True,True,False,,False,14,7,5
Eryth,overall,50,0.5,0.01,4000,25,100,200,74,74,63,73,0.0495185491493383,0.1033222783222782,0.0370233246945575,1.332099222510181,2.700481303221029,False,True,True,True,True,True,True,True,True,False,,False,17,3,3
Eryth,overall,50,0.5,0.01,4000,25,250,500,72,72,66,72,0.0104890713681922,0.2507790274782244,0.0978090766823161,4.09878716744914,2.230438184663537,False,True,True,True,True,True,True,True,True,False,,False,16,6,5
Eryth,overall,50,0.5,0.01,4000,25,500,979,74,74,73,74,0.0065927215722582,0.4087154754565026,0.1812291743798593,8.776749352091818,2.009626064420585,False,True,True,True,True,True,True,True,True,False,,False,17,8,5
Eryth,overall,50,0.5,0.01,4000,25,1000,1062,72,72,72,72,0.0040743642134336,0.4730381307536181,0.2077464788732394,9.829029733959311,1.971830985915493,False,True,True,True,True,True,True,True,True,False,,False,16,7,6
Eryth,overall,50,0.5,0.01,4000,50,100,199,103,103,73,93,0.0639995473064735,0.0766591014163829,0.0189415572054064,0.6671425851894156,2.253854940034266,False,True,True,True,True,True,True,True,True,False,,True,20,2,2
Eryth,overall,50,0.5,0.01,4000,50,250,500,123,123,104,122,0.0475766158546287,0.1540232918376088,0.0333200053312008,2.009796081567373,2.595228575236572,False,True,True,True,True,True,True,True,True,False,,True,21,3,3
Eryth,overall,50,0.5,0.01,4000,50,500,1000,127,127,120,127,0.0406873399767908,0.2013606456722574,0.0624921884764404,4.468066491688539,2.532620922384702,False,True,True,True,True,True,True,True,True,False,,True,21,8,5
Eryth,overall,50,0.5,0.01,4000,50,1000,2000,125,125,125,125,0.016565124100706,0.333051188493567,0.1290322580645161,10.128709677419357,2.1776774193548385,False,True,True,True,True,True,True,True,True,False,,True,21,10,5
Eryth,overall,50,0.5,0.01,4000,75,100,198,118,118,83,100,0.100186736079674,0.0663358769290972,0.014341590612777,0.487034622627843,1.8901202375778647,False,True,True,True,True,True,True,True,True,False,,True,21,2,2
Eryth,overall,50,0.5,0.01,4000,75,250,492,142,142,115,139,0.0773107811895595,0.1043083088408648,0.0245729697332933,1.4584956547797423,2.409999001098792,False,True,True,True,True,True,True,True,True,False,,True,22,3,3
Eryth,overall,50,0.5,0.01,4000,75,500,980,149,149,142,148,0.0524162083828775,0.1644424919553438,0.0444404135679303,3.6125068021041176,2.762923997823327,False,True,True,True,True,True,True,True,True,False,,True,22,4,4
Eryth,overall,50,0.5,0.01,4000,75,1000,1958,148,148,147,148,0.0308840230046206,0.2663716292534974,0.0899981614267328,8.126493840779554,2.330805295091009,False,True,True,True,True,True,True,True,True,False,,True,22,11,6
Eryth,overall,50,0.5,0.01,4000,100,100,193,117,117,82,99,0.088372301352683,0.0761756761756761,0.0142204538756262,0.4546861184792219,1.890730916592985,False,True,True,True,True,True,True,True,True,False,,True,21,2,2
Eryth,overall,50,0.5,0.01,4000,100,250,491,148,148,118,144,0.0696521842355175,0.0884154836352305,0.0225684868542011,1.337929766501195,2.4014524728810445,False,True,True,True,True,True,True,True,True,False,,True,22,3,3
Eryth,overall,50,0.5,0.01,4000,100,500,981,156,156,144,155,0.0554206081003626,0.1603688664402082,0.0405707196029776,3.320719602977668,2.689247311827957,False,True,True,True,True,True,True,True,True,False,,True,22,4,4
Eryth,overall,50,0.5,0.01,4000,100,1000,1959,156,156,155,156,0.040166225053749,0.2485917103267194,0.0810173697270471,7.647849462365591,2.395616211745244,False,True,True,True,True,True,True,True,True,False,,True,22,11,6
Eryth,overall,50,0.5,0.02,2000,10,100,195,34,34,33,32,0.0326670405383752,0.4437465176014621,0.1737967914438502,3.5409982174688057,2.0089126559714794,False,True,True,True,True,False,True,True,False,False,,True,13,10,5
Eryth,overall,50,0.5,0.02,2000,10,250,254,35,35,35,33,0.0140400494936996,0.498835826639415,0.2134453781512605,4.673109243697479,1.8647058823529408,False,True,True,True,True,False,True,True,False,False,,False,13,11,7
Eryth,overall,50,0.5,0.02,2000,10,500,219,34,34,34,32,0.0108423268401884,0.5067465285276248,0.195187165775401,3.980392156862745,1.9901960784313728,False,True,True,True,True,False,True,True,False,False,,True,13,11,5
Eryth,overall,50,0.5,0.02,2000,10,1000,218,34,34,34,32,0.0127095727420227,0.4992578871380547,0.1942959001782531,3.9616755793226384,1.9955436720142603,False,True,True,True,True,False,True,True,False,False,,True,13,11,5
Eryth,overall,50,0.5,0.02,2000,25,100,200,71,71,58,69,0.0804382761139518,0.2247549891447331,0.0402414486921529,1.311066398390342,2.621327967806841,False,True,True,True,True,True,True,True,False,False,,True,18,4,2
Eryth,overall,50,0.5,0.02,2000,25,250,500,73,73,70,72,0.0528615702479338,0.3367712699545358,0.0951293759512937,4.099505327245053,2.332572298325723,False,True,True,True,True,True,True,True,False,False,,True,18,11,5
Eryth,overall,50,0.5,0.02,2000,25,500,642,73,73,72,72,0.0326878536407661,0.3850084222475035,0.1221461187214611,5.442541856925419,2.193302891933029,False,True,True,True,True,True,True,True,False,False,,True,18,13,6
Eryth,overall,50,0.5,0.02,2000,25,1000,634,73,73,72,72,0.0343599345362356,0.3865966504692061,0.1206240487062404,5.335806697108067,2.199391171993912,False,True,True,True,True,True,True,True,False,False,,True,18,13,6
Eryth,overall,50,0.5,0.02,2000,50,100,200,99,99,68,92,0.0580787721341335,0.0540152328031116,0.020614306328592,0.6821273964131107,2.193980622552051,False,True,True,True,True,True,True,True,True,False,,True,18,5,3
Eryth,overall,50,0.5,0.02,2000,50,250,500,123,123,100,117,0.0799477605758031,0.1914889291346581,0.0333200053312008,1.8927095828335327,2.436958549913368,False,True,True,True,True,True,True,True,True,False,,True,20,7,3
Eryth,overall,50,0.5,0.02,2000,50,500,973,123,123,122,121,0.0513929297887823,0.2582512182205303,0.0648407303745168,4.492403038784486,2.6052912168465947,False,True,True,True,True,True,True,True,True,False,,True,20,13,6
Eryth,overall,50,0.5,0.02,2000,50,1000,1143,121,121,121,120,0.0348043286073104,0.2722536987332645,0.0787190082644628,5.517011019283746,2.489256198347108,False,True,True,True,True,True,True,True,True,False,,True,20,14,7
Eryth,overall,50,0.5,0.02,2000,75,100,200,106,106,73,99,0.0856568998109641,0.042602889772701,0.017969451931716,0.5612758310871518,2.210332434860737,False,True,True,True,True,True,True,True,True,False,,True,19,4,2
Eryth,overall,50,0.5,0.02,2000,75,250,500,139,139,114,131,0.0651113935841952,0.1487800512675782,0.026066103638828,1.5608382858930248,2.756959649671567,False,True,True,True,True,True,True,True,True,False,,True,20,7,3
Eryth,overall,50,0.5,0.02,2000,75,500,1000,145,145,140,141,0.0545756221447314,0.2055456020775287,0.0478927203065134,3.7351053639846734,2.7051724137931035,False,True,True,True,True,True,True,True,True,False,,True,20,10,4
Eryth,overall,50,0.5,0.02,2000,75,1000,1363,146,146,146,143,0.034946446321252,0.2296706223333917,0.0643835616438356,5.339442607463392,2.5435521965044874,False,True,True,True,True,True,True,True,True,False,,True,22,14,7
Eryth,overall,50,0.5,0.02,2000,100,100,197,104,104,75,94,0.0794847532126614,0.0528012585704893,0.0183905899925317,0.5527445855115758,2.2698842419716208,False,True,True,True,True,True,True,True,True,False,,True,19,2,1
Eryth,overall,50,0.5,0.02,2000,100,250,500,146,146,116,139,0.0768094966595032,0.1483247863918693,0.0236183278223901,1.3880491261218706,2.4334435521965045,False,True,True,True,True,True,True,True,True,False,,True,22,7,3
Eryth,overall,50,0.5,0.02,2000,100,500,1000,153,153,147,149,0.0610174168299866,0.1822289252576233,0.0429996560027519,3.5159098727210183,2.7161592707258344,False,True,True,True,True,True,True,True,True,False,,True,22,8,3
Eryth,overall,50,0.5,0.02,2000,100,1000,1469,153,153,153,149,0.0333352925761839,0.2171257777048586,0.0631664946680426,5.5843653250774,2.514705882352941,False,True,True,True,True,True,True,True,True,False,,True,22,13,6
Eryth,overall,50,0.5,0.02,3000,10,100,200,35,35,34,35,0.0538922155688622,0.3548322180055925,0.1680672268907563,3.8554621848739496,2.23781512605042,False,True,True,False,True,False,True,True,False,False,,False,11,5,3
Eryth,overall,50,0.5,0.02,3000,10,250,335,36,36,36,36,0.0048052461982022,0.4613148580769839,0.2658730158730158,6.898412698412699,1.876984126984127,False,True,True,True,True,False,True,True,False,False,,False,12,11,6
Eryth,overall,50,0.5,0.02,3000,10,500,333,36,36,36,36,0.0051619793520825,0.4606491521416702,0.2642857142857143,6.877777777777778,1.880952380952381,False,True,True,True,True,False,True,True,False,False,,False,12,11,6
Eryth,overall,50,0.5,0.02,3000,10,1000,334,36,36,36,36,-0.002889646369005,0.4624503623407132,0.2650793650793651,6.84047619047619,1.8825396825396823,False,True,True,True,True,False,True,True,False,False,,False,12,11,6
Eryth,overall,50,0.5,0.02,3000,25,100,200,72,72,60,71,0.0979442344045368,0.1454098008019577,0.0391236306729264,1.371283255086072,2.8581768388106417,False,True,True,True,True,True,True,True,False,False,,True,17,5,2
Eryth,overall,50,0.5,0.02,3000,25,250,500,76,76,72,76,0.0703499107215323,0.2607264547091016,0.087719298245614,4.222631578947368,2.37280701754386,False,True,True,True,True,True,True,True,True,False,,True,18,10,5
Eryth,overall,50,0.5,0.02,3000,25,500,903,76,76,76,76,0.037244612752149,0.3695269951476456,0.1584210526315789,8.068771929824562,2.110526315789474,False,True,True,True,True,True,True,True,True,False,,True,17,14,8
Eryth,overall,50,0.5,0.02,3000,25,1000,976,76,76,76,76,0.0263555271180699,0.3825511264820854,0.1712280701754386,8.808245614035087,2.046491228070176,False,True,True,True,True,True,True,True,True,False,,True,18,15,8
Eryth,overall,50,0.5,0.02,3000,50,100,199,102,102,70,95,0.0713275237664101,0.0320701357466063,0.0193166375461075,0.6400698893418754,2.2899437002523784,False,True,True,True,True,True,True,True,True,False,,True,18,3,2
Eryth,overall,50,0.5,0.02,3000,50,250,500,127,127,105,125,0.0874478286851652,0.1176172900109155,0.0312460942382202,1.9226346706661668,2.80108736407949,False,True,True,True,True,True,True,True,True,False,,True,20,6,2
Eryth,overall,50,0.5,0.02,3000,50,500,1000,131,131,123,130,0.0574106328475227,0.1808058780158334,0.0587199060481503,4.52759835584263,2.5076335877862594,False,True,True,True,True,True,True,True,True,False,,True,20,12,7
Eryth,overall,50,0.5,0.02,3000,50,1000,1845,131,131,130,130,0.0281650974572619,0.2913712400575273,0.1083382266588373,9.014327657075748,2.1899588960657663,False,True,True,True,True,True,True,True,True,False,,True,20,15,7
Eryth,overall,50,0.5,0.02,3000,75,100,195,110,110,74,103,0.0912244190079778,0.0367548108457199,0.0162635529608006,0.4992493744787323,2.102168473728107,False,True,True,True,True,True,True,True,True,False,,True,19,3,2
Eryth,overall,50,0.5,0.02,3000,75,250,500,145,145,112,141,0.1031063480864209,0.1012230833032351,0.0239463601532567,1.5340996168582377,2.815086206896552,False,True,True,True,True,True,True,True,True,False,,True,22,5,2
Eryth,overall,50,0.5,0.02,3000,75,500,1000,152,152,139,151,0.0711676171587416,0.1520333923203262,0.043569187870338,3.638724294179157,2.5951551063088183,False,True,True,True,True,True,True,True,True,False,,True,22,11,6
Eryth,overall,50,0.5,0.02,3000,75,1000,2000,152,152,151,151,0.0320600168534066,0.2451768374169162,0.0871383757406761,8.33252004182642,2.292915650052283,False,True,True,True,True,True,True,True,True,False,,True,22,16,8
Eryth,overall,50,0.5,0.02,3000,100,100,195,111,111,71,104,0.0972655798358192,0.0358380358380358,0.0159705159705159,0.4511875511875511,1.9125307125307125,False,True,True,True,True,True,True,True,True,False,,True,19,3,2
Eryth,overall,50,0.5,0.02,3000,100,250,500,152,152,117,146,0.1073156899810964,0.1005697700856166,0.021784593935169,1.3977431160683165,2.6658678982223774,False,True,True,True,True,True,True,True,True,False,,True,22,5,2
Eryth,overall,50,0.5,0.02,3000,100,500,1000,159,159,145,158,0.0817685489766082,0.1512162630237236,0.0398057479500039,3.418637051190192,2.70109863864342,False,True,True,True,True,True,True,True,True,False,,True,22,12,7
Eryth,overall,50,0.5,0.02,3000,100,1000,2000,159,159,158,158,0.0272146099794481,0.2327183807192049,0.0796114959000079,7.919990446620492,2.355863386673036,False,True,True,True,True,True,True,True,True,False,,True,22,15,8
Eryth,overall,50,0.5,0.02,4000,10,100,200,37,37,35,37,0.0249134948096885,0.3306473291767409,0.1501501501501501,3.554804804804805,2.271021021021021,False,True,True,True,True,False,True,True,True,False,,False,13,7,3
Eryth,overall,50,0.5,0.02,4000,10,250,403,37,37,37,37,-0.0153514792899408,0.5198931515030586,0.3025525525525525,7.862612612612613,1.84009009009009,False,True,True,True,True,False,True,True,True,False,,False,13,11,6
Eryth,overall,50,0.5,0.02,4000,10,500,408,37,37,37,37,-0.0145647213163219,0.5311963720827632,0.3063063063063063,8.10135135135135,1.8145645645645645,False,True,True,True,True,False,True,True,True,False,,False,13,11,6
Eryth,overall,50,0.5,0.02,4000,10,1000,402,37,37,37,37,-0.0146223898795915,0.5203081225062648,0.3018018018018018,7.852102102102102,1.8408408408408408,False,True,True,True,True,False,True,True,True,False,,False,13,11,6
Eryth,overall,50,0.5,0.02,4000,25,100,200,74,74,56,71,0.1010143702451394,0.1637649887649887,0.0370233246945575,1.235653461680859,2.634579785264717,False,True,True,True,True,True,True,True,True,False,,True,17,4,2
Eryth,overall,50,0.5,0.02,4000,25,250,500,77,77,71,77,0.0732945459136436,0.2235037110863505,0.0854408749145591,4.219412166780588,2.2710184552289814,False,True,True,True,True,True,True,True,True,False,,True,17,8,4
Eryth,overall,50,0.5,0.02,4000,25,500,1000,77,77,77,77,0.0281421752617133,0.3745299628471774,0.1708817498291182,9.08133971291866,2.034347231715653,False,True,True,True,True,True,True,True,True,False,,True,17,10,6
Eryth,overall,50,0.5,0.02,4000,25,1000,1362,77,77,77,77,0.0138417777777777,0.4621315773244846,0.232740943267259,12.65481886534518,1.859364319890636,False,True,True,True,True,True,True,True,True,False,,True,17,14,7
Eryth,overall,50,0.5,0.02,4000,50,100,199,111,111,79,95,0.0966298440453686,0.0621656621656621,0.0162981162981162,0.481981981981982,2.52039312039312,False,True,True,True,True,True,True,True,True,False,,True,20,5,3
Eryth,overall,50,0.5,0.02,4000,50,250,500,129,129,110,126,0.1119301504915034,0.1233694416158956,0.0302810077519379,1.896620639534884,2.8358163759689923,False,True,True,True,True,True,True,True,True,False,,True,21,7,4
Eryth,overall,50,0.5,0.02,4000,50,500,1000,130,130,122,130,0.053418669242845,0.1800991710739334,0.0596302921884317,4.678175313059034,2.497614788312463,False,True,True,True,True,True,True,True,True,False,,True,21,10,5
Eryth,overall,50,0.5,0.02,4000,50,1000,2000,131,131,130,131,0.0212663574071467,0.2958338387721831,0.1174398120963006,10.06917204932472,2.149148561362302,False,True,True,True,True,True,True,True,True,False,,True,21,13,7
Eryth,overall,50,0.5,0.02,4000,75,100,198,113,113,73,100,0.125797495274102,0.040533655135425,0.0156447534766118,0.4205910240202276,1.994073957016435,False,True,True,True,True,True,True,True,True,False,,True,19,1,1
Eryth,overall,50,0.5,0.02,4000,75,250,500,141,141,112,138,0.0994387612396773,0.1000053533308918,0.0253292806484295,1.5663120567375886,2.50516717325228,False,True,True,True,True,True,True,True,True,False,,True,21,4,2
Eryth,overall,50,0.5,0.02,4000,75,500,1000,153,153,137,151,0.0762952651551266,0.141639518517279,0.0429996560027519,3.738476092191263,2.565660474716202,False,True,True,True,True,True,True,True,True,False,,True,22,10,5
Eryth,overall,50,0.5,0.02,4000,75,1000,1984,153,153,151,153,0.0460921831164363,0.2365435190823441,0.0853113175094599,8.097222222222221,2.3135534915720672,False,True,True,True,True,True,True,True,True,False,,True,22,9,5
Eryth,overall,50,0.5,0.02,4000,100,100,197,112,112,72,102,0.0995550777867359,0.041428957946815,0.0158462033462033,0.3402509652509652,1.3152348777348777,False,True,True,True,True,True,True,True,True,False,,True,19,1,1
Eryth,overall,50,0.5,0.02,4000,100,250,500,146,146,117,142,0.0940107944712155,0.0834092035119294,0.0236183278223901,1.470288143599433,2.5555503070382617,False,True,True,True,True,True,True,True,True,False,,True,21,4,2
Eryth,overall,50,0.5,0.02,4000,100,500,1000,158,158,141,156,0.079475011984944,0.1449632447873474,0.0403128275417237,3.522776747561074,2.603644279609772,False,True,True,True,True,True,True,True,True,False,,True,22,9,4
Eryth,overall,50,0.5,0.02,4000,100,1000,2000,158,158,156,158,0.0402877796877169,0.2221907754950505,0.0806256550834475,8.034265903410466,2.354793195194711,False,True,True,True,True,True,True,True,True,False,,True,22,13,7
Eryth,overall,50,0.5,0.03,2000,10,100,196,35,35,32,33,0.0353618421052631,0.456593447831838,0.1647058823529411,3.1596638655462184,1.6781512605042015,False,True,True,False,False,False,True,True,False,False,,False,10,4,2
Eryth,overall,50,0.5,0.03,2000,10,250,224,35,35,34,33,0.0227465986394557,0.461849485469565,0.188235294117647,3.860504201680672,1.926890756302521,False,True,True,False,False,False,True,True,False,False,,False,10,4,2
Eryth,overall,50,0.5,0.03,2000,10,500,225,36,36,35,34,0.0284478834774692,0.4673667382000715,0.1785714285714285,3.669047619047619,1.9626984126984128,False,True,True,False,False,False,True,True,False,False,,False,11,4,2
Eryth,overall,50,0.5,0.03,2000,10,1000,224,34,34,33,32,0.0322797212948178,0.4458089872449733,0.1996434937611408,4.084670231729056,1.819073083778966,False,True,True,False,True,False,True,True,False,False,,False,11,4,2
Eryth,overall,50,0.5,0.03,2000,25,100,200,73,73,54,72,0.0754323948996339,0.2014583097983581,0.0380517503805175,1.2465753424657535,2.308599695585997,False,True,True,True,False,True,True,True,False,False,,True,16,4,2
Eryth,overall,50,0.5,0.03,2000,25,250,500,73,73,70,73,0.0474147798814129,0.3602317926267423,0.0951293759512937,3.8706240487062407,2.289193302891933,False,True,True,True,False,True,True,True,False,False,,True,16,9,4
Eryth,overall,50,0.5,0.03,2000,25,500,651,74,74,74,73,0.0325793223005652,0.3968510071907826,0.1205109218807849,5.160866345797853,2.247871158830063,False,True,True,True,False,True,True,True,False,False,,True,15,12,5
Eryth,overall,50,0.5,0.03,2000,25,1000,640,74,74,74,73,0.0384579130926571,0.386493688260362,0.1184746390225842,5.101443909663088,2.2550907071455017,False,True,True,True,False,True,True,True,False,False,,True,16,11,5
Eryth,overall,50,0.5,0.03,2000,50,100,199,101,101,71,92,0.0512468399862676,0.0961656879973711,0.0197029702970297,0.6403960396039604,2.303465346534653,False,True,True,True,True,True,True,True,True,False,,True,20,3,1
Eryth,overall,50,0.5,0.03,2000,50,250,500,122,122,101,120,0.0649710284392211,0.2098244017490674,0.0338707492209727,1.868175044031974,2.5579867226663056,False,True,True,True,True,True,True,True,True,False,,True,20,8,4
Eryth,overall,50,0.5,0.03,2000,50,500,954,123,123,119,122,0.0390844420595866,0.2584080790430491,0.0635745701719312,4.212848194055711,2.5640410502465683,False,True,True,True,True,True,True,True,True,False,,True,19,13,7
Eryth,overall,50,0.5,0.03,2000,50,1000,1141,129,129,129,127,0.0381999773653236,0.2511880178834157,0.0691012596899224,4.896317829457364,2.584907945736434,False,True,True,True,True,True,True,True,True,False,,True,19,13,7
Eryth,overall,50,0.5,0.03,2000,75,100,199,106,106,72,96,0.0895655782182642,0.07373784496426,0.0178796046720575,0.4908355795148248,1.896765498652291,False,True,True,True,True,True,True,True,True,False,,False,19,3,1
Eryth,overall,50,0.5,0.03,2000,75,250,500,136,136,110,134,0.0804647552958363,0.1535423453428889,0.0272331154684095,1.5584967320261438,2.5757080610021785,False,True,True,True,True,True,True,True,True,False,,True,19,8,4
Eryth,overall,50,0.5,0.03,2000,75,500,999,142,142,138,140,0.0461544130491745,0.2267972467807562,0.0498951153730896,3.639596443911697,2.792628109080012,False,True,True,True,True,True,True,True,True,False,,True,19,11,6
Eryth,overall,50,0.5,0.03,2000,75,1000,1261,142,142,142,141,0.036199496469766,0.2394410845831582,0.0629807212066726,4.933173509139946,2.636050344620917,False,True,True,True,True,True,True,True,True,False,,True,19,13,7
Eryth,overall,50,0.5,0.03,2000,100,100,199,110,110,74,101,0.0660715957679223,0.0854973309518764,0.0165971643035863,0.4912427022518765,2.004086738949124,False,True,True,True,True,True,True,True,True,False,,True,21,3,1
Eryth,overall,50,0.5,0.03,2000,100,250,500,139,139,112,136,0.0907587887225896,0.1313724089360202,0.026066103638828,1.5160045876342405,2.3751433635700137,False,True,True,True,True,True,True,True,True,False,,True,20,8,4
Eryth,overall,50,0.5,0.03,2000,100,500,1000,148,148,142,146,0.0611586471050921,0.2198710356652059,0.0459643316786173,3.471318257032543,2.7932064717779004,False,True,True,True,True,True,True,True,True,False,,True,20,11,6
Eryth,overall,50,0.5,0.03,2000,100,1000,1326,149,149,149,147,0.0476766419396896,0.2218416911143696,0.0601306003990567,4.968075458008344,2.640576818429168,False,True,True,True,True,True,True,True,True,False,,True,20,13,7
Eryth,overall,50,0.5,0.03,3000,10,100,200,34,34,33,33,0.0486226621769645,0.4330742627432666,0.17825311942959,3.877896613190731,2.0231729055258465,False,True,True,False,True,False,True,True,False,False,,False,11,4,2
Eryth,overall,50,0.5,0.03,3000,10,250,290,34,34,34,33,0.0150851733700298,0.4919655247074423,0.2584670231729055,5.953654188948307,1.8119429590017824,False,True,True,False,True,False,True,True,False,False,,False,11,5,3
Eryth,overall,50,0.5,0.03,3000,10,500,292,34,34,34,33,0.0138016528925619,0.4894101888476083,0.2602495543672014,6.021390374331551,1.8083778966131907,False,True,True,False,True,False,True,True,False,False,,False,11,5,3
Eryth,overall,50,0.5,0.03,3000,10,1000,297,34,34,34,34,0.0248245490558829,0.4791004226352979,0.2647058823529412,6.290552584670232,1.8823529411764703,False,True,True,False,True,False,True,True,False,False,,False,12,5,3
Eryth,overall,50,0.5,0.03,3000,25,100,200,71,71,57,69,0.1131831091414125,0.1374753066136661,0.0402414486921529,1.2694164989939638,2.5969818913480887,False,True,True,True,True,True,True,True,False,False,,True,16,6,3
Eryth,overall,50,0.5,0.03,3000,25,250,500,75,75,68,75,0.0878312601406165,0.2621672793860679,0.09009009009009,3.90036036036036,2.0648648648648646,False,True,True,True,True,True,True,True,False,False,,True,16,9,5
Eryth,overall,50,0.5,0.03,3000,25,500,896,77,77,77,77,0.0434843316024634,0.36965375761365,0.1531100478468899,7.65293916609706,2.1161995898838004,False,True,True,True,True,True,True,True,False,False,,True,16,12,7
Eryth,overall,50,0.5,0.03,3000,25,1000,953,75,75,75,75,0.0400493421052631,0.3947684306461298,0.1717117117117117,8.46990990990991,2.0625225225225226,False,True,True,True,True,True,True,True,False,False,,True,16,13,7
Eryth,overall,50,0.5,0.03,3000,50,100,200,106,106,71,98,0.1100062707157574,0.0722916496501402,0.017969451931716,0.4398921832884097,1.780503144654088,False,True,True,True,True,True,True,True,True,False,,True,19,2,1
Eryth,overall,50,0.5,0.03,3000,50,250,500,127,127,104,126,0.098568354026046,0.1438921378347745,0.0312460942382202,1.860329958755156,2.6357330333708284,False,True,True,True,True,True,True,True,True,False,,True,21,7,4
Eryth,overall,50,0.5,0.03,3000,50,500,1000,130,130,118,130,0.0741886091820987,0.2106606547480063,0.0596302921884317,4.349731663685152,2.394752534287418,False,True,True,True,True,True,True,True,True,False,,True,21,9,5
Eryth,overall,50,0.5,0.03,3000,50,1000,1810,129,129,129,129,0.0354155031401419,0.2875318412020358,0.1096172480620155,9.135840600775191,2.2092417635658914,False,True,True,True,True,True,True,True,True,False,,True,21,14,8
Eryth,overall,50,0.5,0.03,3000,75,100,199,111,111,73,99,0.1339544327988295,0.0482750482750482,0.0162981162981162,0.4,1.6246519246519249,False,True,True,True,True,True,True,True,True,False,,True,19,3,1
Eryth,overall,50,0.5,0.03,3000,75,250,500,142,142,109,140,0.1291604595379371,0.1422028605960076,0.0249725302167615,1.5311157726500848,2.612176605733693,False,True,True,True,True,True,True,True,True,False,,True,21,6,3
Eryth,overall,50,0.5,0.03,3000,75,500,1000,150,150,134,150,0.0988566303341469,0.179584004895064,0.0447427293064877,3.625503355704698,2.565592841163311,False,True,True,True,True,True,True,True,True,False,,True,21,9,5
Eryth,overall,50,0.5,0.03,3000,75,1000,1965,149,149,148,149,0.0456137326823777,0.2461977750021463,0.0891075639397787,8.404589152911301,2.300698349356068,False,True,True,True,True,True,True,True,True,False,,True,21,14,8
Eryth,overall,50,0.5,0.03,3000,100,100,199,115,115,72,102,0.1410828213610586,0.0389281732759993,0.0151792524790236,0.3475209763539283,1.5988558352402746,False,True,True,True,True,True,True,True,True,False,,True,21,3,1
Eryth,overall,50,0.5,0.03,3000,100,250,500,151,151,110,146,0.1201009973488196,0.138170267004426,0.0220750551876379,1.297439293598234,2.3093598233995585,False,True,True,True,True,True,True,True,True,False,,True,22,6,3
Eryth,overall,50,0.5,0.03,3000,100,500,1000,157,157,139,157,0.0974281166053128,0.1707951661570809,0.0408296586640535,3.375877837661277,2.5584272415482605,False,True,True,True,True,True,True,True,True,False,,True,22,9,5
Eryth,overall,50,0.5,0.03,3000,100,1000,1988,156,156,155,155,0.0449424529284974,0.2261233639901559,0.0822167080231596,7.994913151364765,2.3326302729528536,False,True,True,True,True,True,True,True,True,False,,True,22,13,7
Eryth,overall,50,0.5,0.03,4000,10,100,200,35,35,33,35,0.0297903571831834,0.4031351981351981,0.1680672268907563,3.7865546218487394,2.089075630252101,False,True,True,False,True,False,True,True,False,False,,False,10,4,3
Eryth,overall,50,0.5,0.03,4000,10,250,344,35,35,35,35,-0.0026974288337924,0.5001063989415623,0.2890756302521008,7.169747899159664,1.8495798319327728,False,True,True,False,True,False,True,True,False,False,,False,10,5,4
Eryth,overall,50,0.5,0.03,4000,10,500,345,35,35,35,35,-0.0035457458170167,0.5025359777511577,0.2899159663865546,7.163865546218488,1.8495798319327728,False,True,True,False,True,False,True,True,False,False,,False,10,5,4
Eryth,overall,50,0.5,0.03,4000,10,1000,342,35,35,35,35,-0.0011597011200657,0.4970121436956042,0.2873949579831932,7.0890756302521005,1.854621848739496,False,True,True,False,True,False,True,True,False,False,,False,10,5,4
Eryth,overall,50,0.5,0.03,4000,25,100,200,74,74,54,71,0.0854054054054054,0.1168892867422279,0.0370233246945575,1.1110699740836727,2.1314328026656795,False,True,True,True,True,True,True,True,False,False,,True,16,7,4
Eryth,overall,50,0.5,0.03,4000,25,250,500,77,77,72,77,0.0883953970569332,0.2579476723763502,0.0854408749145591,4.004955570745045,2.349453178400547,False,True,True,True,True,True,True,True,False,False,,True,16,10,6
Eryth,overall,50,0.5,0.03,4000,25,500,1000,77,77,76,76,0.045299097464417,0.392274384797463,0.1708817498291182,8.886192754613807,1.9502734107997264,False,True,True,True,True,True,True,True,False,False,,True,16,12,7
Eryth,overall,50,0.5,0.03,4000,25,1000,1246,77,77,77,76,0.0281332089196022,0.4381253241128531,0.2129186602870813,11.291182501708818,1.8716678058783325,False,True,True,True,True,True,True,True,False,False,,True,16,15,9
Eryth,overall,50,0.5,0.03,4000,50,100,200,110,110,68,102,0.1226943864565758,0.0609670127851946,0.0166805671392827,0.3591326105087573,1.1924937447873227,False,True,True,True,True,True,True,True,True,False,,True,21,3,1
Eryth,overall,50,0.5,0.03,4000,50,250,500,127,127,104,126,0.1221108502008577,0.1403794130742985,0.0312460942382202,1.9110111236095488,2.727034120734908,False,True,True,True,True,True,True,True,True,False,,True,21,10,6
Eryth,overall,50,0.5,0.03,4000,50,500,1000,129,129,123,129,0.0808164883075703,0.2060448218700251,0.0605620155038759,4.558805717054264,2.5612281976744184,False,True,True,True,True,True,True,True,True,False,,True,21,10,6
Eryth,overall,50,0.5,0.03,4000,50,1000,2000,129,129,129,129,0.0450691127028613,0.2953802870644744,0.1211240310077519,10.415394864341083,2.1423207364341086,False,True,True,True,True,True,True,True,True,False,,True,21,16,8
Eryth,overall,50,0.5,0.03,4000,75,100,200,121,121,74,110,0.0893648660241929,0.0432483494466965,0.0137741046831955,0.2552341597796143,0.9538567493112948,False,True,True,True,True,True,True,True,True,False,,True,21,3,1
Eryth,overall,50,0.5,0.03,4000,75,250,499,143,143,109,140,0.1023098893756381,0.1114540470536015,0.024574017531764,1.4373091697035358,2.485324534620309,False,True,True,True,True,True,True,True,True,False,,True,22,10,6
Eryth,overall,50,0.5,0.03,4000,75,500,1000,151,151,139,151,0.0980407086259494,0.1756975235319272,0.0441501103752759,3.755099337748344,2.6885209713024283,False,True,True,True,True,True,True,True,True,False,,True,22,12,6
Eryth,overall,50,0.5,0.03,4000,75,1000,2000,152,152,151,152,0.053824195941123,0.2405732907580875,0.0871383757406761,8.441443011502265,2.316486580690136,False,True,True,True,True,True,True,True,True,False,,True,22,14,7
Eryth,overall,50,0.5,0.03,4000,100,100,199,123,123,73,110,0.1108076078159325,0.0686591186591186,0.0132613621218179,0.23557243769159,0.9218312674930028,False,True,True,True,True,True,True,True,True,False,,True,21,3,1
Eryth,overall,50,0.5,0.03,4000,100,250,500,152,152,114,149,0.121137160098199,0.1018951015687622,0.021784593935169,1.3162251655629138,2.401577204600906,False,True,True,True,True,True,True,True,True,False,,True,22,10,6
Eryth,overall,50,0.5,0.03,4000,100,500,1000,158,158,143,158,0.1015202683379747,0.155552037080338,0.0403128275417237,3.450616786261389,2.7063210513585423,False,True,True,True,True,True,True,True,True,False,,True,22,10,6
Eryth,overall,50,0.5,0.03,4000,100,1000,2000,159,159,157,159,0.0631757862835523,0.2256920813328154,0.0796114959000079,7.965607833771196,2.3658944351564366,False,True,True,True,True,True,True,True,True,False,,True,22,14,7
Eryth,overall,50,0.75,0.005,2000,10,100,194,34,34,34,30,-0.0072653061224489,0.3764521138223561,0.1729055258467023,3.413547237076649,1.9598930481283423,False,True,True,True,False,True,True,True,True,False,,False,12,5,3
Eryth,overall,50,0.75,0.005,2000,10,250,206,34,34,34,30,-0.0110153396639882,0.3917266124878583,0.1836007130124777,3.620320855614973,1.9224598930481285,False,True,True,True,False,True,True,True,True,False,,False,12,6,4
Eryth,overall,50,0.75,0.005,2000,10,500,212,35,35,35,31,0.0330435528611055,0.3574541618880407,0.1781512605042017,3.7025210084033615,1.909243697478992,False,True,True,True,False,True,True,True,True,False,,False,13,6,5
Eryth,overall,50,0.75,0.005,2000,10,1000,207,34,34,34,30,-0.0119667013527575,0.3951322610492162,0.1844919786096256,3.627450980392157,1.9197860962566844,False,True,True,True,False,True,True,True,True,False,,False,12,6,4
Eryth,overall,50,0.75,0.005,2000,25,100,200,68,68,56,66,0.0411942554799697,0.1014969555626995,0.0438981562774363,1.3518437225636524,2.367647058823529,False,True,True,True,True,True,True,True,True,False,,False,17,4,3
Eryth,overall,50,0.75,0.005,2000,25,250,500,70,70,68,67,0.0238657446449654,0.28903392924149,0.10351966873706,3.948654244306418,2.320289855072464,False,True,True,True,True,True,True,True,True,False,,False,16,7,5
Eryth,overall,50,0.75,0.005,2000,25,500,588,70,70,69,67,0.0186733489145362,0.3207057188353547,0.1217391304347826,4.748654244306418,2.259213250517598,False,True,True,True,True,True,True,True,True,False,,False,16,7,5
Eryth,overall,50,0.75,0.005,2000,25,1000,599,69,69,69,67,0.02204206356316,0.325007572171964,0.1276641091219096,5.15004262574595,2.31074168797954,False,True,True,True,True,True,True,True,True,False,,False,16,7,5
Eryth,overall,50,0.75,0.005,2000,50,100,196,95,95,68,89,0.0330006577254139,0.0574047005625952,0.0219484882418813,0.774468085106383,2.699104143337066,False,True,True,True,True,True,True,True,True,False,,False,19,3,2
Eryth,overall,50,0.75,0.005,2000,50,250,500,116,116,95,111,0.0535249389543234,0.1599523615423501,0.0374812593703148,1.864467766116941,2.3298350824587706,False,True,True,True,True,True,True,True,True,False,,False,20,5,3
Eryth,overall,50,0.75,0.005,2000,50,500,997,118,118,117,113,0.0193028992750665,0.2351394324298639,0.07221497899464,4.547515572939302,2.5315080399826164,False,True,True,True,True,True,True,True,True,False,,False,20,7,5
Eryth,overall,50,0.75,0.005,2000,50,1000,1159,118,118,118,113,0.0107702584042011,0.264068993572205,0.0839490076778212,5.282920469361147,2.444661741271911,False,True,True,True,True,True,True,True,True,False,,False,20,7,5
Eryth,overall,50,0.75,0.005,2000,75,100,196,107,107,78,95,0.035180055401662,0.0681688508791312,0.0172809028390054,0.63401516487392,2.3371539411038618,False,True,True,True,True,True,True,True,True,False,,False,20,2,2
Eryth,overall,50,0.75,0.005,2000,75,250,499,134,134,107,130,0.050511195532291,0.1373018338793598,0.0279991022331949,1.5942655145326,2.7271350016833127,False,True,True,True,True,True,True,True,True,False,,False,21,5,3
Eryth,overall,50,0.75,0.005,2000,75,500,954,138,138,130,133,0.0300757043397853,0.1900755995791393,0.0504601713741669,3.487464297048556,2.5748439648788746,False,True,True,True,True,True,True,True,True,False,,True,22,6,4
Eryth,overall,50,0.75,0.005,2000,75,1000,1491,139,139,139,134,0.010223388671875,0.254859779613562,0.0777291210509853,5.839797727035763,2.493952663955792,False,True,True,True,True,True,True,True,True,False,,True,22,8,6
Eryth,overall,50,0.75,0.005,2000,100,100,190,101,101,70,90,0.0373445236082599,0.059050795189409,0.0188118811881188,0.6745544554455446,2.497425742574257,False,True,True,True,True,True,True,True,True,False,,False,19,3,2
Eryth,overall,50,0.75,0.005,2000,100,250,479,134,134,108,127,0.0407254253308129,0.1424961175350482,0.0268768937268544,1.5097632140051622,2.696386488609584,False,True,True,True,True,True,True,True,True,False,,False,20,5,3
Eryth,overall,50,0.75,0.005,2000,100,500,950,138,138,129,133,0.0292930094592784,0.1917280557591515,0.0502485983285729,3.4094996297471702,2.561567756267852,False,True,True,True,True,True,True,True,True,False,,True,22,6,4
Eryth,overall,50,0.75,0.005,2000,100,1000,1488,140,140,140,135,0.0207019984159796,0.2469052128821573,0.076464542651593,5.785560123329907,2.516649537512847,False,True,True,True,True,True,True,True,True,False,,True,22,8,6
Eryth,overall,50,0.75,0.005,3000,10,100,200,34,34,34,29,-0.0057561728395061,0.368475915664497,0.17825311942959,3.554367201426025,1.8092691622103387,False,True,True,True,False,True,True,True,True,False,,False,12,4,3
Eryth,overall,50,0.75,0.005,3000,10,250,252,34,34,34,29,-0.0126988276458404,0.4930877532386523,0.2245989304812834,4.373440285204991,1.6497326203208555,False,True,True,True,False,True,True,True,True,False,,False,12,6,4
Eryth,overall,50,0.75,0.005,3000,10,500,251,34,34,34,29,-0.0160802694586478,0.4923285966745422,0.2237076648841354,4.35650623885918,1.6515151515151516,False,True,True,True,False,True,True,True,True,False,,False,12,6,4
Eryth,overall,50,0.75,0.005,3000,10,1000,251,34,34,34,29,-0.0160802694586478,0.4923285966745422,0.2237076648841354,4.35650623885918,1.6515151515151516,False,True,True,True,False,True,True,True,True,False,,False,12,6,4
Eryth,overall,50,0.75,0.005,3000,25,100,200,69,69,55,66,0.0494321329639889,0.1169205995292952,0.0426257459505541,1.2738704177323104,2.298380221653879,False,True,True,True,True,True,True,True,True,False,,False,17,4,3
Eryth,overall,50,0.75,0.005,3000,25,250,500,70,70,67,67,0.0052272237481028,0.321025855937035,0.10351966873706,4.041821946169772,2.256935817805383,False,True,True,True,True,True,True,True,True,False,,False,17,7,5
Eryth,overall,50,0.75,0.005,3000,25,500,763,70,70,69,67,-0.0083852334934585,0.4017360795823457,0.1579710144927536,6.321946169772256,2.055072463768116,False,True,True,True,True,True,True,True,True,False,,False,17,8,6
Eryth,overall,50,0.75,0.005,3000,25,1000,766,71,71,70,68,-0.0066214955409096,0.4015853380196653,0.1541247484909456,6.056941649899397,2.0517102615694167,False,True,True,True,True,True,True,True,True,False,,False,17,8,6
Eryth,overall,50,0.75,0.005,3000,50,100,200,104,104,71,96,0.0193696475073156,0.0447401957017341,0.0186706497386109,0.5537714712471994,1.7050970873786409,False,True,True,True,True,True,True,True,True,False,,False,20,2,2
Eryth,overall,50,0.75,0.005,3000,50,250,500,114,114,96,110,-0.0040374818368025,0.1783516401587473,0.0388138487812451,2.0662940537183667,2.674507064120478,False,True,True,True,True,True,True,True,True,False,,False,20,6,4
Eryth,overall,50,0.75,0.005,3000,50,500,1000,115,115,107,114,-0.0026124688558551,0.2587253868804652,0.07627765064836,4.737528604118993,2.3905415713196034,False,True,True,True,True,True,True,True,True,False,,True,21,8,6
Eryth,overall,50,0.75,0.005,3000,50,1000,1584,117,117,117,115,-0.0142006026296566,0.3451389335793244,0.1167108753315649,7.6923076923076925,2.272251694665488,False,True,True,True,True,True,True,True,True,False,,True,21,10,8
Eryth,overall,50,0.75,0.005,3000,75,100,198,117,117,80,100,0.030582421086194,0.0358240524907191,0.0145888594164456,0.4420866489832007,1.6364574123194813,False,True,True,True,True,True,True,True,True,False,,False,20,2,2
Eryth,overall,50,0.75,0.005,3000,75,250,484,138,138,107,133,0.0078706399680864,0.12242203088885,0.0256003385168729,1.4916957579604355,2.990426319686872,False,True,True,True,True,True,True,True,True,False,,False,21,5,4
Eryth,overall,50,0.75,0.005,3000,75,500,946,138,138,123,136,0.0048817382585141,0.1839438330453451,0.0500370252829789,3.515286152544166,2.5742092457420926,False,True,True,True,True,True,True,True,True,False,,True,22,7,5
Eryth,overall,50,0.75,0.005,3000,75,1000,1887,138,138,137,137,-0.0115390715366702,0.3143262199542733,0.0998095842589654,7.556860256003385,2.37395535808738,False,True,True,True,True,True,True,True,True,False,,True,22,9,7
Eryth,overall,50,0.75,0.005,3000,100,100,198,112,112,77,97,0.0234903047091412,0.0587745587745587,0.0159266409266409,0.5390926640926641,2.014157014157014,False,True,True,True,True,True,True,True,True,False,,False,20,3,3
Eryth,overall,50,0.75,0.005,3000,100,250,480,136,136,105,132,0.0212670675330855,0.1236471940777022,0.0261437908496732,1.4838235294117648,2.6866557734204792,False,True,True,True,True,True,True,True,True,False,,False,21,4,3
Eryth,overall,50,0.75,0.005,3000,100,500,964,141,141,128,139,0.0075086346634524,0.1873251722047922,0.0488348530901722,3.379584599797366,2.692654508611956,False,True,True,True,True,True,True,True,True,False,,True,22,8,6
Eryth,overall,50,0.75,0.005,3000,100,1000,1929,141,141,140,140,-0.0022422287915434,0.307555101672209,0.0977203647416413,7.540222897669706,2.383434650455927,False,True,True,True,True,True,True,True,True,False,,True,22,9,7
Eryth,overall,50,0.75,0.005,4000,10,100,200,34,34,34,29,-0.0021461936624163,0.3900348278262138,0.17825311942959,3.426916221033868,1.8270944741532973,False,True,True,True,False,True,True,True,True,False,,False,12,4,3
Eryth,overall,50,0.75,0.005,4000,10,250,276,34,34,34,29,-0.027619356601325,0.5744297745448639,0.2459893048128342,4.648841354723707,1.606951871657754,False,True,True,True,False,True,True,True,True,False,,False,12,6,4
Eryth,overall,50,0.75,0.005,4000,10,500,302,35,35,35,31,-0.0093443903611561,0.5924389043023931,0.253781512605042,5.083193277310924,1.6394957983193277,False,True,True,True,False,True,True,True,True,False,,False,13,6,4
Eryth,overall,50,0.75,0.005,4000,10,1000,276,34,34,34,29,-0.027619356601325,0.5744297745448639,0.2459893048128342,4.648841354723707,1.606951871657754,False,True,True,True,False,True,True,True,True,False,,False,12,6,4
Eryth,overall,50,0.75,0.005,4000,25,100,200,70,70,57,66,0.033495702807872,0.0979617208188636,0.041407867494824,1.194616977225673,2.2304347826086954,False,True,True,True,True,True,True,True,True,False,,False,17,4,3
Eryth,overall,50,0.75,0.005,4000,25,250,500,71,71,66,68,0.0161562481372283,0.279480774558395,0.1006036217303823,3.8372233400402416,2.205432595573441,False,True,True,True,True,True,True,True,True,False,,False,17,8,6
Eryth,overall,50,0.75,0.005,4000,25,500,818,71,71,70,68,-0.0045824386836193,0.4381286579127158,0.1645875251509054,6.420120724346076,2.002414486921529,False,True,True,True,True,True,True,True,True,False,,False,17,8,6
Eryth,overall,50,0.75,0.005,4000,25,1000,814,70,70,69,67,-0.0093488398638361,0.4454810653953579,0.1685300207039337,6.557349896480331,2.0217391304347827,False,True,True,True,True,True,True,True,True,False,,False,17,8,6
Eryth,overall,50,0.75,0.005,4000,50,100,200,103,103,74,93,0.023087868130688,0.0653877025950127,0.0190367409099562,0.6678088711212641,2.1554349895297924,False,True,True,True,True,True,True,True,True,False,,False,20,3,3
Eryth,overall,50,0.75,0.005,4000,50,250,500,117,117,99,114,0.0026473779072531,0.128677823593153,0.0368405540819333,2.037208959622753,2.7887562628941938,False,True,True,True,True,True,True,True,True,False,,False,20,5,3
Eryth,overall,50,0.75,0.005,4000,50,500,1000,118,118,108,116,-0.0054303819054276,0.2432311386448387,0.0724322758221063,4.488772997247573,2.355135448355788,False,True,True,True,True,True,True,True,True,False,,False,20,7,5
Eryth,overall,50,0.75,0.005,4000,50,1000,1785,118,118,118,117,-0.013589766824504,0.3910331440390009,0.1292916123424598,8.594017094017094,2.2353324641460235,False,True,True,True,True,True,True,True,True,False,,False,20,8,6
Eryth,overall,50,0.75,0.005,4000,75,100,194,111,111,78,96,0.0118510810498323,0.0761825261825261,0.0158886158886158,0.5544635544635544,2.1085176085176087,False,True,True,True,True,True,True,True,True,False,,False,19,3,3
Eryth,overall,50,0.75,0.005,4000,75,250,485,137,137,113,132,0.0153127690553143,0.1239438818317417,0.0260304851867754,1.420781451266638,2.817410905968227,False,True,True,True,True,True,True,True,True,False,,False,21,4,3
Eryth,overall,50,0.75,0.005,4000,75,500,944,139,139,122,136,-0.0043045808280882,0.2089878958292154,0.0492128036701073,3.44395787717652,2.5618809300385776,False,True,True,True,True,True,True,True,True,False,,True,22,6,4
Eryth,overall,50,0.75,0.005,4000,75,1000,1887,139,139,137,138,-0.0149190345072268,0.3220704431107131,0.0983734751329371,7.464237305807527,2.330257533103952,False,True,True,True,True,True,True,True,True,False,,True,22,9,7
Eryth,overall,50,0.75,0.005,4000,100,100,200,118,118,84,100,0.0109719908371511,0.0544635684466192,0.0144864551644212,0.4748660002897291,1.8945386064030127,False,True,True,True,True,True,True,True,True,False,,False,21,2,2
Eryth,overall,50,0.75,0.005,4000,100,250,485,138,138,112,133,0.0096893721178682,0.1300431835718304,0.0256532317782714,1.3865968475616206,2.7968369829683697,False,True,True,True,True,True,True,True,True,False,,True,22,4,3
Eryth,overall,50,0.75,0.005,4000,100,500,963,141,141,128,139,-0.0047857543009543,0.1697807422353142,0.0487841945288753,3.40775075987842,2.7243667679837893,False,True,True,True,True,True,True,True,True,False,,True,22,8,6
Eryth,overall,50,0.75,0.005,4000,100,1000,1930,141,141,139,140,-0.0076832597675402,0.3169105804536623,0.0977710233029382,7.452330293819656,2.3244174265450863,False,True,True,True,True,True,True,True,True,False,,True,22,8,6
Eryth,overall,50,0.75,0.01,2000,10,100,200,36,36,35,32,0.0554729818998546,0.3357024229831247,0.1587301587301587,3.346031746031746,1.946031746031746,False,True,True,True,True,True,True,True,False,False,,False,14,7,5
Eryth,overall,50,0.75,0.01,2000,10,250,244,36,36,36,32,0.0320522899305945,0.3941051454660845,0.1936507936507936,4.284920634920635,1.8198412698412696,False,True,True,True,True,True,True,True,False,False,,False,14,7,5
Eryth,overall,50,0.75,0.01,2000,10,500,243,36,36,36,32,0.0336507936507936,0.3930251173930223,0.1928571428571428,4.253174603174603,1.825396825396825,False,True,True,True,True,True,True,True,False,False,,False,14,7,5
Eryth,overall,50,0.75,0.01,2000,10,1000,219,35,35,35,30,0.0206182618891017,0.3740898317368906,0.1840336134453781,3.842857142857143,1.757983193277311,False,True,True,True,True,True,True,True,False,False,,False,13,7,5
Eryth,overall,50,0.75,0.01,2000,25,100,200,69,69,56,64,0.024649665446282,0.1797425601773428,0.0426257459505541,1.3241687979539642,2.597399829497016,False,True,True,True,True,True,True,True,True,False,,False,15,3,3
Eryth,overall,50,0.75,0.01,2000,25,250,500,71,71,69,67,0.0249604938271604,0.2744260950102637,0.1006036217303823,4.112474849094568,2.1595573440643863,False,True,True,True,True,True,True,True,True,False,,False,15,7,5
Eryth,overall,50,0.75,0.01,2000,25,500,631,70,70,70,65,0.0129283253128938,0.3162850283003986,0.1306418219461697,5.598136645962733,2.087370600414079,False,True,True,True,True,True,True,True,True,False,,False,15,7,5
Eryth,overall,50,0.75,0.01,2000,25,1000,632,70,70,70,66,0.007612731844439,0.3223685719324333,0.1308488612836439,5.552380952380952,2.1619047619047618,False,True,True,True,True,True,True,True,True,False,,False,16,8,5
Eryth,overall,50,0.75,0.01,2000,50,100,197,96,96,66,93,0.0362931534446445,0.0725487764550264,0.0216008771929824,0.7595394736842105,2.847916666666667,False,True,True,True,True,True,True,True,True,False,,False,18,3,3
Eryth,overall,50,0.75,0.01,2000,50,250,498,119,119,102,116,0.0693050157490467,0.1412837199343294,0.0354650334710155,1.9624697336561745,2.77980344680245,False,True,True,True,True,True,True,True,True,False,,False,19,5,4
Eryth,overall,50,0.75,0.01,2000,50,500,990,123,123,119,121,0.0358494654032339,0.2164376774778115,0.0659736105557776,4.486072237771558,2.519125683060109,False,True,True,True,True,True,True,True,True,False,,True,20,10,5
Eryth,overall,50,0.75,0.01,2000,50,1000,1362,122,122,122,120,0.0183448231009365,0.2729859494431398,0.0922639208779298,6.693063270559545,2.395813575396288,False,True,True,True,True,True,True,True,True,False,,True,20,10,5
Eryth,overall,50,0.75,0.01,2000,75,100,199,113,113,75,104,0.0815603919294283,0.0697901901441724,0.0157237673830594,0.4717920353982301,1.9577275600505688,False,True,True,True,True,True,True,True,True,False,,False,21,3,3
Eryth,overall,50,0.75,0.01,2000,75,250,499,138,138,115,135,0.0802150283553875,0.1290441292361645,0.0263937374378504,1.500211573045594,2.571564582672168,False,True,True,True,True,True,True,True,True,False,,True,22,6,5
Eryth,overall,50,0.75,0.01,2000,75,500,988,145,145,134,143,0.0543957717459464,0.1840426839153111,0.0473180076628352,3.55205938697318,2.6330459770114945,False,True,True,True,True,True,True,True,True,False,,True,22,8,5
Eryth,overall,50,0.75,0.01,2000,75,1000,1743,145,145,145,144,0.0170658203124999,0.2494144936654437,0.0834770114942528,7.256848659003832,2.427921455938697,False,True,True,True,True,True,True,True,True,False,,True,22,10,5
Eryth,overall,50,0.75,0.01,2000,100,100,196,111,111,70,105,0.0891513997690458,0.0314520814520814,0.016052416052416,0.5534807534807534,2.425143325143325,False,True,True,True,True,True,True,True,True,False,,False,19,3,3
Eryth,overall,50,0.75,0.01,2000,100,250,495,141,141,117,135,0.0915907685388204,0.115643653201785,0.0250759878419452,1.4549645390070922,2.524721377912867,False,True,True,True,True,True,True,True,True,False,,True,22,5,4
Eryth,overall,50,0.75,0.01,2000,100,500,988,148,148,137,147,0.0489929087419381,0.1755869019454186,0.0454127596984739,3.475225225225225,2.711849604706748,False,True,True,True,True,True,True,True,True,False,,True,22,8,5
Eryth,overall,50,0.75,0.01,2000,100,1000,1812,149,149,149,148,0.0131416912503296,0.2438579962029404,0.0821694177398875,7.255305641211682,2.4455831670596773,False,True,True,True,True,True,True,True,True,False,,True,22,10,5
Eryth,overall,50,0.75,0.01,3000,10,100,200,34,34,33,31,0.046961141367904,0.3447232073962177,0.17825311942959,3.598930481283422,1.8083778966131907,False,True,True,True,True,True,True,True,True,False,,False,13,6,5
Eryth,overall,50,0.75,0.01,3000,10,250,272,34,34,34,32,0.0035972606955986,0.4515820659237159,0.2424242424242424,5.275401069518717,1.8288770053475936,False,True,True,True,True,True,True,True,True,False,,False,14,7,5
Eryth,overall,50,0.75,0.01,3000,10,500,271,34,34,34,32,0.0035972606955986,0.4515820659237159,0.2415329768270945,5.245989304812834,1.8315508021390368,False,True,True,True,True,True,True,True,True,False,,False,14,7,5
Eryth,overall,50,0.75,0.01,3000,10,1000,273,34,34,34,32,0.0035972606955986,0.4515820659237159,0.2433155080213903,5.309269162210339,1.8262032085561497,False,True,True,True,True,True,True,True,True,False,,False,14,7,5
Eryth,overall,50,0.75,0.01,3000,25,100,200,70,70,56,69,0.0779344282091535,0.1151360544217686,0.041407867494824,1.2575569358178054,2.497929606625259,False,True,True,True,True,True,True,True,True,False,,False,17,4,4
Eryth,overall,50,0.75,0.01,3000,25,250,500,70,70,66,69,0.0261176186450911,0.2846632109917785,0.10351966873706,4.289648033126294,2.2627329192546584,False,True,True,True,True,True,True,True,True,False,,False,17,7,5
Eryth,overall,50,0.75,0.01,3000,25,500,861,71,71,70,70,0.0061350867788444,0.4075435104621956,0.1732394366197183,7.814889336016097,2.0207243460764586,False,True,True,True,True,True,True,True,True,False,,False,17,8,5
Eryth,overall,50,0.75,0.01,3000,25,1000,834,70,70,69,69,0.0030111412225233,0.4096990261642861,0.1726708074534161,7.643271221532091,2.0204968944099377,False,True,True,True,True,True,True,True,True,False,,False,17,8,5
Eryth,overall,50,0.75,0.01,3000,50,100,200,105,105,71,94,0.0737324581258487,0.0809180237751666,0.0183150183150183,0.5387362637362637,1.970787545787546,False,True,True,True,True,True,True,True,True,False,,True,19,2,2
Eryth,overall,50,0.75,0.01,3000,50,250,500,121,121,104,119,0.0429363205337231,0.1348578302097734,0.0344352617079889,2.021694214876033,2.613911845730028,False,True,True,True,True,True,True,True,True,False,,True,21,5,4
Eryth,overall,50,0.75,0.01,3000,50,500,1000,125,125,116,125,0.0375496187072887,0.2098471660661255,0.064516129032258,4.486129032258065,2.4970322580645163,False,True,True,True,True,True,True,True,True,False,,True,21,7,5
Eryth,overall,50,0.75,0.01,3000,50,1000,1818,125,125,125,125,0.0225273146164944,0.3198383014442046,0.1172903225806451,8.89283870967742,2.270451612903226,False,True,True,True,True,True,True,True,True,False,,True,21,10,5
Eryth,overall,50,0.75,0.01,3000,75,100,198,113,113,78,99,0.0806162562145912,0.0669175956786576,0.0156447534766118,0.4395543615676359,1.9990518331226297,False,True,True,True,True,True,True,True,True,False,,True,21,2,2
Eryth,overall,50,0.75,0.01,3000,75,250,493,143,143,110,140,0.059484877126654,0.0921080554034287,0.0242785383630454,1.4704028366000197,2.5555500837190976,False,True,True,True,True,True,True,True,True,False,,True,22,3,2
Eryth,overall,50,0.75,0.01,3000,75,500,988,147,147,140,147,0.0606615047479912,0.1705178030926772,0.0460348522970832,3.595331283198211,2.8560711956015283,False,True,True,True,True,True,True,True,True,False,,True,22,6,5
Eryth,overall,50,0.75,0.01,3000,75,1000,1982,147,147,147,147,0.0214885307277982,0.2702507306411879,0.0923492684745131,8.022085546547386,2.3829093281148075,False,True,True,True,True,True,True,True,True,False,,True,22,11,6
Eryth,overall,50,0.75,0.01,3000,100,100,194,108,108,77,96,0.0696926699673952,0.073258377425044,0.0167878158532364,0.458030460366909,1.9915195569401176,False,True,True,True,True,True,True,True,True,False,,True,20,2,2
Eryth,overall,50,0.75,0.01,3000,100,250,494,145,145,113,141,0.0730352802877282,0.0858798503135003,0.0236590038314176,1.413266283524904,2.34588122605364,False,True,True,True,True,True,True,True,True,False,,True,22,4,4
Eryth,overall,50,0.75,0.01,3000,100,500,988,149,149,143,149,0.0772083277330328,0.179509962478006,0.0448031924541991,3.5901505532378017,2.8203791039361508,False,True,True,True,True,True,True,True,True,False,,True,22,5,5
Eryth,overall,50,0.75,0.01,3000,100,1000,1971,150,150,149,150,0.0242218722059187,0.2615543879985478,0.0881879194630872,7.923131991051454,2.374854586129754,False,True,True,True,True,True,True,True,True,False,,True,22,11,6
Eryth,overall,50,0.75,0.01,4000,10,100,200,37,37,34,37,0.0433077221074379,0.2694170694170693,0.1501501501501501,3.515765765765766,2.1373873873873874,False,True,True,True,True,True,True,True,True,False,,False,16,6,5
Eryth,overall,50,0.75,0.01,4000,10,250,358,37,37,37,37,0.0007422358921782,0.5272462511559294,0.2687687687687687,6.484984984984985,1.961711711711712,False,True,True,True,True,True,True,True,True,False,,False,16,7,5
Eryth,overall,50,0.75,0.01,4000,10,500,356,37,37,37,37,0.0022669234764542,0.524011789879336,0.2672672672672673,6.472972972972973,1.963963963963964,False,True,True,True,True,True,True,True,True,False,,False,16,7,5
Eryth,overall,50,0.75,0.01,4000,10,1000,357,37,37,37,37,0.0015694705724267,0.5258240539442586,0.268018018018018,6.474474474474475,1.963963963963964,False,True,True,True,True,True,True,True,True,False,,False,16,7,5
Eryth,overall,50,0.75,0.01,4000,25,100,200,69,69,53,69,0.0699039971017993,0.1250216771955902,0.0426257459505541,1.3358908780903669,2.3787297527706737,False,True,True,True,True,True,True,True,True,False,,False,17,5,5
Eryth,overall,50,0.75,0.01,4000,25,250,500,71,71,67,71,0.0292397660818713,0.2687335763069568,0.1006036217303823,4.355533199195171,2.303420523138833,False,True,True,True,True,True,True,True,True,False,,False,17,7,5
Eryth,overall,50,0.75,0.01,4000,25,500,947,71,71,70,71,0.008032171201814,0.4543008344226173,0.190543259557344,8.585513078470825,1.987927565392354,False,True,True,True,True,True,True,True,True,False,,False,17,8,5
Eryth,overall,50,0.75,0.01,4000,25,1000,1002,71,71,71,71,0.0048662668344806,0.4717212643223717,0.2016096579476861,9.276861167002012,2.0028169014084507,False,True,True,True,True,True,True,True,True,False,,False,17,8,5
Eryth,overall,50,0.75,0.01,4000,50,100,200,105,105,76,93,0.039972299168975,0.0787542087542087,0.0183150183150183,0.6266483516483516,2.231776556776557,False,True,True,True,True,True,True,True,True,False,,True,20,2,2
Eryth,overall,50,0.75,0.01,4000,50,250,500,123,123,101,121,0.0459495764984831,0.1125009511135569,0.0333200053312008,1.9764094362255096,2.5020658403305345,False,True,True,True,True,True,True,True,True,False,,True,21,5,5
Eryth,overall,50,0.75,0.01,4000,50,500,1000,124,124,119,124,0.0254465683655989,0.2202469406710533,0.06556517178075,4.677484920010491,2.582284290584841,False,True,True,True,True,True,True,True,True,False,,True,21,7,5
Eryth,overall,50,0.75,0.01,4000,50,1000,2000,124,124,123,124,0.0097365804225345,0.3447159034666141,0.1311303435615001,10.106215578284814,2.145882507212169,False,True,True,True,True,True,True,True,True,False,,True,21,10,5
Eryth,overall,50,0.75,0.01,4000,75,100,195,115,115,84,99,0.0227433837429111,0.0175010979358805,0.0148741418764302,0.4536231884057971,2.0829138062547674,False,True,True,True,True,True,True,True,True,False,,False,20,2,2
Eryth,overall,50,0.75,0.01,4000,75,250,494,140,140,113,136,0.0577534122934664,0.0934853976555656,0.0253854059609455,1.6076567317574513,2.5384892086330937,False,True,True,True,True,True,True,True,True,False,,True,22,5,5
Eryth,overall,50,0.75,0.01,4000,75,500,981,146,146,137,146,0.0601305260396169,0.1770953496901269,0.0463391591875295,3.755455833726972,2.78181388757676,False,True,True,True,True,True,True,True,True,False,,True,22,7,5
Eryth,overall,50,0.75,0.01,4000,75,1000,1972,145,145,145,145,0.028234663376444,0.2700412417338813,0.0944444444444444,8.38764367816092,2.3598180076628354,False,True,True,True,True,True,True,True,True,False,,True,22,10,6
Eryth,overall,50,0.75,0.01,4000,100,100,195,115,115,82,98,0.0522717311906501,0.0536853002070393,0.0148741418764302,0.4299008390541571,1.825247902364607,False,True,True,True,True,True,True,True,True,False,,False,20,2,2
Eryth,overall,50,0.75,0.01,4000,100,250,495,144,144,115,140,0.0652411109242093,0.0831421242944075,0.0240384615384615,1.5463286713286712,2.6241744366744366,False,True,True,True,True,True,True,True,True,False,,True,22,5,5
Eryth,overall,50,0.75,0.01,4000,100,500,984,149,149,136,149,0.0503838594057115,0.1664461147453332,0.0446218030110647,3.5954108470886994,2.6891438418284057,False,True,True,True,True,True,True,True,True,False,,True,22,6,5
Eryth,overall,50,0.75,0.01,4000,100,1000,1973,150,150,150,150,0.0314986086994427,0.2599366122709196,0.0882774049217002,8.016868008948546,2.403982102908277,False,True,True,True,True,True,True,True,True,False,,True,22,10,6
Eryth,overall,50,0.75,0.02,2000,10,100,195,35,35,33,35,0.0237838046371667,0.4289268969764324,0.1638655462184874,3.46890756302521,2.0840336134453783,False,True,True,True,True,False,True,True,False,False,,False,13,9,4
Eryth,overall,50,0.75,0.02,2000,10,250,235,35,35,35,32,0.0322394848771266,0.4902305659265834,0.1974789915966386,4.189075630252101,1.853781512605042,False,True,True,True,True,False,True,True,False,False,,False,13,11,7
Eryth,overall,50,0.75,0.02,2000,10,500,237,35,35,35,34,-0.0001819657904314,0.437623507260836,0.1991596638655462,4.375630252100841,2.007563025210084,False,True,True,True,True,False,True,True,False,False,,False,13,9,4
Eryth,overall,50,0.75,0.02,2000,10,1000,235,35,35,35,32,0.0322394848771266,0.4902305659265835,0.1974789915966386,4.189075630252101,1.853781512605042,False,True,True,True,True,False,True,True,False,False,,False,13,11,7
Eryth,overall,50,0.75,0.02,2000,25,100,200,72,72,58,70,0.0758559345838144,0.1602081038968293,0.0391236306729264,1.2488262910798122,2.829225352112676,False,True,True,True,True,True,True,True,False,False,,True,17,5,3
Eryth,overall,50,0.75,0.02,2000,25,250,500,74,74,72,74,0.050631254287345,0.2887445423604321,0.0925583117363939,4.16401332839689,2.4452054794520546,False,True,True,True,True,True,True,True,False,False,,True,17,9,4
Eryth,overall,50,0.75,0.02,2000,25,500,659,74,74,73,74,0.0365640943877551,0.3445025287850619,0.1219918548685672,5.631988152536097,2.25897815623843,False,True,True,True,True,True,True,True,False,False,,True,17,12,5
Eryth,overall,50,0.75,0.02,2000,25,1000,659,74,74,73,74,0.0385809948979591,0.3392077947338112,0.1219918548685672,5.648648648648648,2.244724176231025,False,True,True,True,True,True,True,True,False,False,,True,17,12,5
Eryth,overall,50,0.75,0.02,2000,50,100,199,101,101,72,95,0.0443348298676748,0.0315010072435815,0.0197029702970297,0.6867326732673268,2.456930693069307,False,True,True,True,True,True,True,True,True,False,,True,18,2,2
Eryth,overall,50,0.75,0.02,2000,50,250,500,121,121,101,119,0.0746763158816669,0.1668278378825301,0.0344352617079889,1.887603305785124,2.472933884297521,False,True,True,True,True,True,True,True,True,False,,True,20,8,5
Eryth,overall,50,0.75,0.02,2000,50,500,973,123,123,119,120,0.0510597820097423,0.2267957324833862,0.0648407303745168,4.492069838731174,2.5027322404371586,False,True,True,True,True,True,True,True,True,False,,True,20,11,4
Eryth,overall,50,0.75,0.02,2000,50,1000,1176,125,125,125,123,0.0408719226560147,0.2587520671185761,0.0758709677419354,5.463483870967742,2.501161290322581,False,True,True,True,True,True,True,True,True,False,,True,20,14,8
Eryth,overall,50,0.75,0.02,2000,75,100,199,109,109,75,101,0.0530814077714355,0.0425090709494379,0.0169045191980971,0.5711858647638464,2.229952429493714,False,True,True,True,True,True,True,True,True,False,,True,19,2,2
Eryth,overall,50,0.75,0.02,2000,75,250,500,137,137,111,134,0.0856074074074074,0.147367479321539,0.0268355517389437,1.7092099613568057,2.859274366680979,False,True,True,True,True,True,True,True,True,False,,True,21,5,3
Eryth,overall,50,0.75,0.02,2000,75,500,1000,141,141,136,137,0.057979421790178,0.1861353878745578,0.0506585612968591,3.9290273556231,2.647365754812564,False,True,True,True,True,True,True,True,True,False,,True,22,10,4
Eryth,overall,50,0.75,0.02,2000,75,1000,1391,144,144,144,142,0.0283520833333333,0.2254166184885426,0.067550505050505,5.615675990675991,2.5437062937062938,False,True,True,True,True,True,True,True,True,False,,True,21,14,8
Eryth,overall,50,0.75,0.02,2000,100,100,198,106,106,69,99,0.0654005805062264,0.0544004737400963,0.0177897574123989,0.5964061096136568,2.6733153638814016,False,True,True,True,True,True,True,True,True,False,,False,19,3,2
Eryth,overall,50,0.75,0.02,2000,100,250,499,143,143,114,137,0.0582924178617865,0.1318078161711644,0.024574017531764,1.5326996946715257,2.614104205653501,False,True,True,True,True,True,True,True,True,False,,True,21,5,3
Eryth,overall,50,0.75,0.02,2000,100,500,991,145,145,137,142,0.0536538031855469,0.1809825044393409,0.0474616858237547,3.730890804597701,2.6101053639846743,False,True,True,True,True,True,True,True,True,False,,True,22,10,4
Eryth,overall,50,0.75,0.02,2000,100,1000,1464,145,145,145,142,0.0261393609439631,0.2237210071243786,0.0701149425287356,6.0231800766283525,2.4603448275862068,False,True,True,True,True,True,True,True,True,False,,True,22,12,5
Eryth,overall,50,0.75,0.02,3000,10,100,200,35,35,34,34,0.0399978486141489,0.349718530768951,0.1680672268907563,3.79747899159664,1.9865546218487395,False,True,True,True,True,False,True,True,False,False,,True,13,9,6
Eryth,overall,50,0.75,0.02,3000,10,250,308,35,35,35,34,0.0373437499999999,0.4901807701365419,0.2588235294117647,6.071428571428571,1.8369747899159663,False,True,True,True,True,False,True,True,False,False,,True,13,14,10
Eryth,overall,50,0.75,0.02,3000,10,500,327,35,35,35,35,-3.100006200014872e-05,0.4795583177449607,0.2747899159663866,6.900840336134454,1.850420168067227,False,True,True,True,True,False,True,True,False,False,,True,14,12,5
Eryth,overall,50,0.75,0.02,3000,10,1000,327,35,35,35,35,0.0009920479932509,0.4808632735390807,0.2747899159663866,6.9,1.84873949579832,False,True,True,True,True,False,True,True,False,False,,True,14,12,5
Eryth,overall,50,0.75,0.02,3000,25,100,199,72,72,56,71,0.1054909026465028,0.1445070656467716,0.0389280125195618,1.2662363067292646,2.689749608763693,False,True,True,True,True,True,True,True,True,False,,True,18,4,3
Eryth,overall,50,0.75,0.02,3000,25,250,500,77,77,69,76,0.0765936004031242,0.2613312979653964,0.0854408749145591,3.831681476418319,2.219412166780588,False,True,True,True,True,True,True,True,False,False,,True,17,9,6
Eryth,overall,50,0.75,0.02,3000,25,500,892,77,77,77,76,0.040181215797873,0.3436217113793026,0.1524265208475734,7.809637730690362,2.066302118933698,False,True,True,True,True,True,True,True,False,False,,True,17,16,10
Eryth,overall,50,0.75,0.02,3000,25,1000,946,77,77,77,76,0.0365357696509049,0.3563666319147802,0.1616541353383458,8.3433014354067,2.026828434723172,False,True,True,True,True,True,True,True,False,False,,True,17,16,10
Eryth,overall,50,0.75,0.02,3000,50,100,199,104,104,69,97,0.0869913053978987,0.0306551495889731,0.0185772964899178,0.6997759522031367,2.7473861090365945,False,True,True,True,True,True,True,True,True,False,,True,19,3,2
Eryth,overall,50,0.75,0.02,3000,50,250,500,127,127,103,124,0.0537493595851548,0.1238208660905254,0.0312460942382202,1.8559555055618049,2.5071241094863144,False,True,True,True,True,True,True,True,True,False,,True,20,6,4
Eryth,overall,50,0.75,0.02,3000,50,500,1000,125,125,121,124,0.06463468263774,0.2024164013151348,0.064516129032258,4.81883870967742,2.5793548387096776,False,True,True,True,True,True,True,True,True,False,,True,21,12,6
Eryth,overall,50,0.75,0.02,3000,50,1000,1864,128,128,128,127,0.0299433574418332,0.2772121982158654,0.1146653543307086,9.448449803149606,2.175196850393701,False,True,True,True,True,True,True,True,True,False,,True,20,15,11
Eryth,overall,50,0.75,0.02,3000,75,100,196,112,112,68,105,0.0765743147448015,0.0274294653758939,0.0157657657657657,0.3283462033462033,1.223938223938224,False,True,True,True,True,True,True,True,True,False,,True,20,3,2
Eryth,overall,50,0.75,0.02,3000,75,250,500,139,139,110,138,0.1003641498216409,0.1119716839684378,0.026066103638828,1.5942028985507246,2.614065269523512,False,True,True,True,True,True,True,True,True,False,,True,21,7,4
Eryth,overall,50,0.75,0.02,3000,75,500,996,147,147,139,145,0.0622185566606625,0.1691013021175879,0.0464076041375454,3.709160376479359,2.667318982387476,False,True,True,True,True,True,True,True,True,False,,True,22,11,5
Eryth,overall,50,0.75,0.02,3000,75,1000,2000,148,148,148,148,0.0365228506501704,0.2409765559253867,0.0919286633572347,8.693877551020408,2.303732303732304,False,True,True,True,True,True,True,True,True,False,,True,22,14,7
Eryth,overall,50,0.75,0.02,3000,100,100,198,119,119,73,108,0.0670307987074266,0.0243897559023609,0.0141005554764278,0.2640649480131035,1.066229881783222,False,True,True,True,True,True,True,True,True,False,,True,20,3,2
Eryth,overall,50,0.75,0.02,3000,100,250,500,144,144,113,143,0.086590357266736,0.121833275927619,0.0242812742812742,1.4795066045066043,2.589257964257964,False,True,True,True,True,True,True,True,True,False,,True,22,7,4
Eryth,overall,50,0.75,0.02,3000,100,500,997,151,151,140,149,0.069283801354577,0.1577032407979987,0.0440176600441501,3.626843267108168,2.652980132450331,False,True,True,True,True,True,True,True,True,False,,True,22,12,6
Eryth,overall,50,0.75,0.02,3000,100,1000,1986,151,151,151,151,0.0365777550113265,0.2289871898785399,0.087682119205298,8.402560706401767,2.345298013245033,False,True,True,True,True,True,True,True,True,False,,True,22,13,7
Eryth,overall,50,0.75,0.02,4000,10,100,200,37,37,33,37,0.049348025711662,0.3266958266958266,0.1501501501501501,3.4264264264264264,2.058558558558558,False,True,True,True,True,False,True,True,True,False,,True,15,8,3
Eryth,overall,50,0.75,0.02,4000,10,250,421,37,37,37,37,-0.0098155859607376,0.5328695373903342,0.3160660660660661,8.32957957957958,1.792042042042042,False,True,True,True,True,False,True,True,True,False,,True,15,12,5
Eryth,overall,50,0.75,0.02,4000,10,500,419,37,37,37,37,-0.0087131619556626,0.5293556520686686,0.3145645645645645,8.265015015015015,1.795045045045045,False,True,True,True,True,False,True,True,True,False,,True,15,12,5
Eryth,overall,50,0.75,0.02,4000,10,1000,419,37,37,37,37,-0.0087131619556626,0.527202481071777,0.3145645645645645,8.254504504504505,1.7965465465465464,False,True,True,True,True,False,True,True,True,False,,True,15,12,5
Eryth,overall,50,0.75,0.02,4000,25,100,197,71,71,57,69,0.091419675834071,0.1482658255856267,0.0396378269617706,1.2050301810865192,2.7130784708249496,False,True,True,True,True,True,True,True,True,False,,False,16,2,1
Eryth,overall,50,0.75,0.02,4000,25,250,500,76,76,75,76,0.0604996768207501,0.2419226069640076,0.087719298245614,4.275087719298246,2.546140350877193,False,True,True,True,True,True,True,True,True,False,,True,17,7,3
Eryth,overall,50,0.75,0.02,4000,25,500,1000,76,76,76,76,0.0102455544999803,0.3718931238822317,0.175438596491228,9.264561403508772,2.0180701754385963,False,True,True,True,True,True,True,True,True,False,,True,17,11,6
Eryth,overall,50,0.75,0.02,4000,25,1000,1320,76,76,76,76,0.0096024793388429,0.4583506229957893,0.231578947368421,12.410175438596491,1.86859649122807,False,True,True,True,True,True,True,True,True,False,,True,17,13,7
Eryth,overall,50,0.75,0.02,4000,50,100,199,108,108,67,98,0.081945889698231,0.0376225686683203,0.0172204915195569,0.4458290065766701,2.0710453444098302,False,True,True,True,True,True,True,True,True,False,,True,19,5,4
Eryth,overall,50,0.75,0.02,4000,50,250,500,123,123,104,119,0.0746521376312367,0.1214411254502984,0.0333200053312008,2.026056244168999,2.586898573903772,False,True,True,True,True,True,True,True,True,False,,True,20,7,3
Eryth,overall,50,0.75,0.02,4000,50,500,1000,132,132,126,131,0.0580752794751422,0.1717253326193999,0.0578302105019662,4.405910247513301,2.49352301642378,False,True,True,True,True,True,True,True,True,False,,True,21,9,5
Eryth,overall,50,0.75,0.02,4000,50,1000,2000,130,130,130,129,0.0277182109660829,0.3035901034197937,0.1192605843768634,10.149731663685152,2.1304114490161004,False,True,True,True,True,True,True,True,True,False,,True,20,13,8
Eryth,overall,50,0.75,0.02,4000,75,100,196,110,110,71,100,0.0472692525904028,0.0471297389479207,0.016346955796497,0.4353628023352794,1.6269391159299416,False,True,True,True,True,True,True,True,True,False,,False,21,2,1
Eryth,overall,50,0.75,0.02,4000,75,250,500,143,143,111,138,0.0941698993647045,0.0978567175437642,0.0246232640598837,1.4317443120260025,2.5104895104895104,False,True,True,True,True,True,True,True,True,False,,True,21,6,4
Eryth,overall,50,0.75,0.02,4000,75,500,1000,150,150,140,149,0.0722966402826293,0.1423927240086969,0.0447427293064877,3.754586129753915,2.728814317673378,False,True,True,True,True,True,True,True,True,False,,True,22,8,5
Eryth,overall,50,0.75,0.02,4000,75,1000,2000,149,149,147,149,0.0432986348692961,0.24625446188369,0.0906947215672047,8.47632867767096,2.280609468528932,False,True,True,True,True,True,True,True,True,False,,True,21,12,7
Eryth,overall,50,0.75,0.02,4000,100,100,196,111,111,71,101,0.0585376162299239,0.0537731037731037,0.016052416052416,0.3695331695331695,1.321048321048321,False,True,True,True,True,True,True,True,True,False,,False,21,2,1
Eryth,overall,50,0.75,0.02,4000,100,250,500,148,148,116,143,0.1057950839991609,0.0898633548687391,0.0229821658393086,1.4211711711711712,2.4195624195624195,False,True,True,True,True,True,True,True,True,False,,True,22,5,3
Eryth,overall,50,0.75,0.02,4000,100,500,1000,152,152,139,151,0.0759539910638811,0.1398098183465207,0.043569187870338,3.6355437434646216,2.5962007668177067,False,True,True,True,True,True,True,True,True,False,,True,22,8,4
Eryth,overall,50,0.75,0.02,4000,100,1000,2000,152,152,152,152,0.033829642346699,0.2361913433929855,0.0871383757406761,8.349337748344372,2.376394214011851,False,True,True,True,True,True,True,True,True,False,,True,22,14,9
Eryth,overall,50,0.75,0.03,2000,10,100,182,33,33,31,32,0.0761782606508726,0.4707646251341719,0.1723484848484848,3.428977272727273,1.9573863636363635,False,True,True,False,True,False,True,True,False,False,,False,12,5,2
Eryth,overall,50,0.75,0.03,2000,10,250,211,33,33,32,32,0.0540102619497704,0.4621011320772087,0.199810606060606,4.056818181818182,1.9166666666666667,False,True,True,False,True,False,True,True,False,False,,False,12,5,2
Eryth,overall,50,0.75,0.03,2000,10,500,203,33,33,32,32,0.0462428980306719,0.4235373832263785,0.1922348484848484,3.680871212121212,1.9630681818181817,False,True,True,False,True,False,True,True,False,False,,False,12,5,2
Eryth,overall,50,0.75,0.03,2000,10,1000,200,33,33,32,32,0.0381555555555555,0.4275401985928302,0.1893939393939394,3.6306818181818175,1.9668560606060608,False,True,True,False,True,False,True,True,False,False,,False,12,5,2
Eryth,overall,50,0.75,0.03,2000,25,100,200,72,72,52,68,0.0492834115356379,0.1716184505400191,0.0391236306729264,1.1641236306729263,2.1862284820031297,False,True,True,True,True,True,True,True,False,False,,True,17,6,3
Eryth,overall,50,0.75,0.03,2000,25,250,500,73,73,70,73,0.0479555750739644,0.3028366704418607,0.0951293759512937,3.904109589041096,2.344939117199391,False,True,True,True,True,True,True,True,False,False,,True,17,12,6
Eryth,overall,50,0.75,0.03,2000,25,500,668,75,75,75,75,0.0468104012562362,0.3469885599208286,0.1203603603603603,5.383963963963964,2.29981981981982,False,True,True,True,True,True,True,True,False,False,,True,17,14,8
Eryth,overall,50,0.75,0.03,2000,25,1000,672,75,75,75,75,0.0458799764329602,0.3529566768442962,0.121081081081081,5.427387387387388,2.291711711711712,False,True,True,True,True,True,True,True,False,False,,True,17,14,8
Eryth,overall,50,0.75,0.03,2000,50,100,200,103,103,71,94,0.0700508723198402,0.0565842463900716,0.0190367409099562,0.5951837045497811,2.0944222349133828,False,True,True,True,True,True,True,True,True,False,,False,19,2,1
Eryth,overall,50,0.75,0.03,2000,50,250,499,123,123,106,121,0.072249946326367,0.1439034779635799,0.0332533653205384,1.960349193655871,2.828068772491004,False,True,True,True,True,True,True,True,True,False,,True,21,8,4
Eryth,overall,50,0.75,0.03,2000,50,500,962,127,127,124,126,0.0489662930123029,0.232105305506614,0.0601174853143357,4.184726909136358,2.630671166104237,False,True,True,True,True,True,True,True,True,False,,True,21,12,7
Eryth,overall,50,0.75,0.03,2000,50,1000,1157,124,124,124,124,0.0332198691602634,0.2713241315298292,0.0758589037503278,5.332480986100183,2.5731051665355364,False,True,True,True,True,True,True,True,True,False,,True,21,13,6
Eryth,overall,50,0.75,0.03,2000,75,100,200,109,109,75,96,0.0939114152892562,0.0626465532428835,0.0169894665307509,0.600747536527353,2.5700815494393474,False,True,True,True,True,True,True,True,True,False,,True,21,6,3
Eryth,overall,50,0.75,0.03,2000,75,250,500,138,138,113,134,0.0985510984568528,0.1219925762615622,0.0264466306992489,1.673701470432667,2.7650481328678724,False,True,True,True,True,True,True,True,True,False,,True,22,5,1
Eryth,overall,50,0.75,0.03,2000,75,500,1000,143,143,140,140,0.0677688581314878,0.2045152288187528,0.0492465281197675,3.7613513247316064,2.740273810696346,False,True,True,True,True,True,True,True,True,False,,True,22,11,6
Eryth,overall,50,0.75,0.03,2000,75,1000,1344,143,143,143,143,0.0437094736642139,0.2368906938420784,0.0661873337929676,5.3644735546144,2.6154831084408547,False,True,True,True,True,True,True,True,True,False,,True,22,13,6
Eryth,overall,50,0.75,0.03,2000,100,100,198,109,109,73,98,0.0906185433884297,0.0673368680249414,0.0168195718654434,0.5947162759089365,2.314984709480122,False,True,True,True,False,True,True,True,True,False,,True,20,5,3
Eryth,overall,50,0.75,0.03,2000,100,250,497,133,133,110,130,0.1001084469258669,0.1478227067148159,0.0283094098883572,1.643939393939394,2.5426065162907268,False,True,True,True,True,True,True,True,True,False,,True,22,8,4
Eryth,overall,50,0.75,0.03,2000,100,500,992,146,146,143,143,0.0727089387626483,0.199738243076998,0.0468587623996221,3.643457723193198,2.7960321209258385,False,True,True,True,True,True,True,True,True,False,,True,22,12,6
Eryth,overall,50,0.75,0.03,2000,100,1000,1373,149,149,149,148,0.0534313261039659,0.2167893824494078,0.062261926355886,5.312307273716669,2.616905496100127,False,True,True,True,True,True,True,True,True,False,,True,22,14,8
Eryth,overall,50,0.75,0.03,3000,10,100,200,35,35,33,35,0.043273604683359,0.389859038204903,0.1680672268907563,3.715126050420168,2.0689075630252103,False,True,True,False,True,False,True,True,False,False,,True,12,4,2
Eryth,overall,50,0.75,0.03,3000,10,250,304,35,35,35,35,0.0274893749150963,0.4789667746377166,0.2554621848739495,6.180672268907563,1.8873949579831928,False,True,True,False,True,False,True,True,False,False,,True,12,5,3
Eryth,overall,50,0.75,0.03,3000,10,500,301,34,34,34,34,0.0369645234552431,0.4854600082832644,0.2682709447415329,6.421568627450981,1.8493761140819964,False,True,True,False,True,False,True,True,False,False,,False,11,5,3
Eryth,overall,50,0.75,0.03,3000,10,1000,305,35,35,35,35,0.0263446445060018,0.4783507457700293,0.2563025210084033,6.208403361344538,1.884873949579832,False,True,True,False,True,False,True,True,False,False,,True,12,5,3
Eryth,overall,50,0.75,0.03,3000,25,100,200,73,73,48,70,0.072483154974237,0.1575042517364074,0.0380517503805175,0.959855403348554,1.9288432267884323,False,True,True,True,True,True,True,True,False,False,,True,17,6,3
Eryth,overall,50,0.75,0.03,3000,25,250,500,77,77,67,76,0.0898167962267446,0.2823258485684605,0.0854408749145591,3.7074504442925496,2.022214627477785,False,True,True,True,True,True,True,True,False,False,,True,17,9,5
Eryth,overall,50,0.75,0.03,3000,25,500,877,76,76,76,75,0.0425250200891226,0.3717161986081191,0.153859649122807,7.455263157894737,2.0842105263157893,False,True,True,True,True,True,True,True,False,False,,True,16,14,8
Eryth,overall,50,0.75,0.03,3000,25,1000,952,77,77,77,76,0.0398926648430624,0.3808506881136962,0.1626794258373205,8.174812030075188,2.039131920710868,False,True,True,True,True,True,True,True,False,False,,True,17,15,8
Eryth,overall,50,0.75,0.03,3000,50,100,199,103,103,65,96,0.0874972691239349,0.132678244086011,0.0189415572054064,0.5011422044545973,1.7984009137635637,False,True,True,True,True,True,True,True,True,False,,True,19,4,2
Eryth,overall,50,0.75,0.03,3000,50,250,500,126,126,101,125,0.0877456700416307,0.1622344889111104,0.0317460317460317,1.8584761904761904,2.774031746031746,False,True,True,True,True,True,True,True,True,False,,True,21,7,3
Eryth,overall,50,0.75,0.03,3000,50,500,1000,128,128,118,128,0.0717299827194608,0.2039183594487266,0.061515748031496,4.434977854330708,2.4467273622047245,False,True,True,True,True,True,True,True,True,False,,True,21,9,5
Eryth,overall,50,0.75,0.03,3000,50,1000,1861,129,129,129,129,0.0369115000911078,0.2859178035106114,0.1127059108527131,9.355196220930232,2.206031976744186,False,True,True,True,True,True,True,True,True,False,,True,21,12,6
Eryth,overall,50,0.75,0.03,3000,75,100,200,112,112,68,97,0.107259100002986,0.0945934521827378,0.016087516087516,0.3086389961389961,1.1678732303732304,False,True,True,True,True,True,True,True,True,False,,True,21,4,2
Eryth,overall,50,0.75,0.03,3000,75,250,500,141,141,113,139,0.0879469449525857,0.1480313530978251,0.0253292806484295,1.5092198581560283,2.7321175278622087,False,True,True,True,True,True,True,True,True,False,,True,21,8,4
Eryth,overall,50,0.75,0.03,3000,75,500,1000,146,146,133,146,0.0873329269350189,0.1711473598873306,0.0472366556447803,3.739678790741616,2.6337269721303733,False,True,True,True,True,True,True,True,True,False,,True,21,9,4
Eryth,overall,50,0.75,0.03,3000,75,1000,2000,147,147,147,147,0.0343538062283736,0.2449651132472786,0.093187960115553,8.693970738980523,2.303979125896934,False,True,True,True,True,True,True,True,True,False,,True,21,14,7
Eryth,overall,50,0.75,0.03,3000,100,100,199,119,119,73,106,0.105324074074074,0.0380291510543611,0.0141717704030764,0.2924797037459051,1.3753738783649052,False,True,True,True,True,True,True,True,True,False,,True,22,2,1
Eryth,overall,50,0.75,0.03,3000,100,250,498,145,145,113,144,0.0952753278705614,0.1283156784747199,0.0238505747126436,1.4908045977011497,2.8692528735632186,False,True,True,True,True,True,True,True,True,False,,True,22,7,3
Eryth,overall,50,0.75,0.03,3000,100,500,992,151,151,135,151,0.0791932861759623,0.1672617992683476,0.0437969094922737,3.5498896247240617,2.6472847682119207,False,True,True,True,True,True,True,True,True,False,,True,22,9,4
Eryth,overall,50,0.75,0.03,3000,100,1000,2000,151,151,151,151,0.0405472123412125,0.2417099145861659,0.0883002207505518,8.416070640176601,2.328476821192053,False,True,True,True,True,True,True,True,True,False,,True,22,12,6
Eryth,overall,50,0.75,0.03,4000,10,100,200,34,34,33,34,0.0755051475928061,0.361742923550882,0.17825311942959,4.14349376114082,2.09982174688057,False,True,True,False,True,False,True,True,True,False,,True,13,5,3
Eryth,overall,50,0.75,0.03,4000,10,250,372,35,35,35,35,0.0213846880907372,0.5287650188056319,0.3126050420168067,7.861344537815126,1.7865546218487396,False,True,True,False,True,False,True,True,False,False,,True,13,6,4
Eryth,overall,50,0.75,0.03,4000,10,500,361,34,34,34,34,0.0193157429617472,0.5267366890462588,0.32174688057041,8.010695187165775,1.7549019607843137,False,True,True,False,True,False,True,True,True,False,,True,13,6,4
Eryth,overall,50,0.75,0.03,4000,10,1000,372,35,35,35,35,0.0236788986077325,0.5247992234952794,0.3126050420168067,7.86890756302521,1.7857142857142858,False,True,True,False,True,False,True,True,True,False,,True,13,6,4
Eryth,overall,50,0.75,0.03,4000,25,100,200,74,74,54,70,0.08303646902548,0.199055259349377,0.0370233246945575,1.0229544613106256,1.8950388744909288,False,True,True,True,True,True,True,True,True,False,,True,17,6,3
Eryth,overall,50,0.75,0.03,4000,25,250,500,76,76,71,75,0.1000107198672993,0.2667734258016738,0.087719298245614,3.924912280701754,2.314561403508772,False,True,True,True,True,True,True,True,False,False,,True,16,10,6
Eryth,overall,50,0.75,0.03,4000,25,500,1000,76,76,76,75,0.0327113009294086,0.3850063864013233,0.175438596491228,8.91421052631579,1.992280701754386,False,True,True,True,True,True,True,True,False,False,,True,16,13,8
Eryth,overall,50,0.75,0.03,4000,25,1000,1262,77,77,77,76,0.021808032810874,0.4359597467051613,0.2156527682843472,11.387047163362952,1.8653451811346549,False,True,True,True,True,True,True,True,False,False,,True,16,16,9
Eryth,overall,50,0.75,0.03,4000,50,100,200,107,107,71,99,0.1093919816447289,0.0777907740662001,0.0176335743255157,0.3600775877270322,1.2123964027508376,False,True,True,True,True,True,True,True,True,False,,True,21,5,3
Eryth,overall,50,0.75,0.03,4000,50,250,500,127,127,102,125,0.0878812945414676,0.1515721609235146,0.0312460942382202,1.7448443944506935,2.478002749656293,False,True,True,True,True,True,True,True,True,False,,True,21,8,4
Eryth,overall,50,0.75,0.03,4000,50,500,1000,129,129,121,129,0.06813608973958,0.2023880830219434,0.0605620155038759,4.587936046511628,2.5035731589147288,False,True,True,True,True,True,True,True,True,False,,True,21,10,6
Eryth,overall,50,0.75,0.03,4000,50,1000,2000,129,129,129,129,0.0325171142263237,0.291589085018534,0.1211240310077519,10.389777131782946,2.150496608527132,False,True,True,True,True,True,True,True,True,False,,True,21,17,8
Eryth,overall,50,0.75,0.03,4000,75,100,199,120,120,72,108,0.1163184806428049,0.0586686461686461,0.0139355742296918,0.2182072829131652,0.740546218487395,False,True,True,True,True,True,True,True,True,False,,True,22,2,1
Eryth,overall,50,0.75,0.03,4000,75,250,500,141,141,111,138,0.0918648045552477,0.1275709891071484,0.0253292806484295,1.5310536980749747,2.502684903748733,False,True,True,True,True,True,True,True,True,False,,True,22,8,4
Eryth,overall,50,0.75,0.03,4000,75,500,1000,148,148,134,148,0.0745727144816331,0.1914289797544387,0.0459643316786173,3.626126126126126,2.5664644236072807,False,True,True,True,True,True,True,True,True,False,,True,22,9,4
Eryth,overall,50,0.75,0.03,4000,75,1000,1982,150,150,149,150,0.0539380879823312,0.2352370938912716,0.0886800894854586,8.553288590604026,2.3071140939597314,False,True,True,True,True,True,True,True,True,False,,True,22,14,7
Eryth,overall,50,0.75,0.03,4000,100,100,198,119,119,75,107,0.1336493177152518,0.0480453719949518,0.0141005554764278,0.2691924227318046,0.9972938327873522,False,True,True,True,True,True,True,True,True,False,,True,22,2,1
Eryth,overall,50,0.75,0.03,4000,100,250,497,145,145,111,140,0.1003074913868299,0.1159570824854498,0.0238026819923371,1.3882183908045975,2.33022030651341,False,True,True,True,True,True,True,True,True,False,,True,22,8,4
Eryth,overall,50,0.75,0.03,4000,100,500,992,151,151,136,151,0.0801555961953869,0.1774472961138705,0.0437969094922737,3.552273730684327,2.6251655629139075,False,True,True,True,True,True,True,True,True,False,,True,22,9,4
Eryth,overall,50,0.75,0.03,4000,100,1000,1979,151,151,151,151,0.0600461889937222,0.2307164286801139,0.087373068432671,8.53514348785872,2.346269315673289,False,True,True,True,True,True,True,True,True,False,,True,22,13,7
Eryth,overall,50,0.9,0.005,2000,10,100,198,33,33,32,30,-0.0233022856387898,0.3972316404134586,0.1875,3.611742424242424,1.8901515151515151,False,True,True,False,False,True,True,True,True,False,,False,11,3,3
Eryth,overall,50,0.9,0.005,2000,10,250,201,33,33,33,30,-0.019933607839382,0.3933015340769353,0.1903409090909091,3.684659090909091,1.9545454545454544,False,True,True,False,False,True,True,True,True,False,,False,11,3,3
Eryth,overall,50,0.9,0.005,2000,10,500,201,33,33,33,30,-0.019933607839382,0.3933015340769353,0.1903409090909091,3.684659090909091,1.9545454545454544,False,True,True,False,False,True,True,True,True,False,,False,11,3,3
Eryth,overall,50,0.9,0.005,2000,10,1000,202,33,33,33,30,-0.015417876530741,0.3946531879686961,0.1912878787878787,3.699810606060606,1.9535984848484849,False,True,True,False,False,True,True,True,True,False,,False,11,3,3
Eryth,overall,50,0.9,0.005,2000,25,100,200,65,65,52,60,0.0231096080471731,0.1522728352592606,0.048076923076923,1.3319711538461538,2.148798076923077,False,True,True,False,True,True,True,True,True,False,,False,15,3,2
Eryth,overall,50,0.9,0.005,2000,25,250,500,71,71,71,64,0.0067438563327032,0.2861070856149358,0.1006036217303823,3.608048289738431,2.26841046277666,False,True,True,False,True,True,True,True,True,False,,False,15,4,3
Eryth,overall,50,0.9,0.005,2000,25,500,552,71,71,71,64,0.0053210303729334,0.3188634614020661,0.111066398390342,4.02092555331992,2.1832997987927567,False,True,True,False,True,True,True,True,True,False,,False,15,4,3
Eryth,overall,50,0.9,0.005,2000,25,1000,548,67,67,67,64,0.0177864920696054,0.3554637755741538,0.1239258254183627,4.637268204432384,2.3068747173224784,False,True,True,False,True,True,True,True,True,False,,False,16,4,3
Eryth,overall,50,0.9,0.005,2000,50,100,200,98,98,65,86,0.0502387152777777,0.1145107493546869,0.0210393435724805,0.6979802230170419,2.2872922364822217,False,True,True,False,True,True,True,True,True,False,,False,19,3,2
Eryth,overall,50,0.9,0.005,2000,50,250,500,111,111,95,106,0.0272496228837185,0.1818141099094773,0.0409500409500409,2.1355446355446355,2.712940212940213,False,True,True,False,True,True,True,True,True,False,,False,19,3,2
Eryth,overall,50,0.9,0.005,2000,50,500,973,114,114,112,110,0.0170778464570456,0.2646500316891186,0.075531749728303,4.412824095637324,2.555426176059618,False,True,True,False,True,True,True,True,True,False,,False,19,4,3
Eryth,overall,50,0.9,0.005,2000,50,1000,1096,114,114,114,110,0.0141442821945796,0.28941550761332,0.0850799565284893,5.148036019251669,2.4767893184288154,False,True,True,False,True,True,True,True,True,False,,False,19,4,3
Eryth,overall,50,0.9,0.005,2000,75,100,194,104,104,67,93,0.0420306793279766,0.0601186206955437,0.0181105302464525,0.5464899178491411,1.7835138162808066,False,True,True,False,True,True,True,True,True,False,,False,19,2,2
Eryth,overall,50,0.9,0.005,2000,75,250,451,124,124,103,116,0.0383368952578851,0.1118885042562902,0.0295698924731182,1.520456333595594,2.961972200367165,False,True,True,False,True,True,True,True,True,False,,False,19,4,3
Eryth,overall,50,0.9,0.005,2000,75,500,946,129,129,119,125,0.0302045719242332,0.2159327776215556,0.0572916666666666,3.610767926356589,2.593326065891473,False,True,True,False,True,True,True,True,True,False,,True,20,4,3
Eryth,overall,50,0.9,0.005,2000,75,1000,1289,128,128,126,123,0.027299505168709,0.2539863818206853,0.0792937992125984,5.1954970472440944,2.4985851377952755,False,True,True,False,True,True,True,True,True,False,,True,20,4,3
Eryth,overall,50,0.9,0.005,2000,100,100,199,105,105,66,94,0.0567491319444444,0.0769646491075062,0.0182234432234432,0.5425824175824175,2.1636446886446885,False,True,True,False,True,True,True,True,True,False,,False,19,2,2
Eryth,overall,50,0.9,0.005,2000,100,250,488,126,126,100,120,0.0522634676324128,0.1387100182199795,0.0309841269841269,1.6323174603174604,2.793079365079365,False,True,True,False,True,True,True,True,True,False,,False,19,3,2
Eryth,overall,50,0.9,0.005,2000,100,500,942,128,128,120,124,0.0355799627337132,0.2134857498862779,0.0579478346456692,3.66609251968504,2.647453248031496,False,True,True,False,True,True,True,True,True,False,,False,19,4,3
Eryth,overall,50,0.9,0.005,2000,100,1000,1278,128,128,126,125,0.0289467385738083,0.2679990249736954,0.0786171259842519,5.216658464566929,2.5289124015748032,False,True,True,False,True,True,True,True,True,False,,True,20,4,3
Eryth,overall,50,0.9,0.005,3000,10,100,200,33,33,31,30,-0.0577382489669421,0.4161725987577381,0.1893939393939394,3.5880681818181817,1.805871212121212,False,True,True,False,False,True,True,True,True,False,,False,11,3,3
Eryth,overall,50,0.9,0.005,3000,10,250,262,33,33,33,30,-0.0582778629509596,0.5686783004225093,0.2481060606060606,4.732007575757576,1.7613636363636365,False,True,True,False,False,True,True,True,True,False,,False,11,3,3
Eryth,overall,50,0.9,0.005,3000,10,500,262,33,33,33,30,-0.0582778629509596,0.5686783004225093,0.2481060606060606,4.732007575757576,1.7613636363636365,False,True,True,False,False,True,True,True,True,False,,False,11,3,3
Eryth,overall,50,0.9,0.005,3000,10,1000,262,33,33,33,30,-0.0582778629509596,0.5686783004225093,0.2481060606060606,4.732007575757576,1.7613636363636365,False,True,True,False,False,True,True,True,True,False,,False,11,3,3
Eryth,overall,50,0.9,0.005,3000,25,100,200,68,68,53,63,0.0086436170212765,0.140117725411843,0.0438981562774363,1.042581211589113,2.015144863915716,False,True,True,False,True,True,True,True,True,False,,False,15,3,2
Eryth,overall,50,0.9,0.005,3000,25,250,500,71,71,66,66,-0.0040004624812117,0.2985679694102136,0.1006036217303823,3.45251509054326,2.2380281690140844,False,True,True,False,True,True,True,True,True,False,,False,15,5,4
Eryth,overall,50,0.9,0.005,3000,25,500,727,71,71,70,66,-0.0226611796982167,0.4331229811669173,0.1462776659959758,5.258148893360161,2.0800804828973845,False,True,True,False,True,True,True,True,True,False,,False,15,5,4
Eryth,overall,50,0.9,0.005,3000,25,1000,727,71,71,70,66,-0.0226611796982167,0.4331229811669173,0.1462776659959758,5.258148893360161,2.0800804828973845,False,True,True,False,True,True,True,True,True,False,,False,15,5,4
Eryth,overall,50,0.9,0.005,3000,50,100,199,97,97,62,92,-0.0511080332409972,0.0899393847847456,0.0213702749140893,0.6272551546391752,1.8118556701030928,False,True,True,False,True,True,True,True,True,False,,False,19,2,2
Eryth,overall,50,0.9,0.005,3000,50,250,500,116,116,101,112,-0.0231555857637172,0.1339787314232173,0.0374812593703148,2.028335832083958,3.1098200899550226,False,True,True,False,True,True,True,True,True,False,,False,19,5,4
Eryth,overall,50,0.9,0.005,3000,50,500,1000,114,114,105,111,-0.0034929296207644,0.2876452811394292,0.0776276975624903,4.480515447911815,2.288076385654401,False,True,True,False,True,True,True,True,True,False,,False,18,4,3
Eryth,overall,50,0.9,0.005,3000,50,1000,1446,114,114,114,113,-0.0157314180739546,0.3830763471751824,0.1122496506753609,6.909408476944574,2.342027635460332,False,True,True,False,True,True,True,True,True,False,,False,18,5,4
Eryth,overall,50,0.9,0.005,3000,75,100,199,103,103,71,92,-0.0134711446487405,0.0709853253542573,0.0189415572054064,0.5348372358652199,1.5785265562535693,False,True,True,False,True,True,True,True,True,False,,False,19,2,2
Eryth,overall,50,0.9,0.005,3000,75,250,487,129,129,102,125,0.0155823077727415,0.1603392423930985,0.0294937015503875,1.496487403100775,2.525859980620155,False,True,True,False,True,True,True,True,True,False,,False,19,3,2
Eryth,overall,50,0.9,0.005,3000,75,500,968,130,130,122,129,-0.0040964207450693,0.21605987072924,0.0577221228384019,3.83726893261777,2.7927251043530115,False,True,True,False,True,True,True,True,True,False,,False,19,5,4
Eryth,overall,50,0.9,0.005,3000,75,1000,1846,131,131,131,130,-0.0102036467352958,0.369678705113444,0.1083969465648855,7.628009395184968,2.348854961832061,False,True,True,False,True,True,True,True,True,False,,False,19,5,4
Eryth,overall,50,0.9,0.005,3000,100,100,200,105,105,69,97,0.0229454306377383,0.0823866143193874,0.0183150183150183,0.6230769230769231,2.170054945054945,False,True,True,False,True,True,True,True,True,False,,False,18,2,2
Eryth,overall,50,0.9,0.005,3000,100,250,483,129,129,108,123,-0.0061625708884687,0.1166914565909128,0.029251453488372,1.6637596899224807,3.1379602713178296,False,True,True,False,True,True,True,True,True,False,,False,19,3,2
Eryth,overall,50,0.9,0.005,3000,100,500,958,129,129,120,127,0.0097716364650662,0.2111994283907131,0.0580184108527131,3.76641230620155,2.745094476744186,False,True,True,False,True,True,True,True,True,False,,False,19,5,4
Eryth,overall,50,0.9,0.005,3000,100,1000,1872,131,131,131,130,-0.0018266738357581,0.3512576879707187,0.1099236641221374,7.7787433940105695,2.348796241926013,False,True,True,False,True,True,True,True,True,False,,False,19,5,4
Eryth,overall,50,0.9,0.005,4000,10,100,200,33,33,31,32,-0.0189017303719008,0.51962838919636,0.1893939393939394,3.587121212121212,1.978219696969697,False,True,True,False,False,True,True,True,True,False,,False,10,2,2
Eryth,overall,50,0.9,0.005,4000,10,250,262,33,33,33,30,-0.0582778629509596,0.5686783004225093,0.2481060606060606,4.732007575757576,1.7613636363636365,False,True,True,False,False,True,True,True,True,False,,False,11,3,3
Eryth,overall,50,0.9,0.005,4000,10,500,287,33,33,33,32,-0.0253856966248369,0.630271298209252,0.271780303030303,5.3143939393939394,1.839962121212121,False,True,True,False,False,True,True,True,True,False,,False,10,3,3
Eryth,overall,50,0.9,0.005,4000,10,1000,262,33,33,33,30,-0.0582778629509596,0.5686783004225093,0.2481060606060606,4.732007575757576,1.7613636363636365,False,True,True,False,False,True,True,True,True,False,,False,11,3,3
Eryth,overall,50,0.9,0.005,4000,25,100,200,64,64,49,63,0.0286253538848694,0.1950320362005144,0.0496031746031746,1.4283234126984128,2.2842261904761907,False,True,True,False,True,True,True,True,True,False,,False,16,3,2
Eryth,overall,50,0.9,0.005,4000,25,250,500,67,67,60,64,0.0029973508500336,0.3417941693660461,0.1130710085933966,3.837856173677069,2.0904568068747174,False,True,True,False,True,True,True,True,True,False,,False,16,4,3
Eryth,overall,50,0.9,0.005,4000,25,500,702,67,67,66,65,-0.0037322241719621,0.4365973384344919,0.1587516960651289,5.857304387155134,2.113975576662144,False,True,True,False,True,True,True,True,True,False,,False,16,5,4
Eryth,overall,50,0.9,0.005,4000,25,1000,727,71,71,70,66,-0.0226611796982167,0.4331229811669173,0.1462776659959758,5.258148893360161,2.0800804828973845,False,True,True,False,True,True,True,True,True,False,,False,15,5,4
Eryth,overall,50,0.9,0.005,4000,50,100,199,97,97,63,92,-0.0477234724925303,0.0848583833119915,0.0213702749140893,0.6227448453608248,1.7702963917525774,False,True,True,False,True,True,True,True,True,False,,False,19,2,2
Eryth,overall,50,0.9,0.005,4000,50,250,500,116,116,100,112,-0.0185667360999839,0.1334682721019061,0.0374812593703148,2.029910044977511,3.0820089955022487,False,True,True,False,True,True,True,True,True,False,,False,19,5,4
Eryth,overall,50,0.9,0.005,4000,50,500,1000,117,117,113,116,-0.0205231449551705,0.2535708016625406,0.0736811081638667,4.520483348069555,2.601385204833481,False,True,True,False,True,True,True,True,True,False,,False,19,5,4
Eryth,overall,50,0.9,0.005,4000,50,1000,1531,118,118,118,117,-0.0189346972015297,0.3575010467751517,0.1108938142836448,7.105171664493699,2.344487903809937,False,True,True,False,True,True,True,True,True,False,,False,19,5,4
Eryth,overall,50,0.9,0.005,4000,75,100,199,102,102,70,92,-0.0141748771779108,0.0736733854380913,0.0193166375461075,0.5798874005047564,1.7374296253154726,False,True,True,False,True,True,True,True,True,False,,False,19,2,2
Eryth,overall,50,0.9,0.005,4000,75,250,484,129,129,109,123,-0.0126557477993552,0.1174480074590047,0.0293120155038759,1.685016957364341,3.209362887596899,False,True,True,False,True,True,True,True,True,False,,False,19,3,2
Eryth,overall,50,0.9,0.005,4000,75,500,973,130,130,116,128,-0.000487230618244,0.2472098511531805,0.058020274299344,3.742635658914729,2.467382230172928,False,True,True,False,True,True,True,True,True,False,,False,19,4,3
Eryth,overall,50,0.9,0.005,4000,75,1000,1872,131,131,131,130,-0.0116595109502523,0.3512576879707187,0.1099236641221374,7.7787433940105695,2.348796241926013,False,True,True,False,True,True,True,True,True,False,,False,19,5,4
Eryth,overall,50,0.9,0.005,4000,100,100,199,103,103,72,91,0.001448081623977,0.068244323098692,0.0189415572054064,0.5529221397296783,1.6403007805063774,False,True,True,False,True,True,True,True,True,False,,False,19,2,2
Eryth,overall,50,0.9,0.005,4000,100,250,484,129,129,108,123,-0.0087332545960164,0.1158768219545197,0.0293120155038759,1.662669573643411,3.148074127906977,False,True,True,False,True,True,True,True,True,False,,False,19,3,2
Eryth,overall,50,0.9,0.005,4000,100,500,968,130,130,121,129,0.0093955420876054,0.2190706403108793,0.0577221228384019,3.803339296362552,2.7519976147883125,False,True,True,False,True,True,True,True,True,False,,False,19,5,4
Eryth,overall,50,0.9,0.005,4000,100,1000,1852,130,130,129,129,-0.0022878386020768,0.354167509736775,0.1104353011329755,7.62737030411449,2.321407274895647,False,True,True,False,True,True,True,True,True,False,,False,19,5,4
Eryth,overall,50,0.9,0.01,2000,10,100,191,33,33,33,30,0.0169494877576045,0.3649518287218822,0.1808712121212121,3.690340909090909,1.946969696969697,False,True,True,False,True,True,True,True,True,False,,False,13,4,3
Eryth,overall,50,0.9,0.01,2000,10,250,199,33,33,33,30,0.0032660763536072,0.3783629867854466,0.1884469696969697,3.7803030303030303,1.944128787878788,False,True,True,False,True,True,True,True,True,False,,False,13,4,3
Eryth,overall,50,0.9,0.01,2000,10,500,200,33,33,33,30,0.0036652634634925,0.3882101459641567,0.1893939393939394,3.847537878787879,1.9071969696969693,False,True,True,False,True,True,True,True,True,False,,False,13,4,3
Eryth,overall,50,0.9,0.01,2000,10,1000,199,33,33,33,30,0.0032660763536072,0.3783629867854466,0.1884469696969697,3.7803030303030303,1.944128787878788,False,True,True,False,True,True,True,True,True,False,,False,13,4,3
Eryth,overall,50,0.9,0.01,2000,25,100,200,67,67,54,65,0.0510717975206611,0.1500986039616417,0.0452284034373586,1.3071008593396654,2.313206693803709,False,True,True,False,True,True,True,True,True,False,,False,14,3,2
Eryth,overall,50,0.9,0.01,2000,25,250,500,68,68,67,66,-0.0068000346498581,0.2874791920015555,0.1097453906935908,4.413301141352063,2.3252853380158034,False,True,True,False,True,True,True,True,True,False,,False,14,5,3
Eryth,overall,50,0.9,0.01,2000,25,500,605,68,68,67,66,0.0062691621287695,0.3481066998586607,0.1327919227392449,5.473880597014926,2.138059701492537,False,True,True,False,True,True,True,True,True,False,,False,14,5,3
Eryth,overall,50,0.9,0.01,2000,25,1000,603,68,68,67,66,0.0067083745624395,0.3457341112247121,0.1323529411764706,5.446444249341528,2.1404741000877965,False,True,True,False,True,True,True,True,True,False,,False,14,5,3
Eryth,overall,50,0.9,0.01,2000,50,100,200,100,100,64,92,0.0682586644125105,0.0619504384504384,0.0202020202020202,0.582929292929293,1.6552525252525252,False,True,True,False,True,True,True,True,True,False,,True,18,2,2
Eryth,overall,50,0.9,0.01,2000,50,250,500,117,117,95,115,0.0474648855529132,0.1204881115282141,0.0368405540819333,1.9750221043324487,2.575302092543472,False,True,True,False,True,True,True,True,True,False,,True,18,5,3
Eryth,overall,50,0.9,0.01,2000,50,500,1000,118,118,115,117,0.0303115967163833,0.2112405134637243,0.0724322758221063,4.807547443140663,2.562436621758656,False,True,True,False,True,True,True,True,True,False,,True,18,6,3
Eryth,overall,50,0.9,0.01,2000,50,1000,1317,117,117,117,116,0.0148435861635081,0.2729025399387257,0.0970380194518125,6.691718243442382,2.397656940760389,False,True,True,False,True,True,True,True,True,False,,True,18,6,3
Eryth,overall,50,0.9,0.01,2000,75,100,200,109,109,68,98,0.093553106990355,0.0660027536174325,0.0169894665307509,0.5136765205572545,1.600067957866123,False,True,True,False,True,True,True,True,True,False,,True,20,2,2
Eryth,overall,50,0.9,0.01,2000,75,250,500,134,134,108,130,0.0766545709075503,0.1084408914268801,0.0280552126585119,1.532600157109191,2.429244753675233,False,True,True,False,True,True,True,True,True,False,,True,20,3,2
Eryth,overall,50,0.9,0.01,2000,75,500,996,136,136,130,136,0.0489488918640288,0.1767780800513343,0.0542483660130719,4.028540305010893,2.7519063180827885,False,True,True,False,True,True,True,True,True,False,,True,20,6,4
Eryth,overall,50,0.9,0.01,2000,75,1000,1654,136,136,136,136,0.0188924951345743,0.2516316293383915,0.0900871459694989,7.350490196078431,2.4192265795206973,False,True,True,False,True,True,True,True,True,False,,True,20,7,4
Eryth,overall,50,0.9,0.01,2000,100,100,200,107,107,68,96,0.093738678903514,0.0566624963821225,0.0176335743255157,0.5510491976723682,1.714600599541527,False,True,True,False,True,True,True,True,True,False,,True,20,2,2
Eryth,overall,50,0.9,0.01,2000,100,250,500,135,135,108,127,0.078298309405793,0.1057825547577647,0.0276395798783858,1.5228855721393035,2.476451077943615,False,True,True,False,True,True,True,True,True,False,,True,20,5,3
Eryth,overall,50,0.9,0.01,2000,100,500,996,137,137,132,137,0.0515104795935979,0.1717341684509395,0.0534564190639759,4.011002576212967,2.7801094890510947,False,True,True,False,True,True,True,True,True,False,,True,20,6,4
Eryth,overall,50,0.9,0.01,2000,100,1000,1673,137,137,137,137,0.0140210463659253,0.2505070952525856,0.0897917561185058,7.333565908115071,2.4258265349935595,False,True,True,False,True,True,True,True,True,False,,True,20,7,4
Eryth,overall,50,0.9,0.01,3000,10,100,200,34,34,34,34,0.0031942942130881,0.34328530946178,0.17825311942959,4.07397504456328,2.2540106951871657,False,True,True,False,True,True,True,True,True,False,,False,13,3,3
Eryth,overall,50,0.9,0.01,3000,10,250,278,34,34,34,34,-0.0200989486703772,0.4637731855246881,0.2477718360071301,5.754010695187166,1.963458110516934,False,True,True,False,True,True,True,True,True,False,,False,13,4,3
Eryth,overall,50,0.9,0.01,3000,10,500,292,35,35,35,35,-0.0084109987441337,0.4666004399551502,0.2453781512605042,5.736134453781513,2.0252100840336134,False,True,True,False,True,True,True,True,True,False,,False,14,4,3
Eryth,overall,50,0.9,0.01,3000,10,1000,276,34,34,34,34,-0.02288285883183,0.4597195311113542,0.2459893048128342,5.7023172905525845,1.9705882352941173,False,True,True,False,True,True,True,True,True,False,,False,13,4,3
Eryth,overall,50,0.9,0.01,3000,25,100,200,67,67,52,67,0.041941264886114,0.124303557139378,0.0452284034373586,1.3385345997286295,2.3735866123925824,False,True,True,False,True,True,True,True,True,False,,False,15,2,2
Eryth,overall,50,0.9,0.01,3000,25,250,500,69,69,66,69,0.0123901234567901,0.2842384181419706,0.1065643648763853,4.425191815856778,2.364876385336744,False,True,True,False,True,True,True,True,True,False,,False,15,4,3
Eryth,overall,50,0.9,0.01,3000,25,500,799,69,69,69,69,-0.0004554245680488,0.4206334671602282,0.1702898550724637,7.380434782608695,2.118286445012788,False,True,True,False,True,True,True,True,True,False,,False,15,5,3
Eryth,overall,50,0.9,0.01,3000,25,1000,781,68,68,68,68,-0.0108916051689835,0.4216923076997355,0.1714223002633889,7.325943810359965,2.1022827041264267,False,True,True,False,True,True,True,True,True,False,,False,15,5,4
Eryth,overall,50,0.9,0.01,3000,50,100,200,98,98,68,87,0.0702410518626734,0.0746606568035139,0.0210393435724805,0.6610561750473385,1.8820744792762465,False,True,True,False,True,True,True,True,True,False,,True,19,2,2
Eryth,overall,50,0.9,0.01,3000,50,250,500,119,119,100,114,0.0705602356781429,0.1228446636268074,0.0356074633243127,2.0337558752314484,2.53938185443669,False,True,True,False,True,True,True,True,True,False,,True,19,3,2
Eryth,overall,50,0.9,0.01,3000,50,500,1000,117,117,112,117,0.0382502105925442,0.2236433509584228,0.0736811081638667,5.036619510757442,2.472959033303861,False,True,True,False,True,True,True,True,True,False,,True,19,5,3
Eryth,overall,50,0.9,0.01,3000,50,1000,1808,119,119,119,119,0.013085130657807,0.3370187254078455,0.128756587380715,9.40207947585814,2.208232445520581,False,True,True,False,True,True,True,True,True,False,,True,19,6,3
Eryth,overall,50,0.9,0.01,3000,75,100,197,111,111,74,97,0.0538309310018903,0.0668610168610168,0.0161343161343161,0.4631449631449631,1.5963963963963963,False,True,True,False,True,True,True,True,True,False,,True,19,2,2
Eryth,overall,50,0.9,0.01,3000,75,250,498,132,132,107,127,0.0543823677833797,0.0918026189444708,0.0287994448299791,1.64735137635901,2.5354499190377053,False,True,True,False,True,True,True,True,True,False,,True,20,2,2
Eryth,overall,50,0.9,0.01,3000,75,500,1000,140,140,131,140,0.0454400286084099,0.1683292128824663,0.0513874614594039,3.916443987667009,2.70688591983556,False,True,True,False,True,True,True,True,True,False,,True,20,5,3
Eryth,overall,50,0.9,0.01,3000,75,1000,2000,140,140,140,140,0.0221323531732176,0.28334630697193,0.1027749229188078,8.600205549845837,2.353802672147996,False,True,True,False,True,True,True,True,True,False,,True,20,7,4
Eryth,overall,50,0.9,0.01,3000,100,100,197,109,109,67,99,0.060154080444325,0.0384829297943167,0.0167346245327896,0.4898063200815494,1.506455997281685,False,True,True,False,True,True,True,True,True,False,,True,18,2,2
Eryth,overall,50,0.9,0.01,3000,100,250,498,134,134,107,129,0.0522919568519795,0.0977222234975985,0.0279429918078779,1.6140724946695095,2.54337335877006,False,True,True,False,True,True,True,True,True,False,,True,20,2,2
Eryth,overall,50,0.9,0.01,3000,100,500,995,141,141,131,140,0.0501940923494794,0.1731394209943384,0.0504052684903748,3.816210739614995,2.680395136778116,False,True,True,False,True,True,True,True,True,False,,True,20,5,3
Eryth,overall,50,0.9,0.01,3000,100,1000,1985,140,140,139,140,0.0272833471172022,0.2746426053010651,0.1020041109969167,8.598098663926002,2.315313463514902,False,True,True,False,True,True,True,True,True,False,,True,20,6,4
Eryth,overall,50,0.9,0.01,4000,10,100,200,35,35,34,35,-0.0197895144628099,0.3402837638551924,0.1680672268907563,3.711764705882353,2.230252100840336,False,True,True,False,True,True,True,True,True,False,,False,14,3,3
Eryth,overall,50,0.9,0.01,4000,10,250,342,35,35,35,35,-0.0277956512765725,0.5774495439927049,0.2873949579831932,6.50672268907563,1.888235294117647,False,True,True,False,True,True,True,True,True,False,,False,14,4,3
Eryth,overall,50,0.9,0.01,4000,10,500,343,35,35,35,35,-0.0274921390328886,0.5733748367578722,0.288235294117647,6.5512605042016805,1.8857142857142857,False,True,True,False,True,True,True,True,True,False,,False,14,4,3
Eryth,overall,50,0.9,0.01,4000,10,1000,332,35,35,35,35,-0.0295339268153822,0.5542510203528798,0.2789915966386554,6.367226890756302,1.9025210084033608,False,True,True,False,True,True,True,True,True,False,,False,14,4,3
Eryth,overall,50,0.9,0.01,4000,25,100,200,67,67,56,66,0.051672753834916,0.1346412221082985,0.0452284034373586,1.3758480325644504,2.62483039348711,False,True,True,False,True,True,True,True,True,False,,False,15,2,2
Eryth,overall,50,0.9,0.01,4000,25,250,500,67,67,64,67,0.0098633779037047,0.3301400952195968,0.1130710085933966,4.516056083220263,2.298733604703754,False,True,True,False,True,True,True,True,True,False,,False,15,4,3
Eryth,overall,50,0.9,0.01,4000,25,500,922,67,67,67,67,-0.0128620264990657,0.502838867811226,0.2085029398462234,8.807327001356851,1.979194934418815,False,True,True,False,True,True,True,True,True,False,,False,15,5,4
Eryth,overall,50,0.9,0.01,4000,25,1000,967,69,69,69,69,-0.0070360543542947,0.4882022446519893,0.2060954816709292,9.104006820119352,1.985080988917306,False,True,True,False,True,True,True,True,True,False,,False,15,5,4
Eryth,overall,50,0.9,0.01,4000,50,100,200,99,99,63,89,0.0589085443403861,0.0746861724134451,0.020614306328592,0.640074211502783,1.9979385693671408,False,True,True,False,True,True,True,True,True,False,,False,16,2,2
Eryth,overall,50,0.9,0.01,4000,50,250,500,115,115,98,114,0.0371622243916815,0.1468905110982106,0.03813882532418,2.198779557589626,2.662929061784897,False,True,True,False,True,True,True,True,True,False,,False,18,3,3
Eryth,overall,50,0.9,0.01,4000,50,500,1000,117,117,110,116,0.0361767925843979,0.2471224098488145,0.0736811081638667,4.839890951959918,2.4061302681992336,False,True,True,False,True,True,True,True,True,False,,False,18,5,3
Eryth,overall,50,0.9,0.01,4000,50,1000,2000,118,118,118,118,0.0056753603497164,0.3759055106862761,0.1448645516442126,10.683108793278285,2.1220483847602494,False,True,True,False,True,True,True,True,True,False,,True,18,6,3
Eryth,overall,50,0.9,0.01,4000,75,100,195,108,108,67,95,0.0358200299136168,0.0596839888506555,0.0168743509865005,0.507355486327449,1.9222914503288333,False,True,True,False,True,True,True,True,True,False,,False,16,2,2
Eryth,overall,50,0.9,0.01,4000,75,250,496,133,133,105,130,0.0829513029602282,0.1362276437043586,0.0282524493050808,1.5764980633401686,2.54978354978355,False,True,True,False,True,True,True,True,True,False,,True,19,4,3
Eryth,overall,50,0.9,0.01,4000,75,500,987,136,136,128,136,0.0567748721694667,0.17837872619085,0.0537581699346405,4.017647058823529,2.6459150326797385,False,True,True,False,True,True,True,True,True,False,,True,20,4,3
Eryth,overall,50,0.9,0.01,4000,75,1000,1979,138,138,138,138,0.0184290141676505,0.2878345768768124,0.1046757643076272,8.762932402411932,2.311012377023167,False,True,True,False,True,True,True,True,True,False,,True,20,5,3
Eryth,overall,50,0.9,0.01,4000,100,100,198,110,110,69,98,0.0491292287454602,0.0651332001332001,0.0165137614678899,0.4628023352793995,1.676814011676397,False,True,True,False,True,True,True,True,True,False,,True,18,2,2
Eryth,overall,50,0.9,0.01,4000,100,250,489,134,134,112,127,0.064323055133375,0.1083244964155142,0.0274379979800246,1.7082257883514758,2.9703175850072943,False,True,True,False,True,True,True,True,True,False,,True,20,2,2
Eryth,overall,50,0.9,0.01,4000,100,500,982,141,141,128,140,0.0533354502061085,0.186957809556093,0.0497467071935157,3.681914893617021,2.5308510638297874,False,True,True,False,True,True,True,True,True,False,,True,20,4,3
Eryth,overall,50,0.9,0.01,4000,100,1000,1980,140,140,140,140,0.0251677136596055,0.2868220648485314,0.1017471736896197,8.623432682425488,2.332065775950668,False,True,True,False,True,True,True,True,True,False,,True,20,5,3
Eryth,overall,50,0.9,0.02,2000,10,100,200,33,33,31,33,0.0126886145404663,0.3760569368295234,0.1893939393939394,4.027462121212121,1.956439393939394,False,True,True,False,True,True,True,True,False,False,,False,12,5,2
Eryth,overall,50,0.9,0.02,2000,10,250,259,34,34,34,34,0.0015773253415516,0.4311874614893189,0.230837789661319,5.397504456327986,1.9848484848484849,False,True,True,False,True,True,True,True,False,False,,False,12,6,3
Eryth,overall,50,0.9,0.02,2000,10,500,241,33,33,33,33,-0.0004659959979167,0.4170724036260202,0.2282196969696969,5.088068181818182,2.018939393939394,False,True,True,False,True,True,True,True,False,False,,False,12,6,3
Eryth,overall,50,0.9,0.02,2000,10,1000,257,34,34,34,34,-0.0008044355337739,0.4327482997283579,0.2290552584670231,5.305704099821747,1.9910873440285204,False,True,True,False,True,True,True,True,False,False,,False,12,6,3
Eryth,overall,50,0.9,0.02,2000,25,100,200,73,73,57,72,0.0886267207960685,0.1175639496147151,0.0380517503805175,1.2073820395738204,2.771689497716895,False,True,True,False,True,True,True,True,True,False,,False,16,3,2
Eryth,overall,50,0.9,0.02,2000,25,250,500,73,73,68,73,0.063749368740005,0.3023177776922532,0.0951293759512937,4.046042617960426,2.308028919330289,False,True,True,False,True,True,True,True,False,False,,False,15,6,2
Eryth,overall,50,0.9,0.02,2000,25,500,717,74,74,72,74,0.0320462837541148,0.3442985452214149,0.1327286190299889,6.163643095149944,2.162347278785635,False,True,True,False,True,True,True,True,True,False,,False,16,7,3
Eryth,overall,50,0.9,0.02,2000,25,1000,696,73,73,71,73,0.0380479097019185,0.3481919600256378,0.1324200913242009,6.052130898021309,2.1575342465753424,False,True,True,False,True,True,True,True,False,False,,False,15,7,3
Eryth,overall,50,0.9,0.02,2000,50,100,200,100,100,63,94,0.079861111111111,0.0772474747474747,0.0202020202020202,0.6027272727272728,2.111010101010101,False,True,True,False,True,True,True,True,True,False,,True,17,3,2
Eryth,overall,50,0.9,0.02,2000,50,250,500,118,118,97,117,0.0507951632874562,0.1668503572426671,0.0362161379110531,2.01579023612922,2.6578299290163696,False,True,True,False,True,True,True,True,True,False,,False,17,5,2
Eryth,overall,50,0.9,0.02,2000,50,500,1000,121,121,114,120,0.0362918850703517,0.2249734109376854,0.0688705234159779,4.717355371900826,2.4170110192837466,False,True,True,False,True,True,True,True,True,False,,False,17,8,3
Eryth,overall,50,0.9,0.02,2000,50,1000,1268,121,121,120,120,0.0286194286261106,0.2591751835335585,0.08732782369146,6.348829201101928,2.381955922865014,False,True,True,False,True,True,True,True,True,False,,False,17,8,3
Eryth,overall,50,0.9,0.02,2000,75,100,199,108,108,71,99,0.1055555555555555,0.0666397902509013,0.0172204915195569,0.4760297680858428,2.0174800969193494,False,True,True,False,True,True,True,True,True,False,,True,18,2,2
Eryth,overall,50,0.9,0.02,2000,75,250,497,133,133,107,129,0.0711450574422421,0.1336000530101769,0.0283094098883572,1.6611414900888586,2.52779676463887,False,True,True,False,True,True,True,True,True,False,,True,19,5,2
Eryth,overall,50,0.9,0.02,2000,75,500,1000,138,138,129,137,0.0572274835529507,0.1784648416728624,0.0528932613984978,4.039775732571671,2.525230085687084,False,True,True,False,True,True,True,True,True,False,,True,19,6,3
Eryth,overall,50,0.9,0.02,2000,75,1000,1552,138,138,138,137,0.0333973872707554,0.2342287832303646,0.0820903416904686,6.849254205014281,2.448799322966254,False,True,True,False,True,True,True,True,True,False,,True,19,8,3
Eryth,overall,50,0.9,0.02,2000,100,100,200,108,108,70,99,0.0726569083361942,0.0562196034418256,0.017307026652821,0.4913464866735895,2.0610072689511942,False,True,True,False,True,True,True,True,True,False,,True,18,3,2
Eryth,overall,50,0.9,0.02,2000,100,250,500,135,135,109,134,0.098874601886264,0.1279020107435775,0.0276395798783858,1.5334991708126036,2.4482587064676617,False,True,True,False,True,True,True,True,True,False,,True,20,5,2
Eryth,overall,50,0.9,0.02,2000,100,500,1000,140,140,132,139,0.0558926079626664,0.1813682234483641,0.0513874614594039,3.931140801644399,2.586742034943474,False,True,True,False,True,True,True,True,True,False,,True,20,8,4
Eryth,overall,50,0.9,0.02,2000,100,1000,1636,140,140,140,140,0.0268507293065895,0.2262490990245909,0.0840698869475847,7.320092497430627,2.4281603288797533,False,True,True,False,True,True,True,True,True,False,,True,20,9,4
Eryth,overall,50,0.9,0.02,3000,10,100,200,32,32,32,32,0.02404296875,0.373764064882486,0.2016129032258064,4.491935483870968,2.089717741935484,False,True,True,False,True,False,True,True,True,False,,False,12,5,2
Eryth,overall,50,0.9,0.02,3000,10,250,295,32,32,32,32,-0.0024355217450367,0.4965845349587483,0.2973790322580645,6.73991935483871,1.814516129032258,False,True,True,False,True,False,True,True,True,False,,False,12,5,2
Eryth,overall,50,0.9,0.02,3000,10,500,295,32,32,32,32,-0.0026586970443827,0.4985175114282749,0.2973790322580645,6.712701612903226,1.815524193548387,False,True,True,False,True,False,True,True,True,False,,False,12,5,2
Eryth,overall,50,0.9,0.02,3000,10,1000,293,32,32,32,32,-0.0007703703703703,0.492070943451618,0.2953629032258064,6.676411290322581,1.8225806451612905,False,True,True,False,True,False,True,True,True,False,,False,12,5,2
Eryth,overall,50,0.9,0.02,3000,25,100,200,71,71,58,70,0.0610402726928418,0.1524516172403496,0.0402414486921529,1.2044265593561367,3.0843058350100603,False,True,True,False,True,True,True,True,True,False,,True,16,3,2
Eryth,overall,50,0.9,0.02,3000,25,250,500,72,72,68,72,0.0631430785123966,0.236240286029106,0.0978090766823161,4.187597809076682,2.255868544600939,False,True,True,False,True,True,True,True,True,False,,False,15,4,2
Eryth,overall,50,0.9,0.02,3000,25,500,929,73,73,72,73,0.0388987186112074,0.3740985107126196,0.1767503805175038,8.824581430745814,1.9861111111111112,False,True,True,False,True,True,True,True,True,False,,False,15,6,3
Eryth,overall,50,0.9,0.02,3000,25,1000,1098,74,74,74,74,0.0161271266540642,0.4104573962978451,0.203258052573121,10.197704553868938,1.9705664568678267,False,True,True,False,True,True,True,True,True,False,,True,16,6,3
Eryth,overall,50,0.9,0.02,3000,50,100,199,107,107,75,97,0.101972242512783,0.034946932610484,0.0175454064538882,0.5274202080761771,2.385558102627402,False,True,True,False,True,True,True,True,True,False,,False,18,1,1
Eryth,overall,50,0.9,0.02,3000,50,250,500,126,126,105,121,0.0589394518289127,0.1063275704264365,0.0317460317460317,1.8807619047619049,2.5167619047619048,False,True,True,False,True,True,True,True,True,False,,True,19,4,1
Eryth,overall,50,0.9,0.02,3000,50,500,1000,125,125,118,125,0.0478850894813732,0.1834868431425045,0.064516129032258,4.671161290322581,2.4578064516129032,False,True,True,False,True,True,True,True,True,False,,True,19,6,3
Eryth,overall,50,0.9,0.02,3000,50,1000,1991,126,126,126,126,0.027104923655206,0.3065647510807063,0.1264126984126984,10.295111111111112,2.153460317460317,False,True,True,False,True,True,True,True,True,False,,True,19,8,3
Eryth,overall,50,0.9,0.02,3000,75,100,198,111,111,74,98,0.0882098765432098,0.0907888407888408,0.0162162162162162,0.4498771498771499,2.3696150696150697,False,True,True,False,True,True,True,True,True,False,,False,17,3,2
Eryth,overall,50,0.9,0.02,3000,75,250,499,135,135,110,132,0.0882563630250135,0.0979157761424703,0.027584300718629,1.6139303482587064,2.600055279159757,False,True,True,False,True,True,True,True,True,False,,True,19,3,2
Eryth,overall,50,0.9,0.02,3000,75,500,992,136,136,123,135,0.0664182023990414,0.173908567946868,0.0540305010893246,4.033932461873638,2.4747821350762527,False,True,True,False,True,True,True,True,True,False,,True,19,6,3
Eryth,overall,50,0.9,0.02,3000,75,1000,1981,136,136,132,136,0.0271091812780328,0.2681027860392057,0.1078976034858387,9.222004357298475,2.152124183006536,False,True,True,False,True,True,True,True,True,False,,True,19,7,3
Eryth,overall,50,0.9,0.02,3000,100,100,197,114,114,73,98,0.0683811366686432,0.0822036150983519,0.0152926564198105,0.440304300574445,2.3216115510013973,False,True,True,False,True,True,True,True,True,False,,True,18,3,2
Eryth,overall,50,0.9,0.02,3000,100,250,499,140,140,113,135,0.0868123456790123,0.0866254429019798,0.0256423432682425,1.6027235354573484,2.669681397738952,False,True,True,False,True,True,True,True,True,False,,True,19,4,1
Eryth,overall,50,0.9,0.02,3000,100,500,993,139,139,126,138,0.0615495990678512,0.1670336276494486,0.0517672818267125,3.8328641434678334,2.4568345323741005,False,True,True,False,True,True,True,True,True,False,,True,19,6,3
Eryth,overall,50,0.9,0.02,3000,100,1000,1981,139,139,136,139,0.0255967886831924,0.2585721241199743,0.1032739026170368,9.0809613179022,2.202116567615473,False,True,True,False,True,True,True,True,True,False,,True,19,7,3
Eryth,overall,50,0.9,0.02,4000,10,100,200,36,36,34,36,0.0326070791195716,0.3029017279017279,0.1587301587301587,3.710317460317461,2.12936507936508,False,True,True,False,True,False,True,True,True,False,,True,13,4,2
Eryth,overall,50,0.9,0.02,4000,10,250,372,36,36,36,36,-0.0208620689655172,0.515154203240644,0.2952380952380952,7.337301587301587,1.815873015873016,False,True,True,False,True,False,True,True,True,False,,True,13,5,2
Eryth,overall,50,0.9,0.02,4000,10,500,372,36,36,36,36,-0.0210285374554102,0.5161726186236553,0.2952380952380952,7.333333333333333,1.8166666666666669,False,True,True,False,True,False,True,True,True,False,,True,13,5,2
Eryth,overall,50,0.9,0.02,4000,10,1000,371,36,36,36,36,-0.0201027286550687,0.5126171583336075,0.2944444444444444,7.324603174603174,1.8174603174603168,False,True,True,False,True,False,True,True,True,False,,True,13,5,2
Eryth,overall,50,0.9,0.02,4000,25,100,200,73,73,60,72,0.0745954227712343,0.1052886991243155,0.0380517503805175,1.373668188736682,3.3493150684931505,False,True,True,False,True,True,True,True,True,False,,True,17,3,1
Eryth,overall,50,0.9,0.02,4000,25,250,500,75,75,71,75,0.0835334963752292,0.2142787773331048,0.09009009009009,4.197297297297298,2.335855855855856,False,True,True,False,True,True,True,True,True,False,,True,16,3,1
Eryth,overall,50,0.9,0.02,4000,25,500,1000,75,75,75,75,0.019734975747597,0.3972382894615107,0.1801801801801801,9.217117117117118,1.9978378378378376,False,True,True,False,True,True,True,True,True,False,,True,17,7,3
Eryth,overall,50,0.9,0.02,4000,25,1000,1320,75,75,75,75,0.0133660733647481,0.4728926669100669,0.2378378378378378,12.511351351351353,1.83981981981982,False,True,True,False,True,True,True,True,True,False,,True,17,7,3
Eryth,overall,50,0.9,0.02,4000,50,100,198,108,108,69,98,0.0661560512407059,0.028972519250297,0.0171339563862928,0.4517999307718934,1.5563343717549325,False,True,True,False,True,True,True,True,True,False,,True,18,1,1
Eryth,overall,50,0.9,0.02,4000,50,250,500,123,123,105,122,0.0468698071934166,0.1065537669196205,0.0333200053312008,2.0045981607357057,2.818405970944956,False,True,True,False,True,True,True,True,True,False,,True,19,3,1
Eryth,overall,50,0.9,0.02,4000,50,500,983,119,119,114,119,0.0553433351764662,0.1925437624160214,0.0700042728955989,4.93782936903575,2.612163509471585,False,True,True,False,True,True,True,True,True,False,,True,19,6,3
Eryth,overall,50,0.9,0.02,4000,50,1000,1971,121,121,121,121,0.0178563394367573,0.3257178190863877,0.1357438016528925,10.81749311294766,2.124586776859504,False,True,True,False,True,True,True,True,True,False,,True,19,6,3
Eryth,overall,50,0.9,0.02,4000,75,100,197,107,107,67,98,0.0932561728395061,0.0680489811330933,0.017369070710633,0.434667607123964,1.9261153235760888,False,True,True,False,True,True,True,True,True,False,,True,18,2,1
Eryth,overall,50,0.9,0.02,4000,75,250,490,133,133,107,131,0.0863695460780901,0.1187726032822519,0.0279106858054226,1.6712804739120528,2.687058555479608,False,True,True,False,True,True,True,True,True,False,,True,20,3,2
Eryth,overall,50,0.9,0.02,4000,75,500,989,140,140,129,139,0.0711107836061072,0.1746592667004151,0.0508221993833504,3.817625899280576,2.5141829393627955,False,True,True,False,True,True,True,True,True,False,,True,20,4,1
Eryth,overall,50,0.9,0.02,4000,75,1000,1893,135,135,134,135,0.0339527343755269,0.2651961172082514,0.1046434494195688,8.831288004422333,2.2766169154228857,False,True,True,False,True,True,True,True,True,False,,True,20,9,6
Eryth,overall,50,0.9,0.02,4000,100,100,198,114,114,70,105,0.0864622951757271,0.0307004885952254,0.015370284117373,0.2819437975469647,1.2006675981990371,False,True,True,False,True,True,True,True,True,False,,True,18,1,1
Eryth,overall,50,0.9,0.02,4000,100,250,482,133,133,109,132,0.0975297637663935,0.1158883580681108,0.0274550011392116,1.6627363864205968,2.8075301891091367,False,True,True,False,True,True,True,True,True,False,,True,20,3,2
Eryth,overall,50,0.9,0.02,4000,100,500,957,137,137,127,136,0.0761318843298225,0.1445300343634953,0.0513632460283383,3.933340489480464,2.582009446114212,False,True,True,False,True,True,True,True,True,False,,True,20,5,2
Eryth,overall,50,0.9,0.02,4000,100,1000,1971,142,142,139,142,0.035219604838967,0.2574558367936572,0.098441714114474,8.755918489661372,2.2040755169313755,False,True,True,False,True,True,True,True,True,False,,True,20,8,5
Eryth,overall,50,0.9,0.03,2000,10,100,200,35,35,34,34,0.0424409415182195,0.4293318632814431,0.1680672268907563,3.608403361344538,1.909243697478992,False,True,True,False,True,False,True,True,False,False,,False,12,4,2
Eryth,overall,50,0.9,0.03,2000,10,250,261,35,35,35,35,0.015268221814095,0.4126271231583424,0.2193277310924369,5.012605042016807,1.9756302521008404,False,True,True,False,True,False,True,True,False,False,,False,12,5,2
Eryth,overall,50,0.9,0.03,2000,10,500,257,35,35,35,34,0.0179446264102348,0.4399191961647011,0.2159663865546218,4.855462184873949,1.901680672268908,False,True,True,False,True,False,True,True,False,False,,False,12,5,2
Eryth,overall,50,0.9,0.03,2000,10,1000,259,35,35,35,34,0.0215373961218836,0.4435390573953734,0.2176470588235294,4.914285714285715,1.895798319327731,False,True,True,False,True,False,True,True,False,False,,False,12,5,2
Eryth,overall,50,0.9,0.03,2000,25,100,200,74,74,58,71,0.0529306122448979,0.1053633994423468,0.0370233246945575,1.0433172898926324,2.116438356164384,False,True,True,False,True,True,True,True,False,False,,False,14,2,2
Eryth,overall,50,0.9,0.03,2000,25,250,500,73,73,72,73,0.0823399225391076,0.285454511502317,0.0951293759512937,4.251522070015221,2.4539573820395737,False,True,True,False,True,True,True,True,False,False,,False,14,4,2
Eryth,overall,50,0.9,0.03,2000,25,500,749,74,74,74,74,0.0342250086688068,0.3417280052239688,0.1386523509811181,6.415586819696409,2.201592002961866,False,True,True,False,True,True,True,True,False,False,,False,14,7,3
Eryth,overall,50,0.9,0.03,2000,25,1000,745,74,74,74,74,0.0343376822672862,0.3448177231758809,0.1379118844872269,6.353572750833025,2.2047389855609034,False,True,True,False,True,True,True,True,False,False,,False,14,7,3
Eryth,overall,50,0.9,0.03,2000,50,100,200,105,105,75,98,0.0708467276302237,0.0800358371786943,0.0183150183150183,0.5279304029304029,1.868956043956044,False,True,True,False,True,True,True,True,True,False,,False,16,2,2
Eryth,overall,50,0.9,0.03,2000,50,250,500,127,127,108,125,0.073388648881063,0.1403914123444072,0.0312460942382202,1.8627046619172605,2.871453568303962,False,True,True,False,True,True,True,True,True,False,,True,19,3,2
Eryth,overall,50,0.9,0.03,2000,50,500,1000,126,126,122,125,0.0565103030488884,0.216442162390202,0.0634920634920634,4.442412698412698,2.6064761904761906,False,True,True,False,True,True,True,True,True,False,,True,19,4,2
Eryth,overall,50,0.9,0.03,2000,50,1000,1317,129,129,129,129,0.0409433777591978,0.2485004992785389,0.0797601744186046,6.065891472868217,2.514050387596899,False,True,True,False,True,True,True,True,True,False,,True,19,7,4
Eryth,overall,50,0.9,0.03,2000,75,100,200,112,112,75,103,0.0831338376583995,0.0451029625136767,0.016087516087516,0.364060489060489,1.386502574002574,False,True,True,False,True,True,True,True,True,False,,False,18,2,2
Eryth,overall,50,0.9,0.03,2000,75,250,500,138,138,112,135,0.0805669414290647,0.1430209127035892,0.0264466306992489,1.6397968898762298,2.8353432772664764,False,True,True,False,True,True,True,True,True,False,,True,20,3,2
Eryth,overall,50,0.9,0.03,2000,75,500,1000,139,139,132,137,0.0618415982593754,0.187320376017045,0.0521322072776561,3.934052757793765,2.64190386820978,False,True,True,False,True,True,True,True,True,False,,True,20,4,2
Eryth,overall,50,0.9,0.03,2000,75,1000,1472,140,140,140,140,0.0382580526608665,0.2347021585916305,0.0756423432682425,6.307862281603289,2.509301130524152,False,True,True,False,True,True,True,True,True,False,,True,20,7,3
Eryth,overall,50,0.9,0.03,2000,100,100,200,113,113,76,105,0.0854001085256471,0.0485277750764476,0.0158027812895069,0.3629108723135272,1.4439001264222504,False,True,True,False,True,True,True,True,True,False,,False,18,2,2
Eryth,overall,50,0.9,0.03,2000,100,250,500,137,137,109,135,0.0625147015399706,0.1529565643028075,0.0268355517389437,1.6105088020609704,2.784886217260627,False,True,True,False,True,True,True,True,True,False,,True,20,3,2
Eryth,overall,50,0.9,0.03,2000,100,500,1000,140,140,133,138,0.0586636933356624,0.1929331517988204,0.0513874614594039,3.869064748201439,2.6402877697841727,False,True,True,False,True,True,True,True,True,False,,True,20,4,2
Eryth,overall,50,0.9,0.03,2000,100,1000,1472,140,140,140,140,0.0375588467862715,0.2415166035797731,0.0756423432682425,6.27235354573484,2.519578622816033,False,True,True,False,True,True,True,True,True,False,,True,20,7,3
Eryth,overall,50,0.9,0.03,3000,10,100,200,34,34,31,34,0.0615816857440166,0.3668953787465897,0.17825311942959,4.050802139037433,1.8885918003565063,False,True,True,False,True,False,True,True,False,False,,True,12,4,2
Eryth,overall,50,0.9,0.03,3000,10,250,327,36,36,36,35,0.0128936818333012,0.495352013121677,0.2595238095238095,6.319047619047619,1.838095238095238,False,True,True,False,True,False,True,True,False,False,,True,12,6,4
Eryth,overall,50,0.9,0.03,3000,10,500,326,36,36,36,35,0.0152397229788673,0.4935399151653583,0.2587301587301587,6.280952380952381,1.83968253968254,False,True,True,False,True,False,True,True,False,False,,True,12,6,4
Eryth,overall,50,0.9,0.03,3000,10,1000,297,35,35,35,34,0.0168895747599451,0.447223577455391,0.2495798319327731,5.841176470588235,1.8739495798319328,False,True,True,False,True,False,True,True,False,False,,True,12,6,3
Eryth,overall,50,0.9,0.03,3000,25,100,200,72,72,55,72,0.0881795918367347,0.1325296616963283,0.0391236306729264,1.215571205007825,2.498826291079812,False,True,True,False,True,True,True,True,False,False,,True,14,2,1
Eryth,overall,50,0.9,0.03,3000,25,250,500,77,77,70,77,0.0793713769313849,0.2613670820306887,0.0854408749145591,3.7959671907040327,2.22676008202324,False,True,True,False,True,True,True,True,False,False,,True,14,4,2
Eryth,overall,50,0.9,0.03,3000,25,500,929,77,77,77,77,0.0439468607912822,0.3748529927414091,0.1587491455912508,8.02136021872864,2.0760423786739577,False,True,True,False,True,True,True,True,False,False,,True,15,5,3
Eryth,overall,50,0.9,0.03,3000,25,1000,1066,75,75,75,75,0.0345421274387799,0.4031424431425071,0.192072072072072,9.768468468468468,1.9751351351351352,False,True,True,False,True,True,True,True,False,False,,True,14,7,4
Eryth,overall,50,0.9,0.03,3000,50,100,200,104,104,70,95,0.0775312108909984,0.04844146238377,0.0186706497386109,0.4733009708737864,1.8861090365944733,False,True,True,False,True,True,True,True,True,False,,True,19,2,1
Eryth,overall,50,0.9,0.03,3000,50,250,499,120,120,100,120,0.0768580240772062,0.1443878719475,0.0349439775910364,1.908683473389356,2.4203081232493,False,True,True,False,True,True,True,True,True,False,,True,19,2,1
Eryth,overall,50,0.9,0.03,3000,50,500,1000,123,123,116,123,0.058174896538812,0.2235425593853699,0.0666400106624017,4.754498200719712,2.462348393975743,False,True,True,False,True,True,True,True,True,False,,True,19,5,2
Eryth,overall,50,0.9,0.03,3000,50,1000,1904,123,123,123,123,0.0361362288210949,0.3001359525498107,0.1268825803012128,10.342529654804745,2.123950419832067,False,True,True,False,True,True,True,True,True,False,,True,19,9,5
Eryth,overall,50,0.9,0.03,3000,75,100,199,114,114,69,103,0.1376026372821342,0.0317055751266277,0.0154479118149355,0.2785281788542151,1.1490451793199814,False,True,True,False,True,True,True,True,True,False,,True,20,1,1
Eryth,overall,50,0.9,0.03,3000,75,250,500,139,139,106,136,0.0951342427222558,0.1108471614775124,0.026066103638828,1.483474090292983,2.285475967052445,False,True,True,False,True,True,True,True,True,False,,True,20,2,1
Eryth,overall,50,0.9,0.03,3000,75,500,993,138,138,129,138,0.0764933197723707,0.1925258570417953,0.0525230085687083,3.984026235057654,2.545646884586904,False,True,True,False,True,True,True,True,True,False,,True,20,5,2
Eryth,overall,50,0.9,0.03,3000,75,1000,1953,137,137,136,137,0.0405844503565691,0.2642526694696266,0.1048196650923143,9.302758694718763,2.2216079862601976,False,True,True,False,True,True,True,True,True,False,,True,20,8,4
Eryth,overall,50,0.9,0.03,3000,100,100,199,114,114,71,103,0.1173302469135802,0.0252721450089871,0.0154479118149355,0.2268281322775966,0.84039745381152,False,True,True,False,True,True,True,True,True,False,,True,20,1,1
Eryth,overall,50,0.9,0.03,3000,100,250,496,137,137,113,135,0.0878904178765307,0.1263651252287783,0.0266208673250322,1.72992700729927,2.858200944611421,False,True,True,False,True,True,True,True,True,False,,True,20,2,1
Eryth,overall,50,0.9,0.03,3000,100,500,983,139,139,130,139,0.0791830204081632,0.1928347469767769,0.0512459597539359,3.897403816077573,2.5728286935668856,False,True,True,False,True,True,True,True,True,False,,True,20,5,2
Eryth,overall,50,0.9,0.03,3000,100,1000,1980,141,141,141,141,0.0408042535335061,0.2487273169237362,0.1003039513677811,9.279078014184398,2.2523302938196554,False,True,True,False,True,True,True,True,True,False,,True,20,7,3
Eryth,overall,50,0.9,0.03,4000,10,100,200,36,36,33,36,0.0427981109799291,0.3196228018531941,0.1587301587301587,3.803174603174603,1.9936507936507937,False,True,True,False,True,False,True,True,True,False,,False,12,4,2
Eryth,overall,50,0.9,0.03,4000,10,250,424,36,36,36,36,-0.0062643080124869,0.5230403742554325,0.3365079365079365,8.792857142857143,1.7365079365079366,False,True,True,False,True,False,True,True,True,False,,False,12,6,3
Eryth,overall,50,0.9,0.03,4000,10,500,401,35,35,35,35,-0.0003065852191216,0.5249434489045282,0.3369747899159664,8.605042016806722,1.7302521008403362,False,True,True,False,True,False,True,True,True,False,,False,12,6,3
Eryth,overall,50,0.9,0.03,4000,10,1000,402,35,35,35,35,-0.0014076414823326,0.5274365904379175,0.3378151260504202,8.632773109243697,1.7302521008403362,False,True,True,False,True,False,True,True,True,False,,False,12,6,3
Eryth,overall,50,0.9,0.03,4000,25,100,200,74,74,57,69,0.0632436452136289,0.1125172875172875,0.0370233246945575,1.0901517956312476,2.2619400222139947,False,True,True,False,True,True,True,True,True,False,,False,14,2,1
Eryth,overall,50,0.9,0.03,4000,25,250,500,76,76,72,76,0.0441448979133442,0.2284655383787237,0.087719298245614,4.115087719298246,2.308771929824561,False,True,True,False,True,True,True,True,True,False,,False,14,3,1
Eryth,overall,50,0.9,0.03,4000,25,500,1000,76,76,75,76,0.0297479292911183,0.3574398957049224,0.175438596491228,9.261403508771927,1.95,False,True,True,False,True,True,True,True,True,False,,False,14,5,3
Eryth,overall,50,0.9,0.03,4000,25,1000,1488,76,76,76,76,0.0094123122987019,0.4756505110776903,0.2610526315789473,14.173859649122807,1.7905263157894735,False,True,True,False,True,True,True,True,True,False,,False,14,7,4
Eryth,overall,50,0.9,0.03,4000,50,100,200,103,103,74,97,0.0732273129635847,0.0646834287610986,0.0190367409099562,0.4176660955644393,1.3423757852655624,False,True,True,False,True,True,True,True,True,False,,True,18,1,1
Eryth,overall,50,0.9,0.03,4000,50,250,500,121,121,110,117,0.0717966377767499,0.1232164707624403,0.0344352617079889,2.0614325068870523,2.8210743801652893,False,True,True,False,True,True,True,True,True,False,,True,19,2,1
Eryth,overall,50,0.9,0.03,4000,50,500,1000,123,123,118,122,0.0512087299016356,0.1929108587088876,0.0666400106624017,4.95061975209916,2.513794482207117,False,True,True,False,True,True,True,True,True,False,,True,19,4,1
Eryth,overall,50,0.9,0.03,4000,50,1000,2000,121,121,120,121,0.0363161221993251,0.3202923936234219,0.1377410468319559,11.09414600550964,2.064738292011019,False,True,True,False,True,True,True,True,True,False,,True,19,8,4
Eryth,overall,50,0.9,0.03,4000,75,100,198,112,112,73,105,0.1658436815193572,0.0543040293040292,0.0159266409266409,0.260537323037323,0.9117599742599742,False,True,True,False,True,True,True,True,True,False,,True,19,1,1
Eryth,overall,50,0.9,0.03,4000,75,250,492,135,135,113,130,0.096403038996377,0.1040994578304519,0.0271973466003316,1.6490326147042564,3.0652294085129905,False,True,True,False,True,True,True,True,True,False,,True,20,2,1
Eryth,overall,50,0.9,0.03,4000,75,500,983,137,137,128,137,0.0731224173553718,0.1673202314421566,0.0527586947187634,4.247262773722627,2.650225418634608,False,True,True,False,True,True,True,True,True,False,,True,20,4,1
Eryth,overall,50,0.9,0.03,4000,75,1000,1958,137,137,137,137,0.0449555960521565,0.2575754217279207,0.1050880206097037,9.45148132245599,2.2432374409617863,False,True,True,False,True,True,True,True,True,False,,True,20,8,4
Eryth,overall,50,0.9,0.03,4000,100,100,198,114,114,73,104,0.1678088395121362,0.0567208619840198,0.015370284117373,0.3129172488743983,1.3182735600062103,False,True,True,False,True,True,True,True,True,False,,True,19,1,1
Eryth,overall,50,0.9,0.03,4000,100,250,495,133,133,113,131,0.095602204354145,0.1033031628814564,0.0281954887218045,1.7241398951925269,2.9398496240601504,False,True,True,False,True,True,True,True,True,False,,True,20,2,1
Eryth,overall,50,0.9,0.03,4000,100,500,983,140,140,128,140,0.0706017561983471,0.1611521037727454,0.050513874614594,4.100976361767729,2.5895169578622816,False,True,True,False,True,True,True,True,True,False,,True,20,3,1
Eryth,overall,50,0.9,0.03,4000,100,1000,1985,139,139,137,139,0.0463433862941765,0.2561113944268608,0.1034824314461474,9.285267438223334,2.2144719007402776,False,True,True,False,True,True,True,True,True,False,,True,20,8,4
Eryth,overall,25,0.5,0.005,2000,10,100,200,35,35,33,33,0.0332198632386753,0.3490738292617992,0.1680672268907563,3.3672268907563025,2.070588235294118,False,True,True,True,False,True,True,True,True,False,,False,12,6,4
Eryth,overall,25,0.5,0.005,2000,10,250,247,35,35,35,33,0.0039769499228958,0.4394609725707932,0.207563025210084,4.198319327731093,2.063865546218488,False,True,True,True,False,True,True,True,True,False,,False,12,6,4
Eryth,overall,25,0.5,0.005,2000,10,500,247,35,35,35,33,0.0026543867763277,0.4409944356677237,0.207563025210084,4.198319327731093,2.065546218487395,False,True,True,True,False,True,True,True,True,False,,False,12,6,4
Eryth,overall,25,0.5,0.005,2000,10,1000,247,35,35,35,33,0.0039769499228958,0.4394609725707931,0.207563025210084,4.198319327731093,2.063865546218488,False,True,True,True,False,True,True,True,True,False,,False,12,6,4
Eryth,overall,25,0.5,0.005,2000,25,100,200,70,70,59,66,0.0603921457673155,0.1384830249115963,0.041407867494824,1.410351966873706,2.8401656314699792,False,True,True,True,True,True,True,True,True,False,,False,16,3,3
Eryth,overall,25,0.5,0.005,2000,25,250,500,73,73,72,70,0.0206174124176205,0.2849577613177038,0.0951293759512937,3.9431126331811264,2.4765981735159817,False,True,True,True,True,True,True,True,True,False,,False,16,5,4
Eryth,overall,25,0.5,0.005,2000,25,500,722,74,74,74,72,0.0187855831037649,0.371005229216495,0.1336542021473528,5.670862643465383,2.2460199925953352,False,True,True,True,True,True,True,True,True,False,,False,16,7,6
Eryth,overall,25,0.5,0.005,2000,25,1000,707,74,74,74,72,0.0261431952662722,0.3749077770776047,0.130877452795261,5.507589781562384,2.267678637541651,False,True,True,True,True,True,True,True,True,False,,True,17,8,7
Eryth,overall,25,0.5,0.005,2000,50,100,200,102,102,72,88,0.0043490304709141,0.0711221240633005,0.01941370607649,0.6682197631527859,2.068821588041157,False,True,True,True,True,True,True,True,True,False,,False,18,3,3
Eryth,overall,25,0.5,0.005,2000,50,250,500,119,119,100,112,0.0221773927719103,0.1745091734923769,0.0356074633243127,1.959834781370175,2.485400940037032,False,True,True,True,True,True,True,True,True,False,,False,18,4,4
Eryth,overall,25,0.5,0.005,2000,50,500,1000,121,121,118,117,0.0050261700539492,0.2508946387348764,0.0688705234159779,4.351790633608816,2.589807162534435,False,True,True,True,True,True,True,True,True,False,,True,19,7,5
Eryth,overall,25,0.5,0.005,2000,50,1000,1445,121,121,121,118,-0.0069032273309004,0.3016996443149278,0.0995179063360881,6.588980716253444,2.361776859504132,False,True,True,True,True,True,True,True,True,False,,True,19,9,7
Eryth,overall,25,0.5,0.005,2000,75,100,193,106,106,79,91,0.0194057183364839,0.0597991107425069,0.017340521114106,0.5870619946091644,2.41707097933513,False,True,True,True,True,True,True,True,True,False,,False,20,3,3
Eryth,overall,25,0.5,0.005,2000,75,250,471,136,136,108,128,0.017970769050043,0.1242482433151155,0.0256535947712418,1.4352941176470588,2.5527777777777776,False,True,True,True,True,True,True,True,True,False,,False,21,4,4
Eryth,overall,25,0.5,0.005,2000,75,500,940,139,139,130,135,0.0236940170406666,0.2010711394748316,0.0490042748409967,3.486341361693254,2.673287456990929,False,True,True,True,True,True,True,True,True,False,,True,22,7,5
Eryth,overall,25,0.5,0.005,2000,75,1000,1828,140,140,140,138,0.0085394690987599,0.2899726398308491,0.0939362795477903,7.223021582733813,2.397533401849949,False,True,True,True,True,True,True,True,True,False,,True,22,10,8
Eryth,overall,25,0.5,0.005,2000,100,100,195,109,109,80,92,0.0627962770262458,0.0536647348573954,0.0165647298674821,0.5354230377166157,2.161909616038056,False,True,True,True,True,True,True,True,True,False,,False,20,3,3
Eryth,overall,25,0.5,0.005,2000,100,250,488,141,141,113,127,0.0823811679492982,0.1179136503597547,0.0247213779128672,1.402938196555218,2.566210739614995,False,True,True,True,True,True,True,True,True,False,,True,22,5,5
Eryth,overall,25,0.5,0.005,2000,100,500,937,143,143,132,138,0.0407739756058673,0.2042238374570311,0.0461439968482222,3.326898453659017,2.631143504382941,False,True,True,True,True,True,True,True,True,False,,True,22,7,5
Eryth,overall,25,0.5,0.005,2000,100,1000,1932,145,145,145,143,0.0262694902203215,0.2881538545568655,0.0925287356321839,7.520067049808429,2.378256704980843,False,True,True,True,True,True,True,True,True,False,,True,22,8,6
Eryth,overall,25,0.5,0.005,3000,10,100,200,35,35,33,33,-0.0077531210890998,0.3827689058693038,0.1680672268907563,3.2630252100840336,1.92436974789916,False,True,True,True,False,True,True,True,True,False,,False,12,6,5
Eryth,overall,25,0.5,0.005,3000,10,250,293,35,35,35,33,-0.0292333149476006,0.5415715080045023,0.246218487394958,4.863025210084033,1.9142857142857144,False,True,True,True,False,True,True,True,True,False,,False,12,7,5
Eryth,overall,25,0.5,0.005,3000,10,500,293,35,35,35,33,-0.0292333149476006,0.5415715080045023,0.246218487394958,4.863025210084033,1.9142857142857144,False,True,True,True,False,True,True,True,True,False,,False,12,7,5
Eryth,overall,25,0.5,0.005,3000,10,1000,293,35,35,35,33,-0.0292333149476006,0.5415715080045023,0.246218487394958,4.863025210084033,1.9142857142857144,False,True,True,True,False,True,True,True,True,False,,False,12,7,5
Eryth,overall,25,0.5,0.005,3000,25,100,200,69,69,62,65,0.0744373588035116,0.1349627827888697,0.0426257459505541,1.4183716965046889,2.86615515771526,False,True,True,True,True,True,True,True,True,False,,False,16,4,4
Eryth,overall,25,0.5,0.005,3000,25,250,500,72,72,72,70,0.0212059533238777,0.2926164929205004,0.0978090766823161,4.070422535211268,2.551056338028169,False,True,True,True,True,True,True,True,True,False,,False,16,6,5
Eryth,overall,25,0.5,0.005,3000,25,500,862,72,72,72,71,-0.0080809428363182,0.4590475533228851,0.1686228482003129,7.110524256651018,2.123826291079812,False,True,True,True,True,True,True,True,True,False,,False,16,8,7
Eryth,overall,25,0.5,0.005,3000,25,1000,862,72,72,72,71,-0.0080809428363182,0.459047553322885,0.1686228482003129,7.110524256651018,2.123826291079812,False,True,True,True,True,True,True,True,True,False,,False,16,8,7
Eryth,overall,25,0.5,0.005,3000,50,100,200,105,105,73,91,0.0117318585733845,0.0497124039981182,0.0183150183150183,0.547985347985348,1.8604395604395605,False,True,True,True,True,True,True,True,True,False,,False,18,3,3
Eryth,overall,25,0.5,0.005,3000,50,250,500,120,120,97,115,0.0044423241890022,0.1361582361968734,0.0350140056022409,1.876120448179272,2.558333333333333,False,True,True,True,True,True,True,True,True,False,,True,20,6,6
Eryth,overall,25,0.5,0.005,3000,50,500,1000,121,121,115,117,-0.0061167557311413,0.2637301172352542,0.0688705234159779,4.344146005509642,2.4847796143250687,False,True,True,True,True,True,True,True,True,False,,True,19,9,7
Eryth,overall,25,0.5,0.005,3000,50,1000,1921,122,122,122,120,-0.0167198670940159,0.385334127375158,0.1301314185069773,8.929548841620377,2.1894729711421217,False,True,True,True,True,True,True,True,True,False,,True,19,11,9
Eryth,overall,25,0.5,0.005,3000,75,100,193,113,113,81,98,0.0162369474538786,0.031554286421543,0.0152496839443742,0.5098767383059418,2.292825537294564,False,True,True,True,True,True,True,True,True,False,,False,20,3,3
Eryth,overall,25,0.5,0.005,3000,75,250,487,142,142,117,131,-0.0045796570207593,0.1015126621652199,0.0243232444311257,1.5118869243831785,2.9308260912995703,False,True,True,True,True,True,True,True,True,False,,False,21,3,3
Eryth,overall,25,0.5,0.005,3000,75,500,970,145,145,135,142,-0.0066246005499405,0.1878621931608174,0.046455938697318,3.3473659003831417,2.804406130268199,False,True,True,True,True,True,True,True,True,False,,True,22,6,5
Eryth,overall,25,0.5,0.005,3000,75,1000,1942,145,145,145,143,-0.0106829816545093,0.3062899467240343,0.093007662835249,7.469540229885057,2.3797892720306515,False,True,True,True,True,True,True,True,True,False,,True,22,9,7
Eryth,overall,25,0.5,0.005,3000,100,100,197,114,114,82,99,0.0584176756422991,0.0465391333812386,0.0152926564198105,0.5128861977953734,2.470423847228691,False,True,True,True,True,True,True,True,True,False,,False,21,3,3
Eryth,overall,25,0.5,0.005,3000,100,250,487,143,143,117,131,0.0185235498904013,0.1029277173857051,0.0239830591943268,1.447847926721166,2.9278538363045405,False,True,True,True,True,True,True,True,True,False,,False,21,3,3
Eryth,overall,25,0.5,0.005,3000,100,500,971,146,146,132,142,0.0167158052954098,0.1863217880603005,0.0458667926310817,3.2638167217760983,2.6902220122815304,False,True,True,True,True,True,True,True,True,False,,True,22,6,5
Eryth,overall,25,0.5,0.005,3000,100,1000,1902,146,146,146,144,5.871286679446226e-05,0.299362265450968,0.0898441190363722,7.2459612659423716,2.405904581955597,False,True,True,True,True,True,True,True,True,False,,True,22,9,7
Eryth,overall,25,0.5,0.005,4000,10,100,200,35,35,33,33,-0.003662891853118,0.391013944039154,0.1680672268907563,3.2672268907563025,1.916806722689076,False,True,True,True,False,True,True,True,True,False,,False,12,6,5
Eryth,overall,25,0.5,0.005,4000,10,250,293,35,35,35,33,-0.0292333149476006,0.5415715080045023,0.246218487394958,4.863025210084033,1.9142857142857144,False,True,True,True,False,True,True,True,True,False,,False,12,7,5
Eryth,overall,25,0.5,0.005,4000,10,500,293,35,35,35,33,-0.0292333149476006,0.5415715080045023,0.246218487394958,4.863025210084033,1.9142857142857144,False,True,True,True,False,True,True,True,True,False,,False,12,7,5
Eryth,overall,25,0.5,0.005,4000,10,1000,293,35,35,35,33,-0.0292333149476006,0.5415715080045023,0.246218487394958,4.863025210084033,1.9142857142857144,False,True,True,True,False,True,True,True,True,False,,False,12,7,5
Eryth,overall,25,0.5,0.005,4000,25,100,200,69,69,60,65,0.0807158509861212,0.1080401884749711,0.0426257459505541,1.529838022165388,3.0505115089514065,False,True,True,True,True,True,True,True,True,False,,False,16,3,3
Eryth,overall,25,0.5,0.005,4000,25,250,500,72,72,72,70,0.0191659452191051,0.2903814208937617,0.0978090766823161,4.059859154929577,2.553794992175274,False,True,True,True,True,True,True,True,True,False,,False,16,6,5
Eryth,overall,25,0.5,0.005,4000,25,500,862,72,72,72,71,-0.0080809428363182,0.459047553322885,0.1686228482003129,7.110524256651018,2.123826291079812,False,True,True,True,True,True,True,True,True,False,,False,16,8,7
Eryth,overall,25,0.5,0.005,4000,25,1000,862,72,72,72,71,-0.0080809428363182,0.459047553322885,0.1686228482003129,7.110524256651018,2.123826291079812,False,True,True,True,True,True,True,True,True,False,,False,16,8,7
Eryth,overall,25,0.5,0.005,4000,50,100,200,105,105,72,91,0.0141194661458333,0.0468449539878111,0.0183150183150183,0.5422161172161172,1.8856227106227104,False,True,True,True,True,True,True,True,True,False,,False,18,3,3
Eryth,overall,25,0.5,0.005,4000,50,250,500,120,120,100,113,0.0029964130212124,0.1331085467879114,0.0350140056022409,1.8765406162464984,2.625490196078432,False,True,True,True,True,True,True,True,True,False,,True,19,3,3
Eryth,overall,25,0.5,0.005,4000,50,500,1000,122,122,116,118,-0.0087220476558693,0.2530895412842818,0.0677414984419455,4.333355913832814,2.4882129792711014,False,True,True,True,True,True,True,True,True,False,,True,20,9,7
Eryth,overall,25,0.5,0.005,4000,50,1000,1927,121,121,121,120,-0.0125734521956606,0.4140836617162908,0.1327134986225895,9.02706611570248,2.1859504132231407,False,True,True,True,True,True,True,True,True,False,,True,19,11,9
Eryth,overall,25,0.5,0.005,4000,75,100,194,114,114,82,99,0.0152770083102493,0.0323521507732034,0.0150597733271231,0.5166123272783729,2.317186772240335,False,True,True,True,True,True,True,True,True,False,,False,20,3,3
Eryth,overall,25,0.5,0.005,4000,75,250,487,142,142,117,130,-0.0110174252611026,0.1053677376758886,0.0243232444311257,1.5089401658176007,2.823494156427929,False,True,True,True,True,True,True,True,True,False,,False,21,3,3
Eryth,overall,25,0.5,0.005,4000,75,500,970,145,145,134,140,-0.0035520864298453,0.1806572991379776,0.046455938697318,3.344396551724138,2.7215996168582377,False,True,True,True,True,True,True,True,True,False,,True,22,6,5
Eryth,overall,25,0.5,0.005,4000,75,1000,1942,145,145,145,143,-0.0104017013232513,0.3033387346266997,0.093007662835249,7.492432950191571,2.377442528735632,False,True,True,True,True,True,True,True,True,False,,True,22,9,7
Eryth,overall,25,0.5,0.005,4000,100,100,197,113,113,81,97,0.0585259331597222,0.0323581531546133,0.0155657395701643,0.4987357774968394,2.369706068268015,False,True,True,True,True,True,True,True,True,False,,False,20,3,3
Eryth,overall,25,0.5,0.005,4000,100,250,487,143,143,117,132,0.0187607065888117,0.0968693959815269,0.0239830591943268,1.4927607603663942,2.9307593814636066,False,True,True,True,True,True,True,True,True,False,,False,21,3,3
Eryth,overall,25,0.5,0.005,4000,100,500,970,146,146,133,141,0.0178931244286192,0.1754651082608623,0.0458195559754369,3.27430325932924,2.686254133207369,False,True,True,True,True,True,True,True,True,False,,True,22,6,5
Eryth,overall,25,0.5,0.005,4000,100,1000,1901,146,146,146,144,0.0010989454312079,0.2988689668746632,0.0897968823807274,7.238592347661785,2.412234293811998,False,True,True,True,True,True,True,True,True,False,,True,22,9,7
Eryth,overall,25,0.5,0.01,2000,10,100,200,35,35,34,31,0.0347809619997475,0.3734903852351884,0.1680672268907563,3.384033613445378,1.880672268907563,False,True,True,True,True,True,True,True,True,False,,False,16,7,5
Eryth,overall,25,0.5,0.01,2000,10,250,260,35,35,35,32,0.0189462809917355,0.4601315085250628,0.2184873949579832,4.637815126050421,1.839495798319328,False,True,True,False,True,True,True,True,True,False,,False,15,6,5
Eryth,overall,25,0.5,0.01,2000,10,500,236,34,34,34,30,0.0004207816638201,0.5009270815526903,0.2103386809269162,3.963458110516934,1.868983957219252,False,True,True,False,False,True,True,True,False,False,,False,12,6,5
Eryth,overall,25,0.5,0.01,2000,10,1000,264,35,35,35,31,0.0215367290715679,0.4949597184475557,0.2218487394957983,4.595798319327731,1.7361344537815129,False,True,True,True,True,True,True,True,True,False,,False,16,8,6
Eryth,overall,25,0.5,0.01,2000,25,100,200,70,70,56,67,0.0780746273420792,0.1496755135620681,0.041407867494824,1.3902691511387164,2.509730848861284,False,True,True,True,True,True,True,True,True,False,,False,16,3,3
Eryth,overall,25,0.5,0.01,2000,25,250,500,71,71,67,68,0.0357449324002212,0.3047419758206758,0.1006036217303823,4.242857142857143,2.182696177062374,False,True,True,True,True,True,True,True,True,False,,False,15,7,6
Eryth,overall,25,0.5,0.01,2000,25,500,832,71,71,71,68,0.0034541565498901,0.3976818827964298,0.1674044265593561,7.4352112676056334,1.9977867203219315,False,True,True,True,True,True,True,True,True,False,,False,16,8,6
Eryth,overall,25,0.5,0.01,2000,25,1000,832,71,71,71,68,0.0017683888113148,0.3953017154520545,0.1674044265593561,7.456338028169014,1.9937625754527164,False,True,True,True,True,True,True,True,True,False,,False,16,8,6
Eryth,overall,25,0.5,0.01,2000,50,100,200,109,109,74,99,0.0784123080442678,0.0831008441100184,0.0169894665307509,0.5084947332653754,1.922018348623853,False,True,True,True,True,True,True,True,True,False,,True,19,1,1
Eryth,overall,25,0.5,0.01,2000,50,250,500,122,122,109,119,0.0337247637432424,0.1366969000704979,0.0338707492209727,2.0741769407939303,2.936661698956781,False,True,True,True,True,True,True,True,True,False,,True,20,5,4
Eryth,overall,25,0.5,0.01,2000,50,500,1000,127,127,121,125,0.0179290439272294,0.2093184596033485,0.0624921884764404,4.4620672415948,2.5274340707411573,False,True,True,True,True,True,True,True,True,False,,True,20,9,6
Eryth,overall,25,0.5,0.01,2000,50,1000,1824,125,125,125,125,-0.0029570741413459,0.3246032898012906,0.1176774193548387,8.899548387096774,2.2607096774193547,False,True,True,True,True,True,True,True,True,False,,True,20,11,6
Eryth,overall,25,0.5,0.01,2000,75,100,195,118,118,82,104,0.089072315558802,0.0704001742137335,0.0141242937853107,0.3342749529190207,1.5189772562653918,False,True,True,True,True,True,True,True,True,False,,True,20,1,1
Eryth,overall,25,0.5,0.01,2000,75,250,487,141,141,120,136,0.0600505028929993,0.105157184814322,0.0246707193515704,1.5700101317122594,2.7035460992907803,False,True,True,True,True,True,True,True,True,False,,True,21,4,3
Eryth,overall,25,0.5,0.01,2000,75,500,975,145,145,137,142,0.0327919407894736,0.1767946178006348,0.0466954022988505,3.661015325670498,2.675622605363985,False,True,True,True,True,True,True,True,True,False,,True,21,8,6
Eryth,overall,25,0.5,0.01,2000,75,1000,1943,146,146,145,146,0.009940725275666,0.2693742377379047,0.0917808219178082,7.972413793103448,2.35918752952291,False,True,True,True,True,True,True,True,True,False,,True,21,10,6
Eryth,overall,25,0.5,0.01,2000,100,100,192,119,119,84,104,0.083895485485791,0.0838208476863938,0.0136732659165361,0.3000284859706594,1.459763566443527,False,True,True,True,True,True,True,True,True,False,,True,20,2,2
Eryth,overall,25,0.5,0.01,2000,100,250,479,142,142,116,137,0.0790291848798054,0.1121877641583817,0.0239236839476575,1.4558985116371992,2.549645390070922,False,True,True,True,True,True,True,True,True,False,,True,22,5,5
Eryth,overall,25,0.5,0.01,2000,100,500,967,149,149,142,145,0.043478180888364,0.1697096941779644,0.0438508978777435,3.49596408489026,2.7200253945220387,False,True,True,True,True,True,True,True,True,False,,True,22,8,6
Eryth,overall,25,0.5,0.01,2000,100,1000,1926,150,150,148,150,0.0201297486651022,0.2525808689490298,0.0861744966442953,7.670022371364653,2.371454138702461,False,True,True,True,True,True,True,True,True,False,,True,22,11,7
Eryth,overall,25,0.5,0.01,3000,10,100,200,35,35,33,34,0.0264235698242832,0.3551543714038186,0.1680672268907563,3.7521008403361344,1.8974789915966384,False,True,True,True,True,True,True,True,True,False,,False,14,6,5
Eryth,overall,25,0.5,0.01,3000,10,250,339,35,35,35,34,0.0063851418369371,0.5197353158884225,0.2848739495798319,6.779831932773109,1.766386554621849,False,True,True,True,True,True,True,True,True,False,,False,14,8,6
Eryth,overall,25,0.5,0.01,3000,10,500,339,35,35,35,34,0.0026408450704225,0.5212513489027921,0.2848739495798319,6.752941176470588,1.7672268907563025,False,True,True,True,True,True,True,True,True,False,,False,14,8,6
Eryth,overall,25,0.5,0.01,3000,10,1000,339,35,35,35,34,0.0026408450704225,0.5212513489027921,0.2848739495798319,6.752941176470588,1.7672268907563025,False,True,True,True,True,True,True,True,True,False,,False,14,8,6
Eryth,overall,25,0.5,0.01,3000,25,100,200,69,69,56,68,0.0904886908214035,0.1382531317313926,0.0426257459505541,1.5202472293265132,2.815217391304348,False,True,True,True,True,True,True,True,True,False,,False,16,4,4
Eryth,overall,25,0.5,0.01,3000,25,250,500,69,69,67,68,0.0197237937907206,0.3030110395348748,0.1065643648763853,4.487638533674339,2.2557544757033248,False,True,True,True,True,True,True,True,True,False,,False,16,7,6
Eryth,overall,25,0.5,0.01,3000,25,500,921,69,69,69,68,-0.0005941403926234,0.4632689669836071,0.1962915601023017,8.668158567774936,1.9791133844842288,False,True,True,True,True,True,True,True,True,False,,False,16,8,6
Eryth,overall,25,0.5,0.01,3000,25,1000,965,69,69,69,68,-0.0057566965167084,0.4750393016652686,0.2056692242114237,9.133631713554989,1.977834612105712,False,True,True,True,True,True,True,True,True,False,,False,16,8,6
Eryth,overall,25,0.5,0.01,3000,50,100,198,105,105,76,95,0.0572515844273426,0.0977220662934948,0.0181318681318681,0.535989010989011,2.0579670329670328,False,True,True,True,True,True,True,True,True,False,,True,19,1,1
Eryth,overall,25,0.5,0.01,3000,50,250,500,126,126,107,123,0.0430546782104637,0.1046875192841931,0.0317460317460317,1.9587936507936508,2.620888888888889,False,True,True,True,True,True,True,True,True,False,,True,21,4,4
Eryth,overall,25,0.5,0.01,3000,50,500,1000,124,124,121,124,0.027409527112961,0.2074405349373982,0.06556517178075,4.714332546551272,2.5944794125360606,False,True,True,True,True,True,True,True,True,False,,True,20,7,5
Eryth,overall,25,0.5,0.01,3000,50,1000,2000,123,123,123,123,0.0105140406924344,0.3521168494073597,0.1332800213248034,10.051246168199388,2.1763961082233774,False,True,True,True,True,True,True,True,True,False,,True,20,11,6
Eryth,overall,25,0.5,0.01,3000,75,100,191,112,112,83,96,0.0763982203111469,0.0717513141620284,0.0153635778635778,0.283542471042471,1.321509009009009,False,True,True,True,True,True,True,True,True,False,,False,19,2,2
Eryth,overall,25,0.5,0.01,3000,75,250,493,146,146,121,141,0.0645739391837206,0.0921278526737833,0.0232876712328767,1.604723665564478,2.9195087387812944,False,True,True,True,True,True,True,True,True,False,,True,22,4,4
Eryth,overall,25,0.5,0.01,3000,75,500,983,150,150,142,147,0.0435598515380745,0.1656058765431917,0.0439821029082774,3.598076062639821,2.771096196868009,False,True,True,True,True,True,True,True,True,False,,True,22,7,6
Eryth,overall,25,0.5,0.01,3000,75,1000,1967,150,150,149,150,0.0213103316397513,0.2657238003840394,0.0880089485458613,7.9130648769574945,2.365413870246085,False,True,True,True,True,True,True,True,True,False,,True,22,10,6
Eryth,overall,25,0.5,0.01,3000,100,100,194,117,117,84,101,0.0617763468809073,0.0763612930279597,0.0142941349837901,0.3306071323312702,1.6179634541703507,False,True,True,True,True,True,True,True,True,False,,True,20,2,2
Eryth,overall,25,0.5,0.01,3000,100,250,488,145,145,118,142,0.0689437749681207,0.0804351056224654,0.0233716475095785,1.5387931034482758,2.666379310344828,False,True,True,True,True,True,True,True,True,False,,True,22,5,5
Eryth,overall,25,0.5,0.01,3000,100,500,976,152,152,143,148,0.0522726723825625,0.1580002111469363,0.0425235273614499,3.4923753921226908,2.760413035901011,False,True,True,True,True,True,True,True,True,False,,True,22,7,6
Eryth,overall,25,0.5,0.01,3000,100,1000,1946,152,152,151,152,0.0261220013151641,0.2539693784089055,0.0847856395956779,7.77195887068665,2.3760892296967584,False,True,True,True,True,True,True,True,True,False,,True,22,9,7
Eryth,overall,25,0.5,0.01,4000,10,100,200,35,35,34,34,0.0670632774472687,0.3319922141350713,0.1680672268907563,3.950420168067227,2.0747899159663867,False,True,True,True,True,True,True,True,True,False,,False,14,6,5
Eryth,overall,25,0.5,0.01,4000,10,250,393,35,35,35,34,-0.0010941839912465,0.6276885716818222,0.3302521008403361,7.957142857142857,1.6840336134453782,False,True,True,True,True,True,True,True,True,False,,False,14,9,7
Eryth,overall,25,0.5,0.01,4000,10,500,394,35,35,35,34,-0.0014965050565139,0.6320367561197898,0.3310924369747899,7.959663865546219,1.6815126050420168,False,True,True,True,True,True,True,True,True,False,,False,14,9,7
Eryth,overall,25,0.5,0.01,4000,10,1000,392,35,35,35,34,0.0017067399863461,0.6249839874757092,0.3294117647058823,7.933613445378151,1.6857142857142855,False,True,True,True,True,True,True,True,True,False,,False,14,9,7
Eryth,overall,25,0.5,0.01,4000,25,100,200,69,69,59,68,0.0717908465161212,0.0912518238605195,0.0426257459505541,1.5179028132992327,3.016624040920716,False,True,True,True,True,True,True,True,True,False,,False,16,4,4
Eryth,overall,25,0.5,0.01,4000,25,250,500,69,69,65,69,0.0231596073432175,0.2924138999607151,0.1065643648763853,4.47847399829497,2.247442455242967,False,True,True,True,True,True,True,True,True,False,,False,16,6,6
Eryth,overall,25,0.5,0.01,4000,25,500,1000,69,69,69,69,-0.0100102993040167,0.5075961181124664,0.2131287297527706,9.60549872122762,1.9605711849957368,False,True,True,True,True,True,True,True,True,False,,False,16,9,7
Eryth,overall,25,0.5,0.01,4000,25,1000,1162,69,69,69,69,-0.0173086460098095,0.5532267463662158,0.2476555839727195,11.293904518329072,1.884910485933504,False,True,True,True,True,True,True,True,True,False,,False,16,9,7
Eryth,overall,25,0.5,0.01,4000,50,100,197,108,108,80,96,0.0644856873230576,0.1000280583613916,0.0170474212530287,0.5731221876081689,2.222135687088958,False,True,True,True,True,True,True,True,True,False,,True,19,1,1
Eryth,overall,25,0.5,0.01,4000,50,250,500,127,127,103,127,0.0425370861198121,0.115169918957401,0.0312460942382202,1.907199100112486,2.681289838770154,False,True,True,True,True,True,True,True,True,False,,True,20,5,5
Eryth,overall,25,0.5,0.01,4000,50,500,1000,128,128,122,128,0.0155753479070786,0.2084905029679156,0.061515748031496,4.5046751968503935,2.5350639763779528,False,True,True,True,True,True,True,True,True,False,,True,20,6,5
Eryth,overall,25,0.5,0.01,4000,50,1000,2000,128,128,127,128,0.0053856829802775,0.3309717007325078,0.1230314960629921,9.69617372047244,2.1662155511811023,False,True,True,True,True,True,True,True,True,False,,True,20,10,6
Eryth,overall,25,0.5,0.01,4000,75,100,197,117,117,83,102,0.0575345178813943,0.0678864345531012,0.0145151783082817,0.4608016504568228,2.2078544061302683,False,True,True,True,True,True,True,True,True,False,,True,21,2,2
Eryth,overall,25,0.5,0.01,4000,75,250,496,146,146,120,142,0.0566145816758425,0.0775014785225141,0.023429381199811,1.5249881908360887,2.794000944733113,False,True,True,True,True,True,True,True,True,False,,True,22,5,5
Eryth,overall,25,0.5,0.01,4000,75,500,985,150,150,141,148,0.0418731345780439,0.1615304307290518,0.0440715883668903,3.495123042505593,2.7008948545861298,False,True,True,True,True,True,True,True,True,False,,True,22,7,7
Eryth,overall,25,0.5,0.01,4000,75,1000,1992,151,151,151,151,0.0242146942695427,0.2490302380534543,0.0879470198675496,8.064724061810155,2.380794701986755,False,True,True,True,True,True,True,True,True,False,,True,22,9,7
Eryth,overall,25,0.5,0.01,4000,100,100,196,117,117,82,102,0.0544911207069118,0.084695551362218,0.0144414972001178,0.4440023577954612,2.288240495137047,False,True,True,True,True,True,True,True,True,False,,True,21,2,2
Eryth,overall,25,0.5,0.01,4000,100,250,498,149,149,121,146,0.0619074862892159,0.0768466936844354,0.0225829856702339,1.5200888808271358,2.811581715944132,False,True,True,True,True,True,True,True,True,False,,True,22,3,3
Eryth,overall,25,0.5,0.01,4000,100,500,989,154,154,143,151,0.0428167805770825,0.1505010609374417,0.0419743655037772,3.3823953823953823,2.68436465495289,False,True,True,True,True,True,True,True,True,False,,True,22,7,7
Eryth,overall,25,0.5,0.01,4000,100,1000,1973,154,154,154,154,0.0346172212127012,0.2458119311527948,0.0837365249129955,7.772515066632714,2.419022154316272,False,True,True,True,True,True,True,True,True,False,,True,22,9,7
Eryth,overall,25,0.5,0.02,2000,10,100,200,35,35,34,35,0.0499121517444153,0.3542009297891651,0.1680672268907563,3.943697478991597,2.157983193277311,False,True,True,True,True,True,True,True,False,False,,False,15,9,5
Eryth,overall,25,0.5,0.02,2000,10,250,326,35,35,35,35,0.0176801180662184,0.5280885894761057,0.2739495798319328,6.7100840336134455,1.8588235294117648,False,True,True,True,True,True,True,True,False,False,,False,15,13,8
Eryth,overall,25,0.5,0.02,2000,10,500,329,35,35,35,35,0.0188945865625546,0.5281856655118773,0.2764705882352941,6.848739495798319,1.850420168067227,False,True,True,True,True,True,True,True,False,False,,False,15,13,8
Eryth,overall,25,0.5,0.02,2000,10,1000,327,35,35,35,35,0.0135207100591716,0.5298699412341895,0.2747899159663866,6.778991596638655,1.8521008403361343,False,True,True,True,True,True,True,True,False,False,,False,15,13,8
Eryth,overall,25,0.5,0.02,2000,25,100,200,77,77,57,75,0.0873046018991965,0.2264129437212109,0.0341763499658236,1.1799384825700616,2.70933014354067,False,True,True,True,False,True,True,True,False,False,,True,16,5,3
Eryth,overall,25,0.5,0.02,2000,25,250,500,79,79,76,79,0.0827449070692313,0.2430856207557508,0.0811424862057773,3.935897435897436,2.5843881856540083,False,True,True,True,True,True,True,True,True,False,,True,18,7,3
Eryth,overall,25,0.5,0.02,2000,25,500,923,80,80,80,80,0.0328460108381788,0.3405832187290955,0.1460443037974683,7.772310126582278,2.1661392405063293,False,True,True,True,True,True,True,True,True,False,,True,18,16,8
Eryth,overall,25,0.5,0.02,2000,25,1000,965,79,79,79,79,0.0248061530112812,0.3632579608190808,0.1566049983771502,8.279292437520285,2.113599480688088,False,True,True,True,True,True,True,True,True,False,,True,18,16,8
Eryth,overall,25,0.5,0.02,2000,50,100,200,112,112,73,99,0.0385921231326391,0.0915296404723096,0.016087516087516,0.4779601029601029,1.8294723294723287,False,True,True,True,True,True,True,True,True,False,,False,19,5,3
Eryth,overall,25,0.5,0.02,2000,50,250,500,130,130,106,125,0.0705366077884021,0.1270471772928432,0.0298151460942158,1.7927251043530112,2.5862850327966607,False,True,True,True,True,True,True,True,True,False,,True,21,5,3
Eryth,overall,25,0.5,0.02,2000,50,500,1000,128,128,119,127,0.0575966348453444,0.2019472310888175,0.061515748031496,4.5076279527559056,2.443467027559055,False,True,True,True,True,True,True,True,True,False,,True,21,10,4
Eryth,overall,25,0.5,0.02,2000,50,1000,1781,127,127,127,127,0.0246392176199868,0.2942377749886118,0.1112985876765404,8.998000249968754,2.225471816022997,False,True,True,True,True,True,True,True,True,False,,True,21,17,9
Eryth,overall,25,0.5,0.02,2000,75,100,199,116,116,74,102,0.0680459835854614,0.0518059765904593,0.0149175412293853,0.3950524737631184,1.7258620689655173,False,True,True,True,True,True,True,True,True,False,,False,20,5,3
Eryth,overall,25,0.5,0.02,2000,75,250,499,147,147,114,141,0.0843900764668865,0.1032780070560279,0.0232503960488304,1.4210697977821265,2.5125803746156,False,True,True,True,True,True,True,True,True,False,,True,22,5,3
Eryth,overall,25,0.5,0.02,2000,75,500,995,149,149,135,147,0.0715272948912754,0.1637472353336035,0.0451206239796843,3.604344277163069,2.5400417195719207,False,True,True,True,True,True,True,True,True,False,,True,22,8,3
Eryth,overall,25,0.5,0.02,2000,75,1000,1980,150,150,150,150,0.0239185175619834,0.249210542739757,0.0885906040268456,8.298791946308725,2.33248322147651,False,True,True,True,True,True,True,True,True,False,,True,22,15,7
Eryth,overall,25,0.5,0.02,2000,100,100,198,118,118,79,104,0.0687073650132963,0.0636822743004198,0.014341590612777,0.3234101115457047,1.3549905838041432,False,True,True,True,True,True,True,True,True,False,,False,20,5,3
Eryth,overall,25,0.5,0.02,2000,100,250,498,148,148,113,145,0.0852386578449906,0.1096299994504433,0.0228902371759514,1.4413954771097628,2.683351719066005,False,True,True,True,True,True,True,True,True,False,,True,22,6,3
Eryth,overall,25,0.5,0.02,2000,100,500,995,153,153,137,151,0.0734815289014469,0.156312849333432,0.0427846577227382,3.4787581699346406,2.541494668042656,False,True,True,True,True,True,True,True,True,False,,True,22,7,3
Eryth,overall,25,0.5,0.02,2000,100,1000,2000,156,156,155,156,0.035247036375185,0.2364117183131694,0.0827129859387924,7.812903225806451,2.3785359801488832,False,True,True,True,True,True,True,True,True,False,,True,22,16,10
Eryth,overall,25,0.5,0.02,3000,10,100,200,37,37,35,37,0.0533822035128465,0.2961942844295785,0.1501501501501501,3.6381381381381375,2.1734234234234235,False,True,True,True,True,False,True,True,True,False,,False,15,6,3
Eryth,overall,25,0.5,0.02,3000,10,250,437,37,37,37,37,0.005944129384583,0.5564009991032473,0.3280780780780781,8.852852852852854,1.7522522522522523,False,True,True,True,True,False,True,True,True,False,,False,15,11,5
Eryth,overall,25,0.5,0.02,3000,10,500,442,37,37,37,37,0.0058045500447451,0.5591719297345896,0.3318318318318318,8.96996996996997,1.7462462462462462,False,True,True,True,True,False,True,True,True,False,,False,15,12,6
Eryth,overall,25,0.5,0.02,3000,10,1000,458,37,37,37,37,0.0033534026342975,0.5823230956539613,0.3438438438438438,9.353603603603604,1.7147147147147148,False,True,True,True,False,True,True,True,False,False,,False,14,12,6
Eryth,overall,25,0.5,0.02,3000,25,100,200,73,73,62,71,0.0921217301059186,0.121053959470559,0.0380517503805175,1.384703196347032,3.096461187214612,False,True,True,True,True,True,True,True,True,False,,True,17,5,3
Eryth,overall,25,0.5,0.02,3000,25,250,500,78,78,75,78,0.070056811008711,0.2221047191211153,0.0832500832500832,4.216949716949717,2.4905094905094907,False,True,True,True,True,True,True,True,True,False,,True,17,6,3
Eryth,overall,25,0.5,0.02,3000,25,500,1000,78,78,78,78,0.018959968816891,0.3601192054709812,0.1665001665001665,8.981851481851482,2.0401265401265403,False,True,True,True,True,True,True,True,True,False,,True,17,12,5
Eryth,overall,25,0.5,0.02,3000,25,1000,1411,79,79,79,79,0.0159802318668252,0.4590745948048167,0.2289840960727036,12.826517364492048,1.8653034728984097,False,True,True,True,False,True,True,True,True,False,,False,15,12,6
Eryth,overall,25,0.5,0.02,3000,50,100,196,106,106,71,93,0.0681581685744016,0.0447644752583709,0.0176100628930817,0.3472596585804133,1.3378256963162622,False,True,True,True,True,True,True,True,True,False,,False,19,5,3
Eryth,overall,25,0.5,0.02,3000,50,250,500,129,129,105,126,0.045877819133168,0.1187560221419515,0.0302810077519379,1.8094113372093024,2.537063953488372,False,True,True,True,True,True,True,True,True,False,,True,21,5,3
Eryth,overall,25,0.5,0.02,3000,50,500,1000,132,132,125,132,0.0496745392813173,0.1812354750653831,0.0578302105019662,4.476347443904696,2.5577723802914645,False,True,True,True,True,True,True,True,True,False,,True,21,7,3
Eryth,overall,25,0.5,0.02,3000,50,1000,2000,132,132,131,132,0.0171605897260865,0.2846397931896634,0.1156604210039324,9.952000925283368,2.159090909090909,False,True,True,True,True,True,True,True,True,False,,True,21,14,5
Eryth,overall,25,0.5,0.02,3000,75,100,197,114,114,72,101,0.0610080350620891,0.0410855570298294,0.0152926564198105,0.2897065673032138,1.1411271541686074,False,True,True,True,True,True,True,True,True,False,,False,20,5,3
Eryth,overall,25,0.5,0.02,3000,75,250,498,151,151,118,145,0.0933094090145372,0.0895810933690497,0.0219867549668874,1.391523178807947,2.7247240618101545,False,True,True,True,True,True,True,True,True,False,,True,21,6,4
Eryth,overall,25,0.5,0.02,3000,75,500,977,154,154,141,153,0.0800758108367215,0.1451940448025015,0.0414650708768355,3.5570834394363806,2.724896019013666,False,True,True,True,True,True,True,True,True,False,,True,22,9,5
Eryth,overall,25,0.5,0.02,3000,75,1000,1986,155,155,152,155,0.0384964019694483,0.2318599261173363,0.0832006702974444,8.094093003770423,2.307205697528278,False,True,True,True,True,True,True,True,True,False,,True,22,13,7
Eryth,overall,25,0.5,0.02,3000,100,100,197,116,116,71,102,0.0843535427319211,0.0237173605074213,0.014767616191904,0.2804347826086956,1.152023988005997,False,True,True,True,True,True,True,True,True,False,,False,20,5,3
Eryth,overall,25,0.5,0.02,3000,100,250,500,149,149,119,143,0.0820711016984731,0.0901375326594018,0.0226736803918011,1.4269454017776166,2.4415472519499364,False,True,True,True,True,True,True,True,True,False,,True,22,6,4
Eryth,overall,25,0.5,0.02,3000,100,500,992,155,155,141,155,0.0701997244522415,0.1414423182644994,0.0415584415584415,3.587892752408881,2.651529116045245,False,True,True,True,True,True,True,True,True,False,,True,22,8,4
Eryth,overall,25,0.5,0.02,3000,100,1000,1985,156,156,155,156,0.0400010667156656,0.2232686971330201,0.0820926385442514,8.229818031430934,2.3424731182795697,False,True,True,True,True,True,True,True,True,False,,True,22,13,6
Eryth,overall,25,0.5,0.02,4000,10,100,200,37,37,36,37,0.0535774775113854,0.3082103332103332,0.1501501501501501,3.651651651651652,2.262012012012012,False,True,True,True,True,False,True,True,True,False,,False,14,5,3
Eryth,overall,25,0.5,0.02,4000,10,250,452,37,37,37,37,0.0003339176892896,0.5778213992832381,0.3393393393393393,8.954954954954955,1.7605105105105106,False,True,True,True,True,False,True,True,True,False,,False,14,10,4
Eryth,overall,25,0.5,0.02,4000,10,500,474,37,37,37,37,-0.0064918790595999,0.606240488091343,0.3558558558558558,9.327327327327328,1.734984984984985,False,True,True,True,True,False,True,True,True,False,,False,14,12,5
Eryth,overall,25,0.5,0.02,4000,10,1000,474,37,37,37,37,-0.00389860833606,0.6063861568855511,0.3558558558558558,9.30855855855856,1.7357357357357357,False,True,True,True,True,False,True,True,True,False,,False,14,12,5
Eryth,overall,25,0.5,0.02,4000,25,100,200,73,73,61,70,0.0736728395061728,0.1156167406771758,0.0380517503805175,1.3234398782343988,2.981735159817352,False,True,True,True,True,True,True,True,True,False,,True,17,5,3
Eryth,overall,25,0.5,0.02,4000,25,250,500,79,79,75,79,0.0767978435558907,0.2059435224102689,0.0811424862057773,4.047224926971762,2.4881531970139563,False,True,True,True,True,True,True,True,True,False,,True,17,5,3
Eryth,overall,25,0.5,0.02,4000,25,500,1000,79,79,78,79,0.0303471549333422,0.3354043719211464,0.1622849724115546,8.993021746186303,2.0042194092827006,False,True,True,True,True,True,True,True,True,False,,True,17,9,3
Eryth,overall,25,0.5,0.02,4000,25,1000,1627,78,78,78,78,0.0007374436757207,0.5272660206189855,0.2708957708957709,15.013153513153512,1.7863802863802865,False,True,True,True,True,True,True,True,True,False,,True,17,15,6
Eryth,overall,25,0.5,0.02,4000,50,100,199,105,105,72,93,0.1129637287334593,0.0782498453927025,0.0182234432234432,0.5371794871794872,2.225915750915751,False,True,True,True,True,True,True,True,True,False,,True,22,7,5
Eryth,overall,25,0.5,0.02,4000,50,250,500,131,131,103,129,0.0662529726516052,0.1278393173921734,0.0293599530240751,1.7596007046388726,2.7708162066940694,False,True,True,True,True,True,True,True,True,False,,True,22,8,5
Eryth,overall,25,0.5,0.02,4000,50,500,1000,131,131,127,131,0.0361137784841717,0.1825852482313839,0.0587199060481503,4.605343511450382,2.6216676453317675,False,True,True,True,True,True,True,True,True,False,,True,22,8,4
Eryth,overall,25,0.5,0.02,4000,50,1000,2000,131,131,131,131,0.0182677288444674,0.2807677491882976,0.1174398120963006,10.266764533176747,2.1553728714034057,False,True,True,True,True,True,True,True,True,False,,True,22,13,6
Eryth,overall,25,0.5,0.02,4000,75,100,200,121,121,82,106,0.0559556786703601,0.0560530837390341,0.0137741046831955,0.2548209366391185,0.9789944903581268,False,True,True,True,True,True,True,True,True,False,,True,22,5,4
Eryth,overall,25,0.5,0.02,4000,75,250,496,146,146,115,142,0.0547037566884661,0.0958703825841957,0.023429381199811,1.4732640529050542,2.515729806329712,False,True,True,True,True,True,True,True,True,False,,True,22,6,4
Eryth,overall,25,0.5,0.02,4000,75,500,1000,154,154,141,154,0.0523603380746237,0.1383764755978231,0.0424412189118071,3.642347848230201,2.700280112044818,False,True,True,True,True,True,True,True,True,False,,True,22,8,4
Eryth,overall,25,0.5,0.02,4000,75,1000,2000,154,154,153,154,0.0345974916523555,0.219769449396424,0.0848824378236142,8.49719887955182,2.320388761565232,False,True,True,True,True,True,True,True,True,False,,True,22,13,6
Eryth,overall,25,0.5,0.02,4000,100,100,199,121,121,78,104,0.083473934055878,0.0400157032509973,0.0137052341597796,0.2610192837465565,1.193801652892562,False,True,True,True,True,True,True,True,True,False,,False,21,4,3
Eryth,overall,25,0.5,0.02,4000,100,250,500,150,150,119,146,0.0699714949468315,0.1032171898964468,0.0223713646532438,1.4824608501118568,2.7531991051454137,False,True,True,True,True,True,True,True,True,False,,True,22,6,4
Eryth,overall,25,0.5,0.02,4000,100,500,985,156,156,142,156,0.0648788119646251,0.1463475262020942,0.0407361455748552,3.4421422663358148,2.633498759305211,False,True,True,True,True,True,True,True,True,False,,True,22,8,4
Eryth,overall,25,0.5,0.02,4000,100,1000,2000,157,157,156,157,0.0378633139425783,0.2093366170588657,0.0816593173281071,8.355789645598563,2.3464396537644947,False,True,True,True,True,True,True,True,True,False,,True,22,11,6
Eryth,overall,25,0.5,0.03,2000,10,100,200,34,34,33,33,0.0884214369751308,0.3819171495050205,0.17825311942959,4.102495543672014,1.9581105169340465,False,True,True,False,False,False,True,True,False,False,,False,12,3,1
Eryth,overall,25,0.5,0.03,2000,10,250,304,34,34,34,33,0.0419422206752523,0.4956577542409695,0.2709447415329768,6.537433155080214,1.7344028520499108,False,True,True,False,False,False,True,True,False,False,,False,12,6,4
Eryth,overall,25,0.5,0.03,2000,10,500,303,34,34,34,33,0.0377789256198346,0.5125151933011435,0.2700534759358289,6.464349376114082,1.7397504456327986,False,True,True,False,False,False,True,True,False,False,,False,12,6,4
Eryth,overall,25,0.5,0.03,2000,10,1000,308,34,34,34,33,0.0434354199762714,0.4924651195139266,0.2745098039215686,6.675579322638146,1.732620320855615,False,True,True,False,False,False,True,True,False,False,,False,12,6,4
Eryth,overall,25,0.5,0.03,2000,25,100,200,72,72,57,69,0.1343976069106559,0.1549585769980506,0.0391236306729264,1.2703442879499218,2.546361502347418,False,True,True,True,True,True,True,True,True,False,,False,16,4,2
Eryth,overall,25,0.5,0.03,2000,25,250,500,76,76,71,75,0.0879454173499553,0.3028705606633788,0.087719298245614,3.883508771929825,2.3256140350877192,False,True,True,True,True,True,True,True,True,False,,False,16,7,3
Eryth,overall,25,0.5,0.03,2000,25,500,878,76,76,75,76,0.0602160938912528,0.3889656278948329,0.1540350877192982,7.496491228070176,2.014736842105263,False,True,True,True,False,True,True,True,False,False,,False,14,11,7
Eryth,overall,25,0.5,0.03,2000,25,1000,960,76,76,76,76,0.0573475175371023,0.4106221310990177,0.1684210526315789,8.33,2.081578947368421,False,True,True,True,False,True,True,True,False,False,,False,14,11,7
Eryth,overall,25,0.5,0.03,2000,50,100,199,109,109,71,102,0.1113350652453044,0.0682528480693618,0.0169045191980971,0.3517669045191981,1.442575603126062,False,True,True,True,True,True,True,True,True,False,,False,18,3,2
Eryth,overall,25,0.5,0.03,2000,50,250,500,127,127,100,125,0.092474939306132,0.1281581160086727,0.0312460942382202,1.778527684039495,2.398825146856643,False,True,True,True,True,True,True,True,True,False,,True,20,5,2
Eryth,overall,25,0.5,0.03,2000,50,500,1000,129,129,118,129,0.0714638792438271,0.2399775323121654,0.0605620155038759,4.332122093023256,2.387233527131783,False,True,True,True,True,True,True,True,True,False,,True,20,9,5
Eryth,overall,25,0.5,0.03,2000,50,1000,1778,131,131,131,131,0.0412864090558685,0.2896763271850447,0.1044039929536112,8.507516147974163,2.262066940692895,False,True,True,True,True,True,True,True,True,False,,True,20,15,9
Eryth,overall,25,0.5,0.03,2000,75,100,196,112,112,71,103,0.1257098765432098,0.0492284501213072,0.0157657657657657,0.2915862290862291,1.174469111969112,False,True,True,True,True,True,True,True,True,False,,False,19,3,2
Eryth,overall,25,0.5,0.03,2000,75,250,498,145,145,115,139,0.1188410554222951,0.1294653859739248,0.0238505747126436,1.451772030651341,2.5900383141762453,False,True,True,True,True,True,True,True,True,False,,True,21,5,2
Eryth,overall,25,0.5,0.03,2000,75,500,997,147,147,130,146,0.0755389387755102,0.223842858313594,0.0464541981176032,3.5814462771409934,2.494175752492778,False,True,True,True,True,True,True,True,True,False,,True,20,8,4
Eryth,overall,25,0.5,0.03,2000,75,1000,1888,146,146,146,146,0.041822697677579,0.2577145803372825,0.0891828058573453,7.969485120453472,2.356636750118092,False,True,True,True,True,True,True,True,True,False,,True,20,13,9
Eryth,overall,25,0.5,0.03,2000,100,100,198,114,114,73,107,0.1433796296296295,0.043219012955855,0.015370284117373,0.3106660456450861,1.2123117528334109,False,True,True,True,True,True,True,True,True,False,,False,19,4,2
Eryth,overall,25,0.5,0.03,2000,100,250,500,151,151,119,146,0.1085506172839506,0.1180739435073287,0.0220750551876379,1.3095805739514348,2.469271523178808,False,True,True,True,True,True,True,True,True,False,,True,22,5,2
Eryth,overall,25,0.5,0.03,2000,100,500,997,153,153,135,152,0.085888450531938,0.2088677561770046,0.0428706570347437,3.3983488132094943,2.5325077399380804,False,True,True,True,True,True,True,True,True,False,,True,22,8,4
Eryth,overall,25,0.5,0.03,2000,100,1000,1949,153,153,153,153,0.047073569855433,0.2473473706150598,0.0838063295493636,7.833505331957344,2.3901358789129685,False,True,True,True,True,True,True,True,True,False,,True,21,12,8
Eryth,overall,25,0.5,0.03,3000,10,100,200,36,36,35,36,0.0888050267697798,0.35580607663941,0.1587301587301587,3.815079365079365,2.203174603174604,False,True,True,False,False,False,True,True,False,False,,False,10,4,2
Eryth,overall,25,0.5,0.03,3000,10,250,429,37,37,37,37,0.0123307356969252,0.5785407067369644,0.322072072072072,8.545795795795796,1.743993993993994,False,True,True,False,False,False,True,True,False,False,,False,11,7,4
Eryth,overall,25,0.5,0.03,3000,10,500,409,36,36,36,36,0.008344916126431,0.5740900745210993,0.3246031746031746,8.384126984126985,1.7452380952380953,False,True,True,False,False,False,True,True,False,False,,False,10,7,4
Eryth,overall,25,0.5,0.03,3000,10,1000,410,36,36,36,36,0.0079903862371394,0.5781991294058305,0.3253968253968254,8.385714285714286,1.7444444444444445,False,True,True,False,False,False,True,True,False,False,,False,10,7,4
Eryth,overall,25,0.5,0.03,3000,25,100,200,74,74,63,72,0.1057915805785123,0.1375422316598787,0.0370233246945575,1.1525360977415773,2.840984820436875,False,True,True,True,False,True,True,True,True,False,,False,15,5,2
Eryth,overall,25,0.5,0.03,3000,25,250,500,79,79,74,79,0.0818246137476759,0.2470569003382961,0.0811424862057773,4.020772476468679,2.401168451801363,False,True,True,True,False,True,True,True,True,False,,False,15,6,2
Eryth,overall,25,0.5,0.03,3000,25,500,1000,79,79,78,79,0.0588396210354155,0.356818023245022,0.1622849724115546,8.902629016553067,2.015254787406686,False,True,True,True,False,True,True,True,True,False,,False,15,9,5
Eryth,overall,25,0.5,0.03,3000,25,1000,1400,79,79,79,79,0.0315636312133359,0.4461163028040733,0.2271989613761765,12.777345017851347,1.868873742291464,False,True,True,True,False,True,True,True,True,False,,False,15,12,7
Eryth,overall,25,0.5,0.03,3000,50,100,190,99,99,71,92,0.0824770146024878,0.0654981052485508,0.0195835910121624,0.4468150896722325,1.4882498453927024,False,True,True,True,True,True,True,True,True,False,,False,18,4,2
Eryth,overall,25,0.5,0.03,3000,50,250,500,125,125,104,124,0.113102108341028,0.1264669063719218,0.032258064516129,1.8078064516129035,2.501806451612904,False,True,True,True,True,True,True,True,True,False,,False,20,6,2
Eryth,overall,25,0.5,0.03,3000,50,500,1000,128,128,120,128,0.0746452168916977,0.1982114893083481,0.061515748031496,4.58962844488189,2.460199311023622,False,True,True,True,True,True,True,True,True,False,,True,21,7,3
Eryth,overall,25,0.5,0.03,3000,50,1000,2000,129,129,129,129,0.0351881510098293,0.2938027198304053,0.1211240310077519,10.379966085271318,2.1489825581395348,False,True,True,True,True,True,True,True,True,False,,True,21,13,8
Eryth,overall,25,0.5,0.03,3000,75,100,195,114,114,75,105,0.1132816240543905,0.0610045412676991,0.0151374010246856,0.3125291103865859,1.5430057444496197,False,True,True,True,True,True,True,True,True,False,,False,20,4,2
Eryth,overall,25,0.5,0.03,3000,75,250,500,150,150,118,146,0.1028789613615633,0.093721211240662,0.0223713646532438,1.448545861297539,2.8802237136465325,False,True,True,True,True,True,True,True,True,False,,False,21,6,2
Eryth,overall,25,0.5,0.03,3000,75,500,1000,152,152,140,152,0.0930350167410714,0.1616928169555701,0.043569187870338,3.7123126524921575,2.7183252004182643,False,True,True,True,True,True,True,True,True,False,,True,22,6,2
Eryth,overall,25,0.5,0.03,3000,75,1000,2000,153,153,152,153,0.0655647024108289,0.24000016628588,0.0859993120055039,8.472050223598211,2.324174406604747,False,True,True,True,True,True,True,True,True,False,,True,22,11,6
Eryth,overall,25,0.5,0.03,3000,100,100,190,112,112,74,103,0.1019204152249134,0.0666737528344671,0.0152831402831402,0.2848294723294723,1.3129826254826256,False,True,True,True,True,True,True,True,True,False,,False,20,4,2
Eryth,overall,25,0.5,0.03,3000,100,250,496,153,153,121,151,0.1082700289764273,0.0867574153073173,0.0213278293773649,1.361283109735122,2.727683178534572,False,True,True,True,True,True,True,True,True,False,,False,21,6,2
Eryth,overall,25,0.5,0.03,3000,100,500,1000,158,158,145,157,0.0811001342158418,0.1548048738746502,0.0403128275417237,3.4844392485688944,2.80706280738531,False,True,True,True,True,True,True,True,True,False,,True,22,6,2
Eryth,overall,25,0.5,0.03,3000,100,1000,1986,157,157,156,157,0.0541287933205718,0.2247936386802395,0.0810877021068103,8.144986117916055,2.359831781806304,False,True,True,True,True,True,True,True,True,False,,True,22,11,6
Eryth,overall,25,0.5,0.03,4000,10,100,200,37,37,35,37,0.0546930280957336,0.3563334925564028,0.1501501501501501,3.635135135135135,2.161411411411412,False,True,True,False,False,False,True,True,True,False,,False,12,5,3
Eryth,overall,25,0.5,0.03,4000,10,250,472,37,37,37,37,-0.0043916547113946,0.5775701432842367,0.3543543543543543,9.451951951951951,1.71996996996997,False,True,True,False,False,False,True,True,False,False,,False,11,6,4
Eryth,overall,25,0.5,0.03,4000,10,500,530,37,37,37,37,-0.002063696600624,0.6259167245105625,0.3978978978978979,11.036036036036036,1.656906906906907,False,True,True,False,False,False,True,True,True,False,,False,12,8,5
Eryth,overall,25,0.5,0.03,4000,10,1000,528,37,37,37,37,-0.0008822304901501,0.6163540218801753,0.3963963963963964,11.087087087087086,1.6546546546546546,False,True,True,False,False,False,True,True,True,False,,False,12,8,5
Eryth,overall,25,0.5,0.03,4000,25,100,200,77,77,59,74,0.0828244897959183,0.0984333847970211,0.0341763499658236,1.0587833219412166,2.552802460697197,False,True,True,True,False,True,True,True,True,False,,False,15,5,2
Eryth,overall,25,0.5,0.03,4000,25,250,500,81,81,77,81,0.0742853049439044,0.2135585098803555,0.0771604938271604,3.880401234567901,2.55,False,True,True,True,False,True,True,True,True,False,,False,15,7,3
Eryth,overall,25,0.5,0.03,4000,25,500,1000,81,81,79,81,0.0424660271782574,0.3260754794475732,0.1543209876543209,8.609104938271605,1.997530864197531,False,True,True,True,False,True,True,True,False,False,,False,14,7,3
Eryth,overall,25,0.5,0.03,4000,25,1000,1855,82,82,82,82,0.0211814470839445,0.5032556370436007,0.2792833483890394,16.940981632038543,1.760764829870521,False,True,True,True,False,True,True,True,True,False,,False,15,13,8
Eryth,overall,25,0.5,0.03,4000,50,100,195,105,105,69,96,0.0980720737974401,0.113466982752697,0.0178571428571428,0.4197802197802198,1.5809523809523809,False,True,True,True,True,True,True,True,True,False,,False,20,4,2
Eryth,overall,25,0.5,0.03,4000,50,250,500,132,132,111,132,0.0786668349955813,0.1141105910551611,0.0289151052509831,1.8555401341660884,3.0779551237566505,False,True,True,True,True,True,True,True,True,False,,False,20,6,2
Eryth,overall,25,0.5,0.03,4000,50,500,1000,131,131,124,131,0.0587510887980316,0.1901972863850574,0.0587199060481503,4.555901350557839,2.5900763358778627,False,True,True,True,True,True,True,True,True,False,,True,20,9,4
Eryth,overall,25,0.5,0.03,4000,50,1000,2000,133,133,132,133,0.0464634328518903,0.2641551512435532,0.1139211665527455,10.292378673957622,2.158236500341764,False,True,True,True,True,True,True,True,True,False,,True,21,11,6
Eryth,overall,25,0.5,0.03,4000,75,100,193,111,111,69,104,0.1077751354207953,0.0444334444334444,0.0158067158067158,0.2776412776412776,1.0228501228501228,False,True,True,True,True,True,True,True,True,False,,False,21,4,2
Eryth,overall,25,0.5,0.03,4000,75,250,500,150,150,121,150,0.1114887748588024,0.1032808215465504,0.0223713646532438,1.4507829977628637,3.0778523489932885,False,True,True,True,True,True,True,True,True,False,,False,21,7,3
Eryth,overall,25,0.5,0.03,4000,75,500,1000,152,152,143,152,0.092022607922346,0.1329137507176007,0.043569187870338,3.842671662600209,2.8093412338794006,False,True,True,True,True,True,True,True,True,False,,True,22,9,4
Eryth,overall,25,0.5,0.03,4000,75,1000,2000,152,152,150,152,0.0530739175865143,0.2274630079856654,0.0871383757406761,8.696148483792262,2.289342976646916,False,True,True,True,True,True,True,True,True,False,,True,22,12,7
Eryth,overall,25,0.5,0.03,4000,100,100,194,115,115,72,107,0.1107972478222446,0.065558740776132,0.0147978642257818,0.3139588100686499,1.250190694126621,False,True,True,True,True,True,True,True,True,False,,False,21,4,2
Eryth,overall,25,0.5,0.03,4000,100,250,492,153,153,124,152,0.1172290812049543,0.0938386340414428,0.0211558307533539,1.3230564155486757,2.9097867217062263,False,True,True,True,True,True,True,True,True,False,,False,21,7,3
Eryth,overall,25,0.5,0.03,4000,100,500,989,155,155,145,155,0.086454460847075,0.1310106989644307,0.0414327607875995,3.677335567658148,2.7967322999581063,False,True,True,True,True,True,True,True,True,False,,True,22,9,4
Eryth,overall,25,0.5,0.03,4000,100,1000,1981,155,155,154,155,0.0525870890760049,0.2115615916708615,0.082991202346041,8.459279430247172,2.348010054461668,False,True,True,True,True,True,True,True,True,False,,True,22,11,6
Eryth,overall,25,0.75,0.005,2000,10,100,200,35,35,35,32,0.0159824689554419,0.3537976893615991,0.1680672268907563,3.3907563025210083,2.1369747899159663,False,True,True,True,False,True,True,True,True,False,,False,12,6,4
Eryth,overall,25,0.75,0.005,2000,10,250,257,35,35,35,32,-0.0089319470699432,0.4384732906033599,0.2159663865546218,4.321008403361344,1.922689075630252,False,True,True,True,False,True,True,True,True,False,,False,12,6,4
Eryth,overall,25,0.75,0.005,2000,10,500,255,35,35,35,32,-0.0058768082486919,0.4380948878994184,0.2142857142857142,4.284873949579832,1.931932773109244,False,True,True,True,False,True,True,True,True,False,,False,12,6,4
Eryth,overall,25,0.75,0.005,2000,10,1000,239,34,34,34,31,-0.0116956360946745,0.4206814427402663,0.21301247771836,4.461675579322638,1.85650623885918,False,True,True,True,False,True,True,True,True,False,,False,11,6,4
Eryth,overall,25,0.75,0.005,2000,25,100,200,74,74,59,66,0.0567593292461017,0.1475185475185474,0.0370233246945575,1.1540170307293596,2.565346168085894,False,True,True,True,True,True,True,True,True,False,,False,16,3,3
Eryth,overall,25,0.75,0.005,2000,25,250,500,76,76,74,71,0.0097840345112039,0.2698119762207193,0.087719298245614,3.5875438596491227,2.428421052631579,False,True,True,True,True,True,True,True,True,False,,False,16,6,4
Eryth,overall,25,0.75,0.005,2000,25,500,726,76,76,76,72,0.0161441680575385,0.3541040483281661,0.1273684210526315,5.294736842105263,2.2217543859649123,False,True,True,True,True,True,True,True,True,False,,False,16,7,4
Eryth,overall,25,0.75,0.005,2000,25,1000,727,76,76,76,72,0.0158765872131877,0.3532306204632511,0.1275438596491228,5.288245614035088,2.2240350877192983,False,True,True,True,True,True,True,True,True,False,,False,16,7,4
Eryth,overall,25,0.75,0.005,2000,50,100,200,103,103,71,90,0.0408157671116471,0.0542854664213887,0.0190367409099562,0.6129830573005901,2.23472301541976,False,True,True,True,True,True,True,True,True,False,,False,19,4,4
Eryth,overall,25,0.75,0.005,2000,50,250,500,118,118,101,113,0.0106105709092969,0.1437982962610282,0.0362161379110531,1.8888888888888888,2.658119658119658,False,True,True,True,True,True,True,True,True,False,,False,19,4,4
Eryth,overall,25,0.75,0.005,2000,50,500,1000,120,120,119,115,0.0039006606178558,0.2377860339340588,0.0700280112044818,4.479481792717087,2.574019607843137,False,True,True,True,True,True,True,True,True,False,,True,20,8,5
Eryth,overall,25,0.75,0.005,2000,50,1000,1545,122,122,122,119,-0.0054776790217332,0.3188499799043258,0.1046606150928058,7.087792981980761,2.3116108928329493,False,True,True,True,True,True,True,True,True,False,,True,20,10,7
Eryth,overall,25,0.75,0.005,2000,75,100,198,117,117,79,97,0.0326454293628809,0.0343579023066202,0.0145888594164456,0.3826996758031241,1.8306071323312705,False,True,True,True,True,True,True,True,True,False,,False,21,3,3
Eryth,overall,25,0.75,0.005,2000,75,250,482,137,137,111,127,0.0240495312125844,0.1293320347516862,0.0258694718763417,1.416487762988407,2.693913696865608,False,True,True,True,True,True,True,True,True,False,,False,21,3,3
Eryth,overall,25,0.75,0.005,2000,75,500,957,138,138,135,133,0.0149969171497251,0.1910258168198584,0.0506188511583624,3.6197503438061993,2.894689516555591,False,True,True,True,True,True,True,True,True,False,,True,22,8,5
Eryth,overall,25,0.75,0.005,2000,75,1000,1908,140,140,140,138,0.0077944444444444,0.2974765943517102,0.0980472764645426,7.594141829393628,2.369373072970195,False,True,True,True,True,True,True,True,True,False,,True,22,10,6
Eryth,overall,25,0.75,0.005,2000,100,100,192,109,109,75,90,0.0883951213621542,0.0609549981109614,0.0163098878695209,0.4876826367652055,2.0123173632347946,False,True,True,True,True,True,True,True,True,False,,False,21,3,3
Eryth,overall,25,0.75,0.005,2000,100,250,484,137,137,114,126,0.049805209158393,0.1377606434129597,0.0259768140832975,1.4772971232288536,2.866305281236582,False,True,True,True,True,True,True,True,True,False,,False,21,3,3
Eryth,overall,25,0.75,0.005,2000,100,500,964,142,142,134,136,0.0486359877126654,0.1967543445844485,0.0481470382579162,3.4258315852562182,2.722804914593947,False,True,True,True,True,True,True,True,True,False,,True,22,7,5
Eryth,overall,25,0.75,0.005,2000,100,1000,1873,139,139,139,137,0.0124767972192656,0.3018624651617075,0.0976436242310499,7.4769054321759985,2.3715462412678554,False,True,True,True,True,True,True,True,True,False,,True,22,10,6
Eryth,overall,25,0.75,0.005,3000,10,100,200,36,36,35,33,-0.0083927061949039,0.359579404799993,0.1587301587301587,3.330952380952381,2.046031746031746,False,True,True,True,False,True,True,True,True,False,,False,12,7,5
Eryth,overall,25,0.75,0.005,3000,10,250,315,36,36,36,33,-0.0349944116853586,0.5253696287571977,0.25,5.059523809523809,1.815079365079365,False,True,True,True,False,True,True,True,True,False,,False,12,7,5
Eryth,overall,25,0.75,0.005,3000,10,500,315,36,36,36,33,-0.0349944116853586,0.5253696287571977,0.25,5.059523809523809,1.815079365079365,False,True,True,True,False,True,True,True,True,False,,False,12,7,5
Eryth,overall,25,0.75,0.005,3000,10,1000,315,36,36,36,33,-0.0349944116853586,0.5253696287571977,0.25,5.059523809523809,1.815079365079365,False,True,True,True,False,True,True,True,True,False,,False,12,7,5
Eryth,overall,25,0.75,0.005,3000,25,100,200,72,72,62,64,0.0569466764061358,0.1204261787595121,0.0391236306729264,1.2812989045383412,2.7204616588419404,False,True,True,True,True,True,True,True,True,False,,False,16,3,3
Eryth,overall,25,0.75,0.005,3000,25,250,500,75,75,74,71,0.0166545948392938,0.2959233719028926,0.09009009009009,3.5731531531531533,2.508288288288288,False,True,True,True,True,True,True,True,True,False,,False,16,6,5
Eryth,overall,25,0.75,0.005,3000,25,500,869,75,75,75,73,0.0002826615410707,0.4533818627699995,0.1565765765765766,6.489009009009009,2.1704504504504505,False,True,True,True,True,True,True,True,True,False,,False,16,8,5
Eryth,overall,25,0.75,0.005,3000,25,1000,869,75,75,75,73,0.0002826615410707,0.4533818627699995,0.1565765765765766,6.489009009009009,2.1704504504504505,False,True,True,True,True,True,True,True,True,False,,False,16,8,5
Eryth,overall,25,0.75,0.005,3000,50,100,197,105,105,73,90,0.0133254948069762,0.0400442943300086,0.018040293040293,0.4847985347985348,1.7524725274725277,False,True,True,True,True,True,True,True,True,False,,False,19,3,3
Eryth,overall,25,0.75,0.005,3000,50,250,500,118,118,96,113,0.013720873234012,0.1287002925945201,0.0362161379110531,1.824062002028104,2.4357525713457915,False,True,True,True,True,True,True,True,True,False,,True,20,5,5
Eryth,overall,25,0.75,0.005,3000,50,500,978,120,120,114,116,-0.0026605297574094,0.2419992263371025,0.0684873949579832,4.213655462184874,2.5193977591036414,False,True,True,True,True,True,True,True,True,False,,True,20,9,6
Eryth,overall,25,0.75,0.005,3000,50,1000,1885,120,120,120,118,-0.0148058502670098,0.3948317149497026,0.1320028011204481,8.862745098039216,2.1754201680672267,False,True,True,True,True,True,True,True,True,False,,True,20,11,7
Eryth,overall,25,0.75,0.005,3000,75,100,193,114,114,83,95,0.0538501560874089,0.0424202989992463,0.0149821456295606,0.3750970346219531,1.7855146716348391,False,True,True,True,True,True,True,True,True,False,,False,21,3,3
Eryth,overall,25,0.75,0.005,3000,75,250,488,139,139,115,129,0.0075959218257842,0.120815851336652,0.0254405171514961,1.4414033990199144,2.746637472630592,False,True,True,True,True,True,True,True,True,False,,False,21,4,4
Eryth,overall,25,0.75,0.005,3000,75,500,955,140,140,131,136,-0.0119264983505272,0.1879583009433663,0.0490750256937307,3.291932168550874,2.8310894141829395,False,True,True,True,True,True,True,True,True,False,,True,22,6,5
Eryth,overall,25,0.75,0.005,3000,75,1000,1897,140,140,140,138,-0.0179111117551141,0.3214065951716515,0.0974820143884892,7.475282631038027,2.371223021582734,False,True,True,True,True,True,True,True,True,False,,True,22,9,6
Eryth,overall,25,0.75,0.005,3000,100,100,195,114,114,83,95,0.0664875003499341,0.051951070372123,0.0151374010246856,0.3828598043782021,1.7981679863375253,False,True,True,True,True,True,True,True,True,False,,False,21,3,3
Eryth,overall,25,0.75,0.005,3000,100,250,488,141,141,119,131,0.0263037573562698,0.107630188045209,0.0247213779128672,1.4788753799392098,3.4765450861195544,False,True,True,True,True,True,True,True,True,False,,True,22,3,3
Eryth,overall,25,0.75,0.005,3000,100,500,956,141,141,132,136,0.0089631330651251,0.1901805004465932,0.0484295845997973,3.236018237082067,2.816514690982776,False,True,True,True,True,True,True,True,True,False,,True,22,7,5
Eryth,overall,25,0.75,0.005,3000,100,1000,1899,141,141,141,139,-0.0105470536034729,0.3194031773418423,0.0962006079027355,7.36838905775076,2.388399189463019,False,True,True,True,True,True,True,True,True,False,,True,22,9,6
Eryth,overall,25,0.75,0.005,4000,10,100,200,35,35,33,32,-0.0201284865702479,0.3844879222698772,0.1680672268907563,3.3336134453781514,1.8899159663865543,False,True,True,True,False,True,True,True,True,False,,False,11,6,4
Eryth,overall,25,0.75,0.005,4000,10,250,315,36,36,36,33,-0.0349944116853586,0.5253696287571977,0.25,5.059523809523809,1.815079365079365,False,True,True,True,False,True,True,True,True,False,,False,12,7,5
Eryth,overall,25,0.75,0.005,4000,10,500,299,35,35,35,32,-0.03900146484375,0.551961561148012,0.2512605042016806,5.137815126050421,1.7428571428571429,False,True,True,True,False,True,True,True,True,False,,False,11,6,4
Eryth,overall,25,0.75,0.005,4000,10,1000,315,36,36,36,33,-0.0349944116853586,0.5253696287571977,0.25,5.059523809523809,1.815079365079365,False,True,True,True,False,True,True,True,True,False,,False,12,7,5
Eryth,overall,25,0.75,0.005,4000,25,100,200,73,73,63,65,0.0551508844953173,0.1298355373697839,0.0380517503805175,1.2646499238964992,2.7825342465753424,False,True,True,True,True,True,True,True,True,False,,False,16,3,3
Eryth,overall,25,0.75,0.005,4000,25,250,500,76,76,74,73,0.0270701454034865,0.2836459393649358,0.087719298245614,3.63280701754386,2.477543859649123,False,True,True,True,True,True,True,True,True,False,,False,16,6,6
Eryth,overall,25,0.75,0.005,4000,25,500,869,75,75,75,73,0.0002826615410707,0.4533818627699995,0.1565765765765766,6.489009009009009,2.1704504504504505,False,True,True,True,True,True,True,True,True,False,,False,16,8,5
Eryth,overall,25,0.75,0.005,4000,25,1000,869,75,75,75,73,0.0002826615410707,0.4533818627699995,0.1565765765765766,6.489009009009009,2.1704504504504505,False,True,True,True,True,True,True,True,True,False,,False,16,8,5
Eryth,overall,25,0.75,0.005,4000,50,100,197,105,105,72,90,0.0160110803324099,0.049599025313311,0.018040293040293,0.4772893772893773,1.7222527472527474,False,True,True,True,True,True,True,True,True,False,,False,19,3,3
Eryth,overall,25,0.75,0.005,4000,50,250,487,120,120,100,112,-0.0123132803210463,0.1377479845451308,0.0341036414565826,1.7873249299719889,2.850070028011205,False,True,True,True,True,True,True,True,True,False,,True,20,3,3
Eryth,overall,25,0.75,0.005,4000,50,500,978,120,120,114,116,-0.00918880752595,0.2438225342046056,0.0684873949579832,4.209663865546219,2.5204481792717086,False,True,True,True,True,True,True,True,True,False,,True,20,9,6
Eryth,overall,25,0.75,0.005,4000,50,1000,1890,119,119,119,118,-0.0112558044635488,0.4093376697456254,0.1345962113659023,8.998077196980487,2.1967668423301525,False,True,True,True,True,True,True,True,True,False,,True,20,11,8
Eryth,overall,25,0.75,0.005,4000,75,100,195,111,111,83,91,0.0473754191235981,0.0467865967865967,0.0159705159705159,0.5123669123669123,2.1747747747747748,False,True,True,True,True,True,True,True,True,False,,False,19,3,3
Eryth,overall,25,0.75,0.005,4000,75,250,489,141,141,117,131,0.0176233589859665,0.106156373996251,0.0247720364741641,1.4494934143870315,3.310739614994934,False,True,True,True,True,True,True,True,True,False,,True,22,3,3
Eryth,overall,25,0.75,0.005,4000,75,500,956,140,140,131,136,-0.0100358073419916,0.1867047378818027,0.0491264131551901,3.288283658787256,2.8163926002055497,False,True,True,True,True,True,True,True,True,False,,True,22,6,5
Eryth,overall,25,0.75,0.005,4000,75,1000,1899,140,140,140,138,-0.0168613412845848,0.3213127467276271,0.097584789311408,7.47589928057554,2.37327852004111,False,True,True,True,True,True,True,True,True,False,,True,22,9,6
Eryth,overall,25,0.75,0.005,4000,100,100,193,114,114,83,95,0.0602533672681518,0.0423025317762159,0.0149821456295606,0.3768824716658904,1.7998757956839,False,True,True,True,True,True,True,True,True,False,,False,21,3,3
Eryth,overall,25,0.75,0.005,4000,100,250,489,141,141,118,131,0.0270733363512902,0.1131244991073351,0.0247720364741641,1.4330800405268491,2.9993920972644377,False,True,True,True,True,True,True,True,True,False,,True,22,3,3
Eryth,overall,25,0.75,0.005,4000,100,500,956,141,141,132,136,0.0057237043176923,0.1891176217392405,0.0484295845997973,3.2561803444782167,2.8069908814589666,False,True,True,True,True,True,True,True,True,False,,True,22,6,5
Eryth,overall,25,0.75,0.005,4000,100,1000,1899,141,141,141,139,-0.0088030394895547,0.3208057050660962,0.0962006079027355,7.384093211752786,2.3835359675785206,False,True,True,True,True,True,True,True,True,False,,True,22,9,6
Eryth,overall,25,0.75,0.01,2000,10,100,200,34,34,34,32,0.0401066104886846,0.384505625194935,0.17825311942959,3.721033868092692,2.057932263814617,False,True,True,True,True,True,True,True,True,False,,False,15,5,4
Eryth,overall,25,0.75,0.01,2000,10,250,279,34,34,34,32,0.005921231326392,0.4998501294836207,0.248663101604278,5.361853832442068,1.8057040998217468,False,True,True,True,True,True,True,True,True,False,,False,15,8,6
Eryth,overall,25,0.75,0.01,2000,10,500,280,34,34,34,32,0.0051063829787233,0.4980916114379964,0.249554367201426,5.362745098039215,1.8021390374331552,False,True,True,True,True,True,True,True,True,False,,False,15,8,6
Eryth,overall,25,0.75,0.01,2000,10,1000,278,34,34,34,32,-0.0008841570115493,0.4904066373133939,0.2477718360071301,5.303921568627451,1.8092691622103387,False,True,True,True,True,True,True,True,True,False,,False,15,8,6
Eryth,overall,25,0.75,0.01,2000,25,100,200,71,71,52,69,0.0752784496401803,0.1485327730356727,0.0402414486921529,1.262374245472837,2.23158953722334,False,True,True,True,True,True,True,True,True,False,,False,15,4,4
Eryth,overall,25,0.75,0.01,2000,25,250,500,72,72,67,70,0.026955444487163,0.3081207218855942,0.0978090766823161,4.007237871674492,2.174687010954617,False,True,True,True,True,True,True,True,True,False,,False,15,7,6
Eryth,overall,25,0.75,0.01,2000,25,500,827,73,73,73,71,-0.0008752639067166,0.4039501043881668,0.1573439878234399,7.039573820395738,2.130517503805175,False,True,True,True,True,True,True,True,True,False,,False,15,8,6
Eryth,overall,25,0.75,0.01,2000,25,1000,807,72,72,72,70,-0.002626453860538,0.4228689519867605,0.1578638497652582,6.927621283255086,2.11189358372457,False,True,True,True,True,True,True,True,True,False,,False,15,8,6
Eryth,overall,25,0.75,0.01,2000,50,100,200,107,107,74,100,0.0848060941828255,0.0789137653623634,0.0176335743255157,0.5941632868982543,2.369158878504673,False,True,True,True,True,True,True,True,True,False,,True,20,2,2
Eryth,overall,25,0.75,0.01,2000,50,250,500,122,122,107,120,0.0463549284924961,0.1288843925618782,0.0338707492209727,1.953190624576616,2.704105134805582,False,True,True,True,True,True,True,True,True,False,,True,20,6,5
Eryth,overall,25,0.75,0.01,2000,50,500,1000,125,125,116,123,0.023554199799346,0.2194688931210349,0.064516129032258,4.365032258064516,2.4106451612903226,False,True,True,True,True,True,True,True,True,False,,True,20,8,5
Eryth,overall,25,0.75,0.01,2000,50,1000,1855,126,126,126,126,0.0031873883967648,0.3258520386329605,0.1177777777777777,8.933714285714286,2.270920634920635,False,True,True,True,True,True,True,True,True,False,,True,20,11,6
Eryth,overall,25,0.75,0.01,2000,75,100,193,117,117,80,100,0.0577812463868655,0.0502084335417668,0.0142204538756262,0.4293398172708517,1.8902151488358383,False,True,True,True,True,True,True,True,True,False,,True,22,2,2
Eryth,overall,25,0.75,0.01,2000,75,250,487,140,140,116,135,0.0660113421550094,0.0836241883577133,0.0250256937307297,1.517934224049332,2.480421377183967,False,True,True,True,True,True,True,True,True,False,,True,22,5,4
Eryth,overall,25,0.75,0.01,2000,75,500,973,145,145,135,142,0.0511955219064048,0.1992026625945079,0.0465996168582375,3.4766283524904216,2.685919540229885,False,True,True,True,True,True,True,True,True,False,,True,22,9,7
Eryth,overall,25,0.75,0.01,2000,75,1000,1971,146,146,145,146,0.0226732258331749,0.277004088737482,0.093103448275862,8.029003306565896,2.368823807274445,False,True,True,True,True,True,True,True,True,False,,True,21,9,5
Eryth,overall,25,0.75,0.01,2000,100,100,190,116,116,82,99,0.0553816162570888,0.0480133850823506,0.0142428785607196,0.4043478260869565,1.7359820089955025,False,True,True,True,True,True,True,True,True,False,,True,21,2,2
Eryth,overall,25,0.75,0.01,2000,100,250,481,143,143,117,137,0.0462726658973708,0.0937405178793821,0.0236875800256081,1.4248990446173544,2.463754555303851,False,True,True,True,True,True,True,True,True,False,,True,22,6,5
Eryth,overall,25,0.75,0.01,2000,100,500,960,147,147,138,144,0.0366283843245608,0.1881902648699841,0.0447302208554654,3.3943714472090205,2.75649986021806,False,True,True,True,True,True,True,True,True,False,,True,22,9,7
Eryth,overall,25,0.75,0.01,2000,100,1000,1917,147,147,145,147,0.0123426625552181,0.27542733820307,0.0893206597707576,7.650172397726214,2.3697698257385147,False,True,True,True,True,True,True,True,True,False,,True,22,11,7
Eryth,overall,25,0.75,0.01,3000,10,100,200,34,34,33,32,0.0366957325934733,0.3458654611541154,0.17825311942959,3.728163992869875,1.9777183600713013,False,True,True,True,True,True,True,True,False,False,,False,13,6,5
Eryth,overall,25,0.75,0.01,3000,10,250,349,35,35,35,34,0.0027548369812111,0.5552169746083558,0.2932773109243697,6.739495798319328,1.765546218487395,False,True,True,True,True,True,True,True,True,False,,False,15,8,6
Eryth,overall,25,0.75,0.01,3000,10,500,320,34,34,34,32,0.0030700044553352,0.5341408876460898,0.285204991087344,6.290552584670232,1.7094474153297683,False,True,True,True,True,True,True,True,False,False,,False,13,8,6
Eryth,overall,25,0.75,0.01,3000,10,1000,322,34,34,34,32,-0.0002110537710543,0.5397418515177813,0.2869875222816399,6.365418894830659,1.711229946524064,False,True,True,True,True,True,True,True,False,False,,False,13,8,6
Eryth,overall,25,0.75,0.01,3000,25,100,200,71,71,53,69,0.0618991964937911,0.1483150652164736,0.0402414486921529,1.2887323943661972,2.423138832997988,False,True,True,True,True,True,True,True,True,False,,False,16,5,5
Eryth,overall,25,0.75,0.01,3000,25,250,500,72,72,67,72,0.0430912835376899,0.2585683244090989,0.0978090766823161,4.251173708920188,2.283450704225352,False,True,True,True,True,True,True,True,True,False,,False,16,7,6
Eryth,overall,25,0.75,0.01,3000,25,500,956,73,73,71,73,-0.0041113865594611,0.433944554007603,0.1818873668188736,8.339992389649924,1.9807838660578387,False,True,True,True,True,True,True,True,True,False,,False,16,8,6
Eryth,overall,25,0.75,0.01,3000,25,1000,1115,73,73,73,73,-0.0100337550568167,0.4776082132166201,0.2121385083713851,10.024733637747335,1.9830669710806696,False,True,True,True,True,True,True,True,True,False,,False,16,8,6
Eryth,overall,25,0.75,0.01,3000,50,100,199,106,106,78,99,0.0406716840199185,0.0784305317324185,0.0178796046720575,0.593351302785265,2.15696316262354,False,True,True,True,True,True,True,True,True,False,,True,21,2,2
Eryth,overall,25,0.75,0.01,3000,50,250,500,124,124,106,122,0.0360873694207027,0.1171433614996928,0.032782585890375,2.0147521636506687,2.7142014162077106,False,True,True,True,True,True,True,True,True,False,,True,21,6,5
Eryth,overall,25,0.75,0.01,3000,50,500,1000,127,127,121,126,0.0324714721214242,0.1957482101392087,0.0624921884764404,4.423759530058742,2.5088113985751783,False,True,True,True,True,True,True,True,True,False,,True,21,5,5
Eryth,overall,25,0.75,0.01,3000,50,1000,2000,124,124,123,124,0.00954390168074,0.3527416775200084,0.1311303435615001,9.931615525832678,2.1601757146603724,False,True,True,True,True,True,True,True,True,False,,True,21,11,6
Eryth,overall,25,0.75,0.01,3000,75,100,192,117,117,82,105,0.0684369092627599,0.0808241141574475,0.0141467727674624,0.3365753020925435,1.5347774830533452,False,True,True,True,True,True,True,True,True,False,,False,21,2,2
Eryth,overall,25,0.75,0.01,3000,75,250,487,140,140,116,135,0.0633422093117082,0.0990070593321367,0.0250256937307297,1.625436793422405,2.6683967112024667,False,True,True,True,True,True,True,True,True,False,,True,22,5,5
Eryth,overall,25,0.75,0.01,3000,75,500,970,144,144,134,141,0.0409406182909608,0.1643474576872179,0.0471056721056721,3.616452991452992,2.6243201243201244,False,True,True,True,True,True,True,True,True,False,,True,22,6,5
Eryth,overall,25,0.75,0.01,3000,75,1000,1940,144,144,144,144,0.0144593942246113,0.2692270074534197,0.0942113442113442,8.208721833721834,2.3478535353535355,False,True,True,True,True,True,True,True,True,False,,True,22,10,7
Eryth,overall,25,0.75,0.01,3000,100,100,192,115,115,84,102,0.0645883723013526,0.0797107723194679,0.0146453089244851,0.3310450038138825,1.5500381388253242,False,True,True,True,True,True,True,True,True,False,,False,21,2,2
Eryth,overall,25,0.75,0.01,3000,100,250,484,141,141,117,135,0.0636590104647583,0.110702025445784,0.0245187436676798,1.5876393110435665,2.762613981762918,False,True,True,True,True,True,True,True,True,False,,True,22,4,4
Eryth,overall,25,0.75,0.01,3000,100,500,959,146,146,135,143,0.0290000191525935,0.1605569383613291,0.0452999527633443,3.52796410014171,2.6533774208786016,False,True,True,True,True,True,True,True,True,False,,True,22,6,5
Eryth,overall,25,0.75,0.01,3000,100,1000,1920,147,147,147,147,0.0213907102849097,0.2567294146573879,0.0894604417109309,7.892181530146305,2.394278259248905,False,True,True,True,True,True,True,True,True,False,,True,22,10,7
Eryth,overall,25,0.75,0.01,4000,10,100,200,35,35,33,34,0.0478437809924421,0.3186584050869765,0.1680672268907563,3.668067226890756,1.9915966386554624,False,True,True,True,True,True,True,True,True,False,,False,14,5,5
Eryth,overall,25,0.75,0.01,4000,10,250,405,35,35,35,34,-0.0068381519274376,0.6675448048868454,0.3403361344537815,7.89327731092437,1.673109243697479,False,True,True,True,True,True,True,True,True,False,,False,14,10,8
Eryth,overall,25,0.75,0.01,4000,10,500,406,35,35,35,34,-0.0078542560029585,0.6674074811107866,0.3411764705882353,7.905882352941177,1.673109243697479,False,True,True,True,True,True,True,True,True,False,,False,14,10,8
Eryth,overall,25,0.75,0.01,4000,10,1000,407,35,35,35,33,-0.0140120294052127,0.6631496145962315,0.3420168067226891,7.703361344537815,1.623529411764706,False,True,True,True,True,True,True,True,True,False,,False,15,9,7
Eryth,overall,25,0.75,0.01,4000,25,100,200,70,70,54,70,0.0384155991519603,0.1087832802118516,0.041407867494824,1.4043478260869566,2.5149068322981365,False,True,True,True,True,True,True,True,True,False,,False,16,5,5
Eryth,overall,25,0.75,0.01,4000,25,250,500,70,70,64,70,0.0125925925925925,0.2742630777551455,0.10351966873706,4.153830227743272,2.2233954451345754,False,True,True,True,True,True,True,True,True,False,,False,16,7,7
Eryth,overall,25,0.75,0.01,4000,25,500,1000,71,71,71,71,-0.0130728717801398,0.4671707086612435,0.2012072434607646,9.225754527162978,1.996780684104628,False,True,True,True,True,True,True,True,True,False,,False,16,9,7
Eryth,overall,25,0.75,0.01,4000,25,1000,1216,70,70,70,70,-0.0173000072090601,0.5690946824266104,0.25175983436853,11.311180124223602,1.889855072463768,False,True,True,True,True,True,True,True,True,False,,False,16,10,8
Eryth,overall,25,0.75,0.01,4000,50,100,199,113,113,78,101,0.036883065983595,0.0712811770333894,0.0157237673830594,0.6031921618204804,2.725663716814159,False,True,True,True,True,True,True,True,True,False,,True,20,3,3
Eryth,overall,25,0.75,0.01,4000,50,250,500,125,125,104,123,0.0352331371661385,0.1178356401768166,0.032258064516129,1.98683870967742,2.841677419354838,False,True,True,True,True,True,True,True,True,False,,True,20,5,5
Eryth,overall,25,0.75,0.01,4000,50,500,1000,126,126,118,125,0.0119985634926102,0.2000599136920594,0.0634920634920634,4.586603174603175,2.4767619047619047,False,True,True,True,True,True,True,True,True,False,,True,20,7,7
Eryth,overall,25,0.75,0.01,4000,50,1000,2000,126,126,125,126,0.0041167782965617,0.3437098580620457,0.1269841269841269,9.833142857142857,2.1689523809523807,False,True,True,True,True,True,True,True,True,False,,True,20,11,7
Eryth,overall,25,0.75,0.01,4000,75,100,197,123,123,82,109,0.0271616115889542,0.060014195380049,0.0131280821004931,0.4488204718112755,2.369652139144342,False,True,True,True,True,True,True,True,True,False,,True,22,2,2
Eryth,overall,25,0.75,0.01,4000,75,250,496,144,144,116,141,0.0509857908451743,0.1107962864942831,0.024087024087024,1.60518648018648,3.0327797202797204,False,True,True,True,True,True,True,True,True,False,,True,22,3,3
Eryth,overall,25,0.75,0.01,4000,75,500,991,146,146,135,145,0.0348511148178221,0.1604221791512352,0.0468115257439773,3.726924893717525,2.696929617383089,False,True,True,True,True,True,True,True,True,False,,True,22,7,7
Eryth,overall,25,0.75,0.01,4000,75,1000,1981,149,149,149,149,0.0175203556963436,0.2550009555832178,0.0898331217123163,8.139533829131144,2.364275349174678,False,True,True,True,True,True,True,True,True,False,,True,22,7,6
Eryth,overall,25,0.75,0.01,4000,100,100,196,123,123,83,108,0.0242071549086333,0.0625435540069686,0.0130614420898307,0.4406903905104625,2.2570971611355457,False,True,True,True,True,True,True,True,True,False,,True,22,2,2
Eryth,overall,25,0.75,0.01,4000,100,250,494,139,139,113,137,0.070822003860809,0.0923063192508812,0.0257533103951621,1.7184860807006568,3.006360129287874,False,True,True,True,True,True,True,True,True,False,,True,22,3,3
Eryth,overall,25,0.75,0.01,4000,100,500,984,148,148,135,146,0.0401229543901801,0.1556773651487525,0.0452289023717595,3.588986946129803,2.6674020959735247,False,True,True,True,True,True,True,True,True,False,,True,22,7,7
Eryth,overall,25,0.75,0.01,4000,100,1000,1945,148,148,147,148,0.0265971297763113,0.2583679989915536,0.0894006251149108,7.944061408347123,2.385778635778636,False,True,True,True,True,True,True,True,True,False,,True,22,9,7
Eryth,overall,25,0.75,0.02,2000,10,100,200,37,37,34,37,0.0571717171717171,0.3255919282235071,0.1501501501501501,3.4624624624624625,2.129129129129129,False,True,True,True,True,False,True,True,False,False,,False,14,8,4
Eryth,overall,25,0.75,0.02,2000,10,250,323,37,37,37,37,0.01073224852071,0.4907691084208786,0.2424924924924925,6.036036036036036,1.9842342342342345,False,True,True,True,True,False,True,True,False,False,,False,14,12,7
Eryth,overall,25,0.75,0.02,2000,10,500,341,37,37,37,37,0.0314666036546944,0.5175717394798024,0.256006006006006,6.476726726726727,1.9421921921921923,False,True,True,True,True,True,True,True,False,False,,False,14,14,10
Eryth,overall,25,0.75,0.02,2000,10,1000,324,37,37,37,37,0.0100189368917074,0.4896970312618448,0.2432432432432432,6.048798798798799,1.9827327327327329,False,True,True,True,True,False,True,True,False,False,,False,14,12,7
Eryth,overall,25,0.75,0.02,2000,25,100,200,76,76,60,76,0.0929145361577794,0.1618870895186684,0.0350877192982456,1.2864912280701757,3.2417543859649123,False,True,True,True,True,True,True,True,True,False,,True,18,5,3
Eryth,overall,25,0.75,0.02,2000,25,250,500,79,79,76,79,0.0696625679733788,0.2419080482857604,0.0811424862057773,3.858974358974359,2.5267770204479065,False,True,True,True,True,True,True,True,True,False,,True,18,9,4
Eryth,overall,25,0.75,0.02,2000,25,500,919,80,80,80,80,0.0236820966367804,0.3552958550023745,0.1454113924050633,7.534810126582278,2.16993670886076,False,True,True,True,True,True,True,True,True,False,,True,18,14,7
Eryth,overall,25,0.75,0.02,2000,25,1000,1020,80,80,80,80,0.0268876189557613,0.3740819083380605,0.1613924050632911,8.510284810126583,2.089398734177215,False,True,True,True,True,True,True,True,True,False,,True,18,16,7
Eryth,overall,25,0.75,0.02,2000,50,100,200,107,107,70,96,0.0706648199445983,0.0651600653814131,0.0176335743255157,0.4349321107388467,1.7248280726503262,False,True,True,True,True,True,True,True,True,False,,True,20,5,3
Eryth,overall,25,0.75,0.02,2000,50,250,500,125,125,104,122,0.0674669286741566,0.1400744348724965,0.032258064516129,2.006516129032258,2.7192903225806453,False,True,True,True,True,True,True,True,True,False,,True,21,6,3
Eryth,overall,25,0.75,0.02,2000,50,500,1000,127,127,120,126,0.0440742918982906,0.191134622452542,0.0624921884764404,4.556867891513561,2.480252468441445,False,True,True,True,True,True,True,True,True,False,,True,21,13,6
Eryth,overall,25,0.75,0.02,2000,50,1000,1810,129,129,127,129,0.0204084723497602,0.2963003885693264,0.1096172480620155,8.865552325581396,2.1958575581395348,False,True,True,True,True,True,True,True,True,False,,True,21,18,9
Eryth,overall,25,0.75,0.02,2000,75,100,199,115,115,72,104,0.0448449524671797,0.0582163247380638,0.0151792524790236,0.3208237986270023,1.2726926010678872,False,True,True,True,True,True,True,True,True,False,,True,22,4,2
Eryth,overall,25,0.75,0.02,2000,75,250,495,144,144,116,137,0.080812854442344,0.1371217092853444,0.0240384615384615,1.4746989121989122,2.623300310800311,False,True,True,True,True,True,True,True,True,False,,True,22,6,3
Eryth,overall,25,0.75,0.02,2000,75,500,986,146,146,136,145,0.0568259761266149,0.1653486901973974,0.0465753424657534,3.673972602739726,2.634766178554558,False,True,True,True,True,True,True,True,True,False,,True,22,11,5
Eryth,overall,25,0.75,0.02,2000,75,1000,1980,151,151,150,151,0.0305200863388294,0.2469419381722484,0.0874172185430463,8.150640176600442,2.3347902869757173,False,True,True,True,True,True,True,True,True,False,,True,22,16,9
Eryth,overall,25,0.75,0.02,2000,100,100,197,115,115,73,104,0.051292056885189,0.0494857367397413,0.0150266971777269,0.3177726926010679,1.2530892448512585,False,True,True,True,True,True,True,True,True,False,,True,22,4,2
Eryth,overall,25,0.75,0.02,2000,100,250,496,144,144,112,138,0.0878697049064156,0.1345536478622823,0.024087024087024,1.506361693861694,2.6653554778554778,False,True,True,True,True,True,True,True,True,False,,True,22,6,4
Eryth,overall,25,0.75,0.02,2000,100,500,985,149,149,138,148,0.0627410840310014,0.1553081219467496,0.0446671503718483,3.6000816252494103,2.643932523127154,False,True,True,True,True,True,True,True,True,False,,True,22,9,4
Eryth,overall,25,0.75,0.02,2000,100,1000,1946,149,149,148,149,0.0308018503600229,0.2414324605665291,0.0882459640848902,8.249546526392164,2.314211862869581,False,True,True,True,True,True,True,True,True,False,,True,22,15,7
Eryth,overall,25,0.75,0.02,3000,10,100,200,37,37,36,37,0.0630176772204094,0.3694406944406944,0.1501501501501501,3.503003003003003,2.2965465465465464,False,True,True,True,True,True,True,True,False,False,,False,15,7,5
Eryth,overall,25,0.75,0.02,3000,10,250,444,37,37,37,37,-0.0011714285714285,0.5798089893344975,0.3333333333333333,8.986486486486486,1.7334834834834836,False,True,True,True,True,False,True,True,True,False,,False,15,11,6
Eryth,overall,25,0.75,0.02,3000,10,500,465,37,37,37,37,-0.0007974420805225,0.5933767882616987,0.3490990990990991,9.383633633633634,1.716966966966967,False,True,True,True,True,False,True,True,True,False,,False,15,12,7
Eryth,overall,25,0.75,0.02,3000,10,1000,466,37,37,37,37,-0.0007974420805225,0.5933767882616987,0.3498498498498498,9.41966966966967,1.7094594594594594,False,True,True,True,True,False,True,True,True,False,,False,15,12,7
Eryth,overall,25,0.75,0.02,3000,25,100,200,73,73,58,70,0.08539106805293,0.1459076691953403,0.0380517503805175,1.2058599695585996,2.5454718417047184,False,True,True,True,True,True,True,True,True,False,,False,16,5,3
Eryth,overall,25,0.75,0.02,3000,25,250,500,78,78,71,78,0.0547823549886365,0.236520138633737,0.0832500832500832,3.978188478188478,2.2983682983682985,False,True,True,True,True,True,True,True,True,False,,False,16,6,3
Eryth,overall,25,0.75,0.02,3000,25,500,1000,78,78,78,78,0.035771842031037,0.3473070759592095,0.1665001665001665,9.036963036963035,2.033966033966034,False,True,True,True,True,True,True,True,True,False,,False,16,9,5
Eryth,overall,25,0.75,0.02,3000,25,1000,1477,78,78,78,78,0.0146122887289208,0.4669634212520835,0.2459207459207459,13.697968697968696,1.8368298368298368,False,True,True,True,True,True,True,True,True,False,,False,16,13,8
Eryth,overall,25,0.75,0.02,3000,50,100,199,104,104,75,89,0.0800995167148045,0.0765188808175233,0.0185772964899178,0.510175504107543,2.02903286034354,False,True,True,True,True,True,True,True,True,False,,True,20,3,1
Eryth,overall,25,0.75,0.02,3000,50,250,500,124,124,103,121,0.0891942344045368,0.1390652021731524,0.032782585890375,2.0213742460005246,2.6220823498557566,False,True,True,True,True,True,True,True,True,False,,True,21,6,4
Eryth,overall,25,0.75,0.02,3000,50,500,1000,132,132,122,132,0.0371852916864843,0.1707307961735359,0.0578302105019662,4.523074253990284,2.53174878556558,False,True,True,True,True,True,True,True,True,False,,True,21,9,4
Eryth,overall,25,0.75,0.02,3000,50,1000,2000,131,131,130,131,0.0073748409334311,0.2937244057432563,0.1174398120963006,10.055607751027598,2.142630651790957,False,True,True,True,True,True,True,True,True,False,,True,21,13,6
Eryth,overall,25,0.75,0.02,3000,75,100,196,114,114,72,99,0.0785631102750157,0.0249728341833604,0.015215028722248,0.3931842881540133,1.5131967085856233,False,True,True,True,True,True,True,True,True,False,,True,22,6,4
Eryth,overall,25,0.75,0.02,3000,75,250,495,140,140,110,136,0.076302323791936,0.1033809605304518,0.0254367934224049,1.5966084275436794,2.63617677286742,False,True,True,True,True,True,True,True,True,False,,True,22,6,4
Eryth,overall,25,0.75,0.02,3000,75,500,983,151,151,140,149,0.0612861157063651,0.1488604304906585,0.0433995584988962,3.7069757174392937,2.741324503311258,False,True,True,True,True,True,True,True,True,False,,True,22,11,6
Eryth,overall,25,0.75,0.02,3000,75,1000,1982,148,148,147,148,0.0329512533416851,0.2396243424280056,0.0911013053870196,8.7353833425262,2.287460930318073,False,True,True,True,True,True,True,True,True,False,,True,22,14,7
Eryth,overall,25,0.75,0.02,3000,100,100,195,113,113,72,100,0.0949915469146238,0.0222700473981331,0.0154077117572692,0.4043931731984829,1.7069374209860937,False,True,True,True,True,True,True,True,True,False,,True,22,6,4
Eryth,overall,25,0.75,0.02,3000,100,250,488,142,142,115,139,0.0782129438767305,0.0976852240683819,0.0243731894915592,1.5347118170012986,2.753421236639696,False,True,True,True,True,True,True,True,True,False,,True,22,6,4
Eryth,overall,25,0.75,0.02,3000,100,500,985,153,153,140,151,0.0692358068159659,0.1491006769752764,0.0423546611627107,3.6109391124871,2.681888544891641,False,True,True,True,True,True,True,True,True,False,,True,22,11,6
Eryth,overall,25,0.75,0.02,3000,100,1000,1953,150,150,149,150,0.0304083854346066,0.2366037919003923,0.0873825503355704,8.404116331096198,2.320402684563758,False,True,True,True,True,True,True,True,True,False,,True,22,14,7
Eryth,overall,25,0.75,0.02,4000,10,100,200,37,37,35,37,0.0598443830901072,0.3091282591282592,0.1501501501501501,3.563063063063063,2.167417417417417,False,True,True,True,True,False,True,True,True,False,,False,15,5,3
Eryth,overall,25,0.75,0.02,4000,10,250,462,37,37,37,37,-0.0047333671168689,0.59215628265635,0.3468468468468468,9.158408408408407,1.731981981981982,False,True,True,True,True,False,True,True,True,False,,False,15,9,4
Eryth,overall,25,0.75,0.02,4000,10,500,533,38,38,38,38,-0.0030565475677012,0.6383828703827191,0.3790896159317212,10.441678520625889,1.6827880512091038,False,True,True,True,False,True,True,True,True,False,,False,15,12,7
Eryth,overall,25,0.75,0.02,4000,10,1000,488,37,37,37,37,-0.007040842898063,0.6195251346885902,0.3663663663663664,9.67117117117117,1.710960960960961,False,True,True,True,True,False,True,True,True,False,,False,15,12,6
Eryth,overall,25,0.75,0.02,4000,25,100,200,72,72,56,70,0.0848722566466225,0.1521553292386626,0.0391236306729264,1.3051643192488265,2.8986697965571206,False,True,True,True,True,True,True,True,True,False,,False,16,5,3
Eryth,overall,25,0.75,0.02,4000,25,250,500,78,78,73,78,0.0663475975975975,0.2180881942026568,0.0832500832500832,4.068764568764569,2.4242424242424243,False,True,True,True,True,True,True,True,True,False,,False,16,5,3
Eryth,overall,25,0.75,0.02,4000,25,500,1000,78,78,77,78,0.0446396912373573,0.340705729718511,0.1665001665001665,9.102730602730604,1.996003996003996,False,True,True,True,True,True,True,True,True,False,,False,16,8,4
Eryth,overall,25,0.75,0.02,4000,25,1000,1674,78,78,78,78,0.0076518372809592,0.5270033893420126,0.2787212787212787,15.462037962037964,1.777222777222777,False,True,True,True,True,True,True,True,True,False,,False,16,13,5
Eryth,overall,25,0.75,0.02,4000,50,100,200,108,108,74,97,0.0591809888758614,0.0571378663698925,0.017307026652821,0.3565247490481135,1.345534787123572,False,True,True,True,True,True,True,True,True,False,,True,21,6,4
Eryth,overall,25,0.75,0.02,4000,50,250,500,128,128,111,124,0.071494632062699,0.135444121679974,0.030757874015748,1.943651574803149,2.795152559055118,False,True,True,True,True,True,True,True,True,False,,True,22,6,4
Eryth,overall,25,0.75,0.02,4000,50,500,1000,129,129,123,129,0.0450398502596304,0.1783612865275729,0.0605620155038759,4.687802810077519,2.6267562984496124,False,True,True,True,True,True,True,True,True,False,,True,22,10,7
Eryth,overall,25,0.75,0.02,4000,50,1000,2000,132,132,131,132,0.0203579318338608,0.2892675007107393,0.1156604210039324,9.95708998380754,2.1604210039324543,False,True,True,True,True,True,True,True,True,False,,True,22,19,10
Eryth,overall,25,0.75,0.02,4000,75,100,198,119,119,77,105,0.0614170927684441,0.0382599385565277,0.0141005554764278,0.2678393391254807,1.069220908702464,False,True,True,True,True,True,True,True,True,False,,True,22,5,4
Eryth,overall,25,0.75,0.02,4000,75,250,500,148,148,119,144,0.0874470496432818,0.1108333949415542,0.0229821658393086,1.5390237175951462,2.823542930685788,False,True,True,True,True,True,True,True,True,False,,True,22,6,4
Eryth,overall,25,0.75,0.02,4000,75,500,985,149,149,139,149,0.0733998110658626,0.141546315034869,0.0446671503718483,3.777163069109378,2.7245601306004,False,True,True,True,True,True,True,True,True,False,,True,22,8,6
Eryth,overall,25,0.75,0.02,4000,75,1000,1986,149,149,148,149,0.0406857172290224,0.2282705309792008,0.0900598585162343,8.661572646471976,2.3299020497007072,False,True,True,True,True,True,True,True,True,False,,True,22,14,7
Eryth,overall,25,0.75,0.02,4000,100,100,198,117,117,74,105,0.0770110669450084,0.0497758414425081,0.0145888594164456,0.2611995284409077,0.9909372236958444,False,True,True,True,True,True,True,True,True,False,,True,21,5,4
Eryth,overall,25,0.75,0.02,4000,100,250,489,148,148,118,143,0.0955536847051452,0.106177770510388,0.0224765581908439,1.4558742415885273,2.797665011950726,False,True,True,True,True,True,True,True,True,False,,True,22,6,4
Eryth,overall,25,0.75,0.02,4000,100,500,984,150,150,141,150,0.0764229975386585,0.1403101456418336,0.0440268456375838,3.764832214765101,2.7934675615212528,False,True,True,True,True,True,True,True,True,False,,True,22,8,6
Eryth,overall,25,0.75,0.02,4000,100,1000,2000,154,154,152,154,0.0439264221454303,0.2286390693120151,0.0848824378236142,8.29097699685935,2.324675324675325,False,True,True,True,True,True,True,True,True,False,,True,22,17,9
Eryth,overall,25,0.75,0.03,2000,10,100,200,36,36,34,34,0.0767812111859686,0.3927019071304416,0.1587301587301587,3.5476190476190474,1.9666666666666663,False,True,True,False,False,True,True,True,False,False,,False,13,4,2
Eryth,overall,25,0.75,0.03,2000,10,250,336,36,36,36,35,0.0441897747654799,0.548029267510299,0.2666666666666666,6.589682539682539,1.7809523809523808,False,True,True,False,False,True,True,True,False,False,,False,13,7,5
Eryth,overall,25,0.75,0.03,2000,10,500,333,36,36,36,35,0.0427089885647005,0.5344332875375075,0.2642857142857143,6.515873015873016,1.769047619047619,False,True,True,False,False,True,True,True,False,False,,False,13,7,5
Eryth,overall,25,0.75,0.03,2000,10,1000,335,36,36,36,35,0.0442850113490261,0.5384775651868576,0.2658730158730158,6.561904761904762,1.7666666666666666,False,True,True,False,False,True,True,True,False,False,,False,13,7,5
Eryth,overall,25,0.75,0.03,2000,25,100,200,74,74,56,72,0.1115961051249961,0.1013159294893041,0.0370233246945575,1.1499444650129582,2.455572010366531,False,True,True,True,True,True,True,True,False,False,,True,16,5,2
Eryth,overall,25,0.75,0.03,2000,25,250,500,76,76,72,76,0.0598480773305948,0.2821611933623184,0.087719298245614,3.9147368421052633,2.429298245614035,False,True,True,True,True,True,True,True,False,False,,True,16,9,4
Eryth,overall,25,0.75,0.03,2000,25,500,866,76,76,76,76,0.0510909655862603,0.3779003384617766,0.1519298245614035,7.3921052631578945,2.15719298245614,False,True,True,True,True,True,True,True,False,False,,True,16,14,9
Eryth,overall,25,0.75,0.03,2000,25,1000,945,75,75,75,75,0.0548923390495402,0.409229727717478,0.1702702702702702,8.393333333333333,2.045225225225225,False,True,True,True,False,True,True,True,False,False,,True,15,12,7
Eryth,overall,25,0.75,0.03,2000,50,100,199,106,106,69,100,0.1090507330765325,0.0502035176563478,0.0178796046720575,0.477717879604672,1.81644204851752,False,True,True,True,True,True,True,True,True,False,,False,18,4,2
Eryth,overall,25,0.75,0.03,2000,50,250,496,126,126,105,125,0.0772248812951698,0.1536771051516728,0.0314920634920634,1.8582222222222224,2.609269841269841,False,True,True,True,True,True,True,True,True,False,,True,20,5,2
Eryth,overall,25,0.75,0.03,2000,50,500,991,128,128,118,128,0.0646704606670258,0.2296201200604921,0.0609621062992126,4.321850393700787,2.416461614173228,False,True,True,True,True,True,True,True,True,False,,True,20,10,5
Eryth,overall,25,0.75,0.03,2000,50,1000,1789,128,128,128,128,0.0426339715902005,0.2973929855528245,0.1100516732283464,8.79896653543307,2.237573818897638,False,True,True,True,True,True,True,True,True,False,,True,20,15,9
Eryth,overall,25,0.75,0.03,2000,75,100,199,113,113,72,105,0.1308416857867407,0.0516306210996476,0.0157237673830594,0.2699115044247787,1.2161030341340076,False,True,True,True,True,True,True,True,True,False,,False,20,4,2
Eryth,overall,25,0.75,0.03,2000,75,250,495,142,142,111,140,0.1083234488936934,0.1394915670009947,0.0247228049145939,1.4703825791629208,2.6691139746279093,False,True,True,True,True,True,True,True,True,False,,True,21,6,2
Eryth,overall,25,0.75,0.03,2000,75,500,997,146,146,135,144,0.0910553088965575,0.1992717108010444,0.047094945677846,3.733915918752953,2.618327822390175,False,True,True,True,True,True,True,True,True,False,,True,21,9,4
Eryth,overall,25,0.75,0.03,2000,75,1000,1904,143,143,143,143,0.0413470144050653,0.2589043927161257,0.0937653895400374,8.36220821432089,2.308874224367182,False,True,True,True,True,True,True,True,True,False,,True,21,14,9
Eryth,overall,25,0.75,0.03,2000,100,100,197,110,110,73,105,0.1001234567901234,0.0464244341517068,0.0164303586321934,0.2890742285237698,1.0120100083402837,False,True,True,True,True,True,True,True,True,False,,False,20,4,2
Eryth,overall,25,0.75,0.03,2000,100,250,491,147,147,117,143,0.0977260044642857,0.1391296440521179,0.0228776442083682,1.3922747181064206,2.6400615040536763,False,True,True,True,True,True,True,True,True,False,,True,22,6,2
Eryth,overall,25,0.75,0.03,2000,100,500,984,150,150,136,149,0.0958929590535977,0.1830462701396406,0.0440268456375838,3.464026845637584,2.534944071588367,False,True,True,True,True,True,True,True,True,False,,True,22,11,6
Eryth,overall,25,0.75,0.03,2000,100,1000,1978,151,151,150,151,0.0478421682906324,0.2472599777998447,0.0873289183222958,8.094834437086092,2.3157615894039734,False,True,True,True,True,True,True,True,True,False,,True,22,14,9
Eryth,overall,25,0.75,0.03,3000,10,100,200,37,37,34,37,0.0528374655647383,0.3959740433424644,0.1501501501501501,3.439189189189189,2.059309309309309,False,True,True,False,False,False,True,True,True,False,,True,14,3,1
Eryth,overall,25,0.75,0.03,3000,10,250,416,37,37,37,37,0.0064623630394367,0.5748806311580575,0.3123123123123123,8.037537537537538,1.7717717717717718,False,True,True,False,False,False,True,True,True,False,,True,14,7,4
Eryth,overall,25,0.75,0.03,3000,10,500,427,37,37,37,37,0.0150485207100591,0.5757953092944345,0.3205705705705706,8.51051051051051,1.7447447447447448,False,True,True,False,False,True,True,True,False,False,,True,14,8,6
Eryth,overall,25,0.75,0.03,3000,10,1000,426,37,37,37,37,0.0177992747193395,0.5737981493756161,0.3198198198198198,8.412912912912914,1.7545045045045045,False,True,True,False,False,False,True,True,True,False,,True,14,8,5
Eryth,overall,25,0.75,0.03,3000,25,100,200,73,73,61,73,0.096364390820007,0.1160229420503392,0.0380517503805175,1.2073820395738204,3.118531202435312,False,True,True,True,False,True,True,True,False,False,,True,15,6,2
Eryth,overall,25,0.75,0.03,3000,25,250,500,79,79,74,79,0.0726122228231476,0.2688512075150203,0.0811424862057773,3.933463161311263,2.415611814345992,False,True,True,True,False,True,True,True,True,False,,True,16,6,2
Eryth,overall,25,0.75,0.03,3000,25,500,1000,79,79,78,78,0.0451530861641622,0.3872099547000299,0.1622849724115546,8.55322947095099,1.9876663420967216,False,True,True,True,False,True,True,True,True,False,,True,16,12,6
Eryth,overall,25,0.75,0.03,3000,25,1000,1417,79,79,79,79,0.028094024691358,0.4682283514246694,0.229957805907173,12.57919506653684,1.8669263226225248,False,True,True,True,False,True,True,True,True,False,,True,16,14,7
Eryth,overall,25,0.75,0.03,3000,50,100,198,106,106,69,100,0.0960028982007004,0.0746316356048232,0.0177897574123989,0.4935309973045822,2.1238993710691823,False,True,True,True,True,True,True,True,True,False,,True,21,4,2
Eryth,overall,25,0.75,0.03,3000,50,250,500,129,129,102,129,0.0923283950617284,0.1051217698847137,0.0302810077519379,1.816860465116279,2.8045058139534884,False,True,True,True,True,True,True,True,True,False,,True,21,6,2
Eryth,overall,25,0.75,0.03,3000,50,500,1000,127,127,122,127,0.0660468468838216,0.2029396458274659,0.0624921884764404,4.792713410823647,2.5869891263592053,False,True,True,True,True,True,True,True,True,False,,True,21,9,3
Eryth,overall,25,0.75,0.03,3000,50,1000,2000,128,128,128,128,0.0355082932797166,0.3018141973726749,0.1230314960629921,10.41609251968504,2.145238681102362,False,True,True,True,True,True,True,True,True,False,,True,21,14,6
Eryth,overall,25,0.75,0.03,3000,75,100,194,112,112,68,103,0.1529469387755102,0.0485126626408139,0.0156048906048906,0.3215894465894466,1.554456241956242,False,True,True,True,True,True,True,True,True,False,,True,22,4,2
Eryth,overall,25,0.75,0.03,3000,75,250,500,148,148,113,146,0.1201110976935152,0.0752294880995372,0.0229821658393086,1.4571612428755285,2.811913954771098,False,True,True,True,True,True,True,True,True,False,,True,22,6,2
Eryth,overall,25,0.75,0.03,3000,75,500,1000,149,149,139,149,0.0958494848134566,0.1546644595340479,0.0453473607836023,3.847134046798476,2.7442408851804827,False,True,True,True,True,True,True,True,True,False,,True,22,7,2
Eryth,overall,25,0.75,0.03,3000,75,1000,2000,149,149,148,149,0.0561971670754469,0.2372111095948881,0.0906947215672047,8.76233448213314,2.282287320877925,False,True,True,True,True,True,True,True,True,False,,True,22,13,6
Eryth,overall,25,0.75,0.03,3000,100,100,198,116,116,72,105,0.1084862939258543,0.0589193726217319,0.0148425787106446,0.3126686656671664,1.4591454272863569,False,True,True,True,True,True,True,True,True,False,,True,22,4,2
Eryth,overall,25,0.75,0.03,3000,100,250,493,150,150,116,146,0.1084210420952009,0.0884514014874275,0.0220581655480984,1.4282326621923938,2.9642058165548097,False,True,True,True,True,True,True,True,True,False,,True,22,6,2
Eryth,overall,25,0.75,0.03,3000,100,500,983,151,151,136,151,0.0845495946078201,0.1501105314062098,0.0433995584988962,3.6618101545253854,2.658896247240618,False,True,True,True,True,True,True,True,True,False,,True,22,7,2
Eryth,overall,25,0.75,0.03,3000,100,1000,1967,151,151,150,151,0.0487638718751342,0.2306916700551287,0.0868432671081677,8.5001766004415,2.304988962472406,False,True,True,True,True,True,True,True,True,False,,True,22,12,5
Eryth,overall,25,0.75,0.03,4000,10,100,200,37,37,35,37,0.0797516359309934,0.3422628025569203,0.1501501501501501,3.623123123123123,2.189189189189189,False,True,True,False,False,False,True,True,True,False,,False,12,4,2
Eryth,overall,25,0.75,0.03,4000,10,250,486,37,37,37,37,0.0047837900335299,0.5995277206802403,0.3648648648648648,9.99024024024024,1.6809309309309308,False,True,True,False,False,False,True,True,True,False,,False,12,8,5
Eryth,overall,25,0.75,0.03,4000,10,500,534,37,37,37,37,0.0002518641053227,0.6545494625874173,0.4009009009009009,11.00825825825826,1.6306306306306306,False,True,True,False,False,False,True,True,True,False,,False,12,8,5
Eryth,overall,25,0.75,0.03,4000,10,1000,530,37,37,37,37,-0.0120519767272173,0.6351659818701144,0.3978978978978979,11.116366366366366,1.6306306306306306,False,True,True,False,False,True,True,True,False,False,,False,12,9,7
Eryth,overall,25,0.75,0.03,4000,25,100,199,75,75,58,73,0.0694811052825019,0.119035039035039,0.0358558558558558,1.1263063063063063,3.008648648648649,False,True,True,True,False,True,True,True,True,False,,False,15,6,2
Eryth,overall,25,0.75,0.03,4000,25,250,500,80,80,75,80,0.0640883643016156,0.2000134741466262,0.0791139240506329,3.847784810126582,2.5126582278481013,False,True,True,True,False,True,True,True,True,False,,False,15,7,3
Eryth,overall,25,0.75,0.03,4000,25,500,1000,80,80,78,80,0.0461195219349898,0.3341302009490732,0.1582278481012658,8.837341772151898,1.9829113924050632,False,True,True,True,False,True,True,True,True,False,,False,15,9,5
Eryth,overall,25,0.75,0.03,4000,25,1000,1845,80,80,80,80,0.015542286304004,0.5291784330572797,0.2919303797468354,17.044303797468356,1.7438291139240507,False,True,True,True,False,True,True,True,True,False,,False,15,13,8
Eryth,overall,25,0.75,0.03,4000,50,100,200,108,108,75,100,0.0976482308899891,0.08864124558569,0.017307026652821,0.4477327795084804,1.7354620976116304,False,True,True,True,True,True,True,True,True,False,,False,20,4,2
Eryth,overall,25,0.75,0.03,4000,50,250,500,129,129,106,129,0.0809886348467801,0.1264567241037829,0.0302810077519379,1.8284883720930232,2.8132267441860463,False,True,True,True,True,True,True,True,True,False,,True,21,6,2
Eryth,overall,25,0.75,0.03,4000,50,500,1000,130,130,126,130,0.0726360125639838,0.1706535858539466,0.0596302921884317,4.704531902206321,2.626118067978533,False,True,True,True,True,True,True,True,True,False,,True,21,10,3
Eryth,overall,25,0.75,0.03,4000,50,1000,2000,130,130,130,130,0.0291430171464653,0.2758795660866779,0.1192605843768634,10.568276684555755,2.143112701252236,False,True,True,True,True,True,True,True,True,False,,True,20,13,6
Eryth,overall,25,0.75,0.03,4000,75,100,195,114,114,77,102,0.1212897959183673,0.0696687815108867,0.0151374010246856,0.415929203539823,1.7942866014594008,False,True,True,True,True,True,True,True,True,False,,False,20,5,2
Eryth,overall,25,0.75,0.03,4000,75,250,496,147,147,120,145,0.0987779253713319,0.0838498871164568,0.0231106141086571,1.4043425589413847,2.76237070170534,False,True,True,True,True,True,True,True,True,False,,True,22,7,3
Eryth,overall,25,0.75,0.03,4000,75,500,991,150,150,145,149,0.0858309745556367,0.1287725052203763,0.0443400447427293,3.887651006711409,2.8802237136465325,False,True,True,True,True,True,True,True,True,False,,True,22,10,4
Eryth,overall,25,0.75,0.03,4000,75,1000,1962,150,150,150,150,0.0458873864871341,0.2239294322081494,0.0877852348993288,8.670604026845638,2.355659955257271,False,True,True,True,True,True,True,True,True,False,,True,22,13,6
Eryth,overall,25,0.75,0.03,4000,100,100,193,114,114,78,104,0.1379805786761791,0.0810648415911573,0.0149821456295606,0.3695854680950163,1.6787765874864151,False,True,True,True,True,True,True,True,True,False,,False,21,4,2
Eryth,overall,25,0.75,0.03,4000,100,250,486,146,146,120,143,0.1110098140495867,0.0955172580575481,0.0229570146433632,1.361502125649504,2.7511100614076525,False,True,True,True,True,True,True,True,True,False,,True,22,7,3
Eryth,overall,25,0.75,0.03,4000,100,500,969,150,150,145,149,0.0832140998959417,0.1339436630678918,0.0433557046979865,3.83579418344519,2.98675615212528,False,True,True,True,True,True,True,True,True,False,,True,22,10,4
Eryth,overall,25,0.75,0.03,4000,100,1000,1943,150,150,150,150,0.0496102994252716,0.2225352528818875,0.0869351230425056,8.591409395973155,2.3540492170022373,False,True,True,True,True,True,True,True,True,False,,True,22,13,6
Eryth,overall,25,0.9,0.005,2000,10,100,200,32,32,32,28,-0.0163811087172121,0.4378746202735173,0.2016129032258064,3.694556451612903,1.876008064516129,False,True,True,True,False,True,True,True,True,False,,False,11,5,4
Eryth,overall,25,0.9,0.005,2000,10,250,229,32,32,32,28,-0.0326017642682538,0.5368417208006991,0.2308467741935483,4.207661290322581,1.7399193548387095,False,True,True,True,False,True,True,True,True,False,,False,11,5,4
Eryth,overall,25,0.9,0.005,2000,10,500,229,32,32,32,28,-0.0362694300518134,0.5359363232549185,0.2308467741935483,4.174395161290323,1.7399193548387095,False,True,True,True,False,True,True,True,True,False,,False,11,5,4
Eryth,overall,25,0.9,0.005,2000,10,1000,229,32,32,32,28,-0.0326017642682538,0.5368417208006991,0.2308467741935483,4.207661290322581,1.7399193548387095,False,True,True,True,False,True,True,True,True,False,,False,11,5,4
Eryth,overall,25,0.9,0.005,2000,25,100,200,65,65,54,62,0.0381546999653139,0.1400356054202208,0.048076923076923,1.3762019230769231,2.8625,False,True,True,True,True,True,True,True,True,False,,False,15,2,2
Eryth,overall,25,0.9,0.005,2000,25,250,500,66,66,64,65,-0.0024036504843212,0.3374414275557607,0.1165501165501165,4.326107226107226,2.415850815850816,False,True,True,True,True,True,True,True,True,False,,False,15,6,5
Eryth,overall,25,0.9,0.005,2000,25,500,623,66,66,66,65,-0.0105120690035934,0.4055641595869708,0.1452214452214452,5.432167832167832,2.296969696969697,False,True,True,True,True,True,True,True,True,False,,False,15,6,5
Eryth,overall,25,0.9,0.005,2000,25,1000,642,68,68,68,67,-0.0138023230330922,0.4011035686286768,0.1409130816505706,5.526338893766462,2.2965320456540823,False,True,True,True,True,True,True,True,True,False,,False,15,6,5
Eryth,overall,25,0.9,0.005,2000,50,100,200,103,103,73,92,0.0084964026762968,0.0749771803169861,0.0190367409099562,0.6272606129830574,2.4196649533599848,False,True,True,True,True,True,True,True,True,False,,False,18,2,2
Eryth,overall,25,0.9,0.005,2000,50,250,500,111,111,93,107,0.0161959565603442,0.1828851315173556,0.0409500409500409,2.0525798525798526,2.7621621621621624,False,True,True,True,True,True,True,True,True,False,,False,18,4,3
Eryth,overall,25,0.9,0.005,2000,50,500,1000,115,115,111,115,0.0118753674309229,0.2710244455132215,0.07627765064836,4.833257055682685,2.583676582761251,False,True,True,True,True,True,True,True,True,False,,True,20,7,5
Eryth,overall,25,0.9,0.005,2000,50,1000,1497,115,115,115,115,-0.0028303571428571,0.3554298085643415,0.1141876430205949,7.318993135011442,2.34744469870328,False,True,True,True,True,True,True,True,True,False,,True,20,9,7
Eryth,overall,25,0.9,0.005,2000,75,100,200,113,113,79,99,0.0098681505441188,0.0608683352046183,0.0158027812895069,0.5050568900126422,2.1938211125158027,False,True,True,True,True,True,True,True,True,False,,False,20,2,2
Eryth,overall,25,0.9,0.005,2000,75,250,492,126,126,103,122,0.0144140896223895,0.1506006019520855,0.0312380952380952,1.6248253968253967,2.7446349206349208,False,True,True,True,True,True,True,True,True,False,,False,20,2,2
Eryth,overall,25,0.9,0.005,2000,75,500,973,130,130,122,127,0.0085065483563353,0.2243200083941065,0.058020274299344,3.8335122242098985,2.634108527131783,False,True,True,True,True,True,True,True,True,False,,True,21,6,4
Eryth,overall,25,0.9,0.005,2000,75,1000,1869,130,130,130,130,-0.0058927028736481,0.3429345952917889,0.1114490161001788,8.007096004770423,2.357602862254025,False,True,True,True,True,True,True,True,True,False,,True,21,9,7
Eryth,overall,25,0.9,0.005,2000,100,100,199,114,114,83,99,0.0298753462603878,0.0543226266910477,0.0154479118149355,0.5088495575221239,2.149200434715106,False,True,True,True,True,True,True,True,True,False,,False,20,2,2
Eryth,overall,25,0.9,0.005,2000,100,250,492,128,128,105,123,0.0176642659279777,0.1462865799506965,0.030265748031496,1.6260457677165354,2.82320374015748,False,True,True,True,True,True,True,True,True,False,,False,20,2,2
Eryth,overall,25,0.9,0.005,2000,100,500,953,131,131,122,128,0.0123126177069866,0.2233128883034571,0.0559600704638872,3.7196711685261294,2.6231943628890195,False,True,True,True,True,True,True,True,True,False,,True,21,6,4
Eryth,overall,25,0.9,0.005,2000,100,1000,1901,132,132,132,132,-0.0061268561306438,0.3393654346073157,0.1099352301642378,8.01914179967615,2.3655447605829285,False,True,True,True,True,True,True,True,True,False,,True,21,9,7
Eryth,overall,25,0.9,0.005,3000,10,100,200,31,31,31,28,-0.0389933226883437,0.526423034614885,0.2150537634408602,3.610752688172043,1.8731182795698924,False,True,True,False,False,True,True,True,True,False,,False,9,2,2
Eryth,overall,25,0.9,0.005,3000,10,250,249,32,32,32,29,-0.0361514790772893,0.5773055596149635,0.251008064516129,4.574596774193548,1.7681451612903225,False,True,True,True,False,True,True,True,True,False,,False,11,5,4
Eryth,overall,25,0.9,0.005,3000,10,500,249,32,32,32,29,-0.0361514790772893,0.5773055596149635,0.251008064516129,4.574596774193548,1.7681451612903225,False,True,True,True,False,True,True,True,True,False,,False,11,5,4
Eryth,overall,25,0.9,0.005,3000,10,1000,249,32,32,32,29,-0.0361514790772893,0.5773055596149635,0.251008064516129,4.574596774193548,1.7681451612903225,False,True,True,True,False,True,True,True,True,False,,False,11,5,4
Eryth,overall,25,0.9,0.005,3000,25,100,200,66,66,53,62,0.021794427101399,0.1583428430353563,0.0466200466200466,1.364102564102564,2.7400932400932403,False,True,True,True,True,True,True,True,True,False,,False,15,2,2
Eryth,overall,25,0.9,0.005,3000,25,250,500,67,67,65,66,-0.006705219719463,0.3426330681259913,0.1130710085933966,4.2044323835368616,2.4176843057440074,False,True,True,True,True,True,True,True,True,False,,False,15,5,4
Eryth,overall,25,0.9,0.005,3000,25,500,668,67,67,67,66,-0.0178157229697425,0.4420542615459055,0.1510628674807779,5.67345092718227,2.257123473541384,False,True,True,True,True,True,True,True,True,False,,False,15,6,5
Eryth,overall,25,0.9,0.005,3000,25,1000,668,67,67,67,66,-0.0178157229697425,0.4420542615459055,0.1510628674807779,5.67345092718227,2.257123473541384,False,True,True,True,True,True,True,True,True,False,,False,15,6,5
Eryth,overall,25,0.9,0.005,3000,50,100,200,105,105,77,92,0.0007126997615196,0.0660953332381903,0.0183150183150183,0.6491758241758242,2.71492673992674,False,True,True,True,True,True,True,True,True,False,,False,18,2,2
Eryth,overall,25,0.9,0.005,3000,50,250,500,113,113,96,108,0.0139803164751189,0.1621232215328003,0.0395069532237673,1.9611251580278128,2.894200379266751,False,True,True,True,True,True,True,True,True,False,,True,19,2,2
Eryth,overall,25,0.9,0.005,3000,50,500,1000,115,115,110,114,7.719492789881404e-05,0.2746752156159546,0.07627765064836,4.748741418764302,2.50839054157132,False,True,True,True,True,True,True,True,True,False,,True,20,6,4
Eryth,overall,25,0.9,0.005,3000,50,1000,1575,115,115,115,114,-0.0101019437195246,0.3805884476629084,0.120137299771167,7.555606407322655,2.2920671243325708,False,True,True,True,True,True,True,True,True,False,,True,19,9,7
Eryth,overall,25,0.9,0.005,3000,75,100,197,103,103,74,88,0.0171985200601225,0.073385298628017,0.0187511897963068,0.5473063011612412,1.976489624976204,False,True,True,True,True,True,True,True,True,False,,False,19,2,2
Eryth,overall,25,0.9,0.005,3000,75,250,500,128,128,106,123,0.0070763244434496,0.1356889759867544,0.030757874015748,1.630967027559055,2.970472440944882,False,True,True,True,True,True,True,True,True,False,,True,21,2,2
Eryth,overall,25,0.9,0.005,3000,75,500,975,129,129,115,128,-0.0001057925771765,0.2428749865615191,0.059047965116279,3.783369670542636,2.509932170542636,False,True,True,True,True,True,True,True,True,False,,True,21,5,4
Eryth,overall,25,0.9,0.005,3000,75,1000,1998,131,131,131,131,-0.0100189565414214,0.3675791300234404,0.1173223722842043,8.454903112155021,2.315443335290664,False,True,True,True,True,True,True,True,True,False,,True,21,9,7
Eryth,overall,25,0.9,0.005,3000,100,100,195,102,102,73,87,0.0378662570888468,0.0783297856827268,0.0189283634245777,0.546787031644341,1.9575810522228687,False,True,True,True,True,True,True,True,True,False,,False,19,2,2
Eryth,overall,25,0.9,0.005,3000,100,250,492,130,130,108,125,0.0118303690647866,0.1291966281503787,0.0293381037567084,1.6014907573047108,2.9638640429338103,False,True,True,True,True,True,True,True,True,False,,True,21,2,2
Eryth,overall,25,0.9,0.005,3000,100,500,981,131,131,118,130,0.0039455858083933,0.2336061573747964,0.0576042278332354,3.801115678214914,2.55778038755138,False,True,True,True,True,True,True,True,True,False,,True,21,5,4
Eryth,overall,25,0.9,0.005,3000,100,1000,1955,133,133,133,133,-0.0095932347057027,0.3507186386626112,0.1113579403053087,8.198051948051948,2.3486557302346776,False,True,True,True,True,True,True,True,True,False,,True,21,9,7
Eryth,overall,25,0.9,0.005,4000,10,100,200,32,32,31,28,-0.0170122448979591,0.4621871962961359,0.2016129032258064,3.4596774193548385,1.808467741935484,False,True,True,True,False,True,True,True,True,False,,False,11,5,4
Eryth,overall,25,0.9,0.005,4000,10,250,249,32,32,32,29,-0.0361514790772893,0.5773055596149635,0.251008064516129,4.574596774193548,1.7681451612903225,False,True,True,True,False,True,True,True,True,False,,False,11,5,4
Eryth,overall,25,0.9,0.005,4000,10,500,249,32,32,32,29,-0.0361514790772893,0.5773055596149635,0.251008064516129,4.574596774193548,1.7681451612903225,False,True,True,True,False,True,True,True,True,False,,False,11,5,4
Eryth,overall,25,0.9,0.005,4000,10,1000,229,31,31,31,28,-0.0423551380715255,0.6079705689962356,0.2462365591397849,4.244086021505376,1.7559139784946236,False,True,True,False,False,True,True,True,True,False,,False,9,3,3
Eryth,overall,25,0.9,0.005,4000,25,100,200,65,65,56,63,0.0572221110126111,0.1556371917886564,0.048076923076923,1.4401442307692307,2.7259615384615383,False,True,True,True,True,True,True,True,True,False,,False,15,2,2
Eryth,overall,25,0.9,0.005,4000,25,250,500,68,68,67,67,-0.0012854442344045,0.3285807702517863,0.1097453906935908,4.229367866549605,2.4271290605794555,False,True,True,True,True,True,True,True,True,False,,False,15,5,4
Eryth,overall,25,0.9,0.005,4000,25,500,668,67,67,67,66,-0.0178157229697425,0.4420542615459055,0.1510628674807779,5.67345092718227,2.257123473541384,False,True,True,True,True,True,True,True,True,False,,False,15,6,5
Eryth,overall,25,0.9,0.005,4000,25,1000,668,67,67,67,66,-0.0178157229697425,0.4420542615459055,0.1510628674807779,5.67345092718227,2.257123473541384,False,True,True,True,True,True,True,True,True,False,,False,15,6,5
Eryth,overall,25,0.9,0.005,4000,50,100,200,105,105,77,92,-0.0011664496527777,0.0659139273424987,0.0183150183150183,0.6714285714285714,2.7223443223443224,False,True,True,True,True,True,True,True,True,False,,False,18,2,2
Eryth,overall,25,0.9,0.005,4000,50,250,500,113,113,96,108,0.015002528516042,0.1683394273825876,0.0395069532237673,1.9575695322376736,2.874762958280657,False,True,True,True,True,True,True,True,True,False,,True,19,3,2
Eryth,overall,25,0.9,0.005,4000,50,500,1000,114,114,108,113,-0.0109319115825184,0.2644045698786634,0.0776276975624903,4.683667132432852,2.4911504424778763,False,True,True,True,True,True,True,True,True,False,,True,19,6,4
Eryth,overall,25,0.9,0.005,4000,50,1000,1575,115,115,115,114,-0.0101019437195246,0.3805884476629084,0.120137299771167,7.555606407322655,2.2920671243325708,False,True,True,True,True,True,True,True,True,False,,True,19,9,7
Eryth,overall,25,0.9,0.005,4000,75,100,200,114,114,85,99,-0.0069762342041062,0.0613211350053455,0.015525539512498,0.5204937121564974,2.330693991616209,False,True,True,True,True,True,True,True,True,False,,False,20,2,2
Eryth,overall,25,0.9,0.005,4000,75,250,500,128,128,105,123,0.0063277734795406,0.1344038889346556,0.030757874015748,1.6139271653543308,2.899360236220472,False,True,True,True,True,True,True,True,True,False,,True,21,2,2
Eryth,overall,25,0.9,0.005,4000,75,500,1000,130,130,118,128,0.0076852840736784,0.2315238308208349,0.0596302921884317,3.880679785330948,2.517829457364341,False,True,True,True,True,True,True,True,True,False,,True,21,5,4
Eryth,overall,25,0.9,0.005,4000,75,1000,2000,131,131,131,131,-0.0101501330915061,0.3675040457140784,0.1174398120963006,8.471755725190839,2.312213740458015,False,True,True,True,True,True,True,True,True,False,,True,21,9,7
Eryth,overall,25,0.9,0.005,4000,100,100,195,102,102,73,87,0.0388262051039697,0.0783297856827268,0.0189283634245777,0.546787031644341,1.9575810522228687,False,True,True,True,True,True,True,True,True,False,,False,19,2,2
Eryth,overall,25,0.9,0.005,4000,100,250,492,130,130,107,125,0.0158094322491053,0.1295954280495344,0.0293381037567084,1.5981514609421583,2.941502683363149,False,True,True,True,True,True,True,True,True,False,,True,21,2,2
Eryth,overall,25,0.9,0.005,4000,100,500,980,131,131,118,130,0.0032164792849641,0.229930987294262,0.0575455079271873,3.807692307692308,2.546095126247798,False,True,True,True,True,True,True,True,True,False,,True,21,5,4
Eryth,overall,25,0.9,0.005,4000,100,1000,1955,133,133,133,133,-0.0106324910799665,0.3522295884945313,0.1113579403053087,8.195887445887445,2.343415356573251,False,True,True,True,True,True,True,True,True,False,,True,21,9,7
Eryth,overall,25,0.9,0.01,2000,10,100,200,36,36,32,34,-0.0067794421487603,0.3476564261522983,0.1587301587301587,3.3666666666666667,1.8023809523809524,False,True,True,True,True,True,True,True,True,False,,False,13,6,4
Eryth,overall,25,0.9,0.01,2000,10,250,310,36,36,36,34,-0.007938768244927,0.5167521549724179,0.246031746031746,5.664285714285715,1.805555555555556,False,True,True,False,True,True,True,True,True,False,,False,12,4,3
Eryth,overall,25,0.9,0.01,2000,10,500,297,36,36,36,34,0.0015935259104188,0.516081150450682,0.2357142857142857,5.255555555555556,1.7880952380952382,False,True,True,True,True,True,True,True,True,False,,False,13,6,4
Eryth,overall,25,0.9,0.01,2000,10,1000,302,36,36,36,34,-0.0010143984011869,0.5153252330935508,0.2396825396825397,5.454761904761905,1.8388888888888888,False,True,True,True,True,True,True,True,True,False,,False,13,6,4
Eryth,overall,25,0.9,0.01,2000,25,100,200,69,69,47,67,0.0042401982740601,0.1491307806525197,0.0426257459505541,1.161764705882353,1.8751065643648763,False,True,True,True,True,True,True,True,True,False,,False,16,4,3
Eryth,overall,25,0.9,0.01,2000,25,250,500,70,70,68,69,0.0002765012108846,0.277146166484993,0.10351966873706,4.361490683229814,2.3770186335403727,False,True,True,True,True,True,True,True,True,False,,False,16,6,4
Eryth,overall,25,0.9,0.01,2000,25,500,819,70,70,70,69,-0.0174477795004178,0.4192897225893963,0.1695652173913043,7.584472049689441,2.0521739130434784,False,True,True,True,True,True,True,True,True,False,,False,16,6,4
Eryth,overall,25,0.9,0.01,2000,25,1000,818,70,70,70,69,-0.016479630853299,0.4229920963302497,0.1693581780538302,7.561076604554866,2.0527950310559007,False,True,True,True,True,True,True,True,True,False,,False,16,6,4
Eryth,overall,25,0.9,0.01,2000,50,100,196,97,97,64,90,0.0410857750472589,0.0465576805782991,0.0210481099656357,0.7446305841924399,1.9864690721649485,False,True,True,True,True,True,True,True,True,False,,True,18,2,2
Eryth,overall,25,0.9,0.01,2000,50,250,500,122,122,103,119,0.0490268729456585,0.1250903918748585,0.0338707492209727,1.8926974664679583,2.580747866142799,False,True,True,True,True,True,True,True,True,False,,True,20,4,3
Eryth,overall,25,0.9,0.01,2000,50,500,1000,122,122,116,121,0.0173960924147207,0.2177586548264389,0.0677414984419455,4.489093618750847,2.4829291423926296,False,True,True,True,True,True,True,True,True,False,,True,20,7,4
Eryth,overall,25,0.9,0.01,2000,50,1000,1800,120,120,120,119,0.007316636025166,0.334120611054187,0.1260504201680672,9.22016806722689,2.181372549019608,False,True,True,True,True,True,True,True,True,False,,True,20,9,4
Eryth,overall,25,0.9,0.01,2000,75,100,196,107,107,74,94,0.052115851543531,0.0382748093028466,0.0172809028390054,0.5729148298360077,1.7400811144418973,False,True,True,True,True,True,True,True,True,False,,True,20,2,2
Eryth,overall,25,0.9,0.01,2000,75,250,489,137,137,108,132,0.0506737130113753,0.0884092850463789,0.0262451696006869,1.328735508802061,1.935272649205668,False,True,True,True,True,True,True,True,True,False,,True,21,3,3
Eryth,overall,25,0.9,0.01,2000,75,500,985,139,139,127,139,0.0275550869500595,0.1809127274037765,0.0513502241684913,3.651131268897925,2.5813783755604214,False,True,True,True,True,True,True,True,True,False,,True,21,5,3
Eryth,overall,25,0.9,0.01,2000,75,1000,1946,139,139,138,139,0.0155696628131643,0.2932829060415755,0.1014492753623188,8.353925555208008,2.3123761860077154,False,True,True,True,True,True,True,True,True,False,,True,21,10,5
Eryth,overall,25,0.9,0.01,2000,100,100,196,107,107,74,93,0.0418084589207584,0.0397000714757724,0.0172809028390054,0.5589843061188503,1.6805678010932816,False,True,True,True,True,True,True,True,True,False,,True,20,2,2
Eryth,overall,25,0.9,0.01,2000,100,250,494,134,134,112,131,0.0376066053896737,0.0943824324070002,0.0277185501066098,1.5314218381775333,2.257378520929189,False,True,True,True,True,True,True,True,True,False,,True,21,4,3
Eryth,overall,25,0.9,0.01,2000,100,500,971,137,137,126,137,0.0287067395264116,0.1698038262138732,0.0521146414770287,3.731590811507085,2.689942035208244,False,True,True,True,True,True,True,True,True,False,,True,21,5,3
Eryth,overall,25,0.9,0.01,2000,100,1000,1976,140,140,139,140,0.0125567789500256,0.2875948581411954,0.1015416238437821,8.404881808838644,2.303186022610483,False,True,True,True,True,True,True,True,True,False,,True,21,9,5
Eryth,overall,25,0.9,0.01,3000,10,100,200,36,36,32,34,0.0142746913580246,0.3750036410575627,0.1587301587301587,3.1023809523809525,1.7785714285714285,False,True,True,True,True,True,True,True,False,False,,False,13,5,4
Eryth,overall,25,0.9,0.01,3000,10,250,370,36,36,36,35,0.0129427573233001,0.592129421679776,0.2936507936507936,6.9944444444444445,1.7587301587301587,False,True,True,True,True,True,True,True,True,False,,False,13,6,4
Eryth,overall,25,0.9,0.01,3000,10,500,368,36,36,36,35,0.0137584400969529,0.5948442109163044,0.2920634920634921,6.925396825396826,1.7634920634920634,False,True,True,True,True,True,True,True,True,False,,False,13,6,4
Eryth,overall,25,0.9,0.01,3000,10,1000,368,36,36,36,35,0.0111290252770082,0.5973094623976303,0.2920634920634921,6.9182539682539685,1.7634920634920634,False,True,True,True,True,True,True,True,True,False,,False,13,6,4
Eryth,overall,25,0.9,0.01,3000,25,100,200,69,69,54,69,0.0403514857208926,0.138977849847415,0.0426257459505541,1.3533674339300938,2.4901960784313726,False,True,True,True,True,True,True,True,True,False,,False,16,3,3
Eryth,overall,25,0.9,0.01,3000,25,250,500,72,72,66,72,-0.0084438714291764,0.2701700555883954,0.0978090766823161,4.052816901408451,2.2961658841940533,False,True,True,True,True,True,True,True,True,False,,False,16,6,4
Eryth,overall,25,0.9,0.01,3000,25,500,970,72,72,72,71,-0.021117314667317,0.4634604400835129,0.1897496087636932,8.594287949921753,1.9902190923317684,False,True,True,True,True,True,True,True,True,False,,False,16,6,4
Eryth,overall,25,0.9,0.01,3000,25,1000,997,70,70,70,70,-0.0250590031931139,0.5070688597539332,0.2064182194616977,9.084472049689442,1.982194616977225,False,True,True,True,True,True,True,True,True,False,,False,17,7,4
Eryth,overall,25,0.9,0.01,3000,50,100,200,104,104,67,94,0.0169088211416253,0.0564289876789876,0.0186706497386109,0.5106422703510082,1.3579163554891711,False,True,True,True,True,True,True,True,True,False,,True,19,2,2
Eryth,overall,25,0.9,0.01,3000,50,250,500,121,121,102,118,-0.0004134466251581,0.1316607826126586,0.0344352617079889,1.8835399449035808,2.4979338842975207,False,True,True,True,True,True,True,True,True,False,,True,19,5,4
Eryth,overall,25,0.9,0.01,3000,50,500,1000,121,121,115,121,0.008603500151329,0.2243037470720177,0.0688705234159779,4.811501377410468,2.488085399449036,False,True,True,True,True,True,True,True,True,False,,True,19,5,4
Eryth,overall,25,0.9,0.01,3000,50,1000,2000,121,121,121,121,-0.0034942074721517,0.356637458768441,0.1377410468319559,10.40702479338843,2.14435261707989,False,True,True,True,True,True,True,True,True,False,,True,19,8,5
Eryth,overall,25,0.9,0.01,3000,75,100,195,112,112,76,102,0.0488982750472589,0.0511672850958565,0.0156853281853281,0.5300836550836551,2.181547619047619,False,True,True,True,True,True,True,True,True,False,,True,20,2,2
Eryth,overall,25,0.9,0.01,3000,75,250,495,136,136,107,132,0.0372272521502942,0.0995091318387393,0.0269607843137254,1.5299019607843136,2.3431917211328974,False,True,True,True,True,True,True,True,True,False,,True,21,4,3
Eryth,overall,25,0.9,0.01,3000,75,500,983,140,140,130,139,0.0217949298325033,0.1762192285316549,0.050513874614594,3.798458376156218,2.643473792394656,False,True,True,True,True,True,True,True,True,False,,True,21,5,4
Eryth,overall,25,0.9,0.01,3000,75,1000,1966,140,140,138,140,0.003401901465237,0.2830709667891741,0.101027749229188,8.57497430626927,2.2587358684480985,False,True,True,True,True,True,True,True,True,False,,True,21,8,5
Eryth,overall,25,0.9,0.01,3000,100,100,194,110,110,76,101,0.0322941861506763,0.0625108225108225,0.0161801501251042,0.5100917431192661,2.199749791492911,False,True,True,True,True,True,True,True,True,False,,True,20,2,2
Eryth,overall,25,0.9,0.01,3000,100,250,495,137,137,108,132,0.0303235199985575,0.0939986035042349,0.0265671962215543,1.539662945470159,2.3909403177329325,False,True,True,True,True,True,True,True,True,False,,True,21,4,3
Eryth,overall,25,0.9,0.01,3000,100,500,983,140,140,130,139,0.0215873275106298,0.176869136999167,0.050513874614594,3.773484069886948,2.6409044193216853,False,True,True,True,True,True,True,True,True,False,,True,21,5,4
Eryth,overall,25,0.9,0.01,3000,100,1000,1966,140,140,138,140,0.0030465796313799,0.2810419217237769,0.101027749229188,8.551901336073998,2.2617677286742035,False,True,True,True,True,True,True,True,True,False,,True,21,8,5
Eryth,overall,25,0.9,0.01,4000,10,100,200,36,36,35,35,0.037469387755102,0.3722615755703991,0.1587301587301587,3.511111111111111,2.138888888888889,False,True,True,True,True,True,True,True,True,False,,False,13,6,5
Eryth,overall,25,0.9,0.01,4000,10,250,412,36,36,36,35,-0.0047255881519274,0.6600862110568287,0.326984126984127,7.647619047619048,1.7047619047619047,False,True,True,True,True,True,True,True,True,False,,False,13,7,5
Eryth,overall,25,0.9,0.01,4000,10,500,412,36,36,36,35,-0.0047255881519274,0.6600862110568287,0.326984126984127,7.647619047619048,1.7047619047619047,False,True,True,True,True,True,True,True,True,False,,False,13,7,5
Eryth,overall,25,0.9,0.01,4000,10,1000,412,36,36,36,35,-0.0047255881519274,0.6600862110568287,0.326984126984127,7.647619047619048,1.7047619047619047,False,True,True,True,True,True,True,True,True,False,,False,13,7,5
Eryth,overall,25,0.9,0.01,4000,25,100,200,68,68,52,68,0.0096976529078506,0.1325130751601339,0.0438981562774363,1.4359086918349429,2.6918349429323967,False,True,True,True,True,True,True,True,True,False,,False,16,3,3
Eryth,overall,25,0.9,0.01,4000,25,250,500,72,72,67,72,-0.0155106381986201,0.2977099063590614,0.0978090766823161,3.8648278560250393,2.337636932707355,False,True,True,True,True,True,True,True,True,False,,False,16,7,5
Eryth,overall,25,0.9,0.01,4000,25,500,1000,72,72,72,72,-0.0199388771440538,0.4714368132253103,0.1956181533646322,8.94385758998435,1.999608763693271,False,True,True,True,True,True,True,True,True,False,,False,16,7,5
Eryth,overall,25,0.9,0.01,4000,25,1000,1154,72,72,72,72,-0.023271290042673,0.5390147149462574,0.2257433489827856,10.227308294209704,1.932511737089202,False,True,True,True,True,True,True,True,True,False,,False,16,7,5
Eryth,overall,25,0.9,0.01,4000,50,100,199,105,105,70,95,-0.0253083974649162,0.0449797292654435,0.0182234432234432,0.5266483516483517,1.7347069597069598,False,True,True,True,True,True,True,True,True,False,,True,19,2,2
Eryth,overall,25,0.9,0.01,4000,50,250,500,120,120,98,117,0.0004094785379835,0.1227231578189254,0.0350140056022409,1.980532212885154,2.5822829131652663,False,True,True,True,True,True,True,True,True,False,,True,19,5,4
Eryth,overall,25,0.9,0.01,4000,50,500,1000,123,123,117,123,0.0122361617691169,0.2074445022692573,0.0666400106624017,4.746834599493536,2.577035852325736,False,True,True,True,True,True,True,True,True,False,,True,20,6,4
Eryth,overall,25,0.9,0.01,4000,50,1000,2000,122,122,120,122,0.0001345500951941,0.3517324831529764,0.135482996883891,10.21968567944723,2.1037799756130604,False,True,True,True,True,True,True,True,True,False,,True,20,8,5
Eryth,overall,25,0.9,0.01,4000,75,100,194,108,108,73,97,-0.0087871430223146,0.0708599528043972,0.0167878158532364,0.4744721356870889,1.660089996538595,False,True,True,True,True,True,True,True,True,False,,True,21,2,2
Eryth,overall,25,0.9,0.01,4000,75,250,475,133,133,109,127,0.0196493827160493,0.1013303750624218,0.027056277056277,1.5739917976760085,2.616427432216906,False,True,True,True,True,True,True,True,True,False,,True,21,3,3
Eryth,overall,25,0.9,0.01,4000,75,500,985,140,140,131,139,0.0175943922003973,0.1646683521795024,0.0506166495375128,3.8554470709146966,2.746762589928057,False,True,True,True,True,True,True,True,True,False,,True,21,6,5
Eryth,overall,25,0.9,0.01,4000,75,1000,1965,140,140,137,140,-0.0007516102261293,0.2859281408890505,0.1009763617677286,8.523638232271326,2.260739979445016,False,True,True,True,True,True,True,True,True,False,,True,21,8,5
Eryth,overall,25,0.9,0.01,4000,100,100,195,108,108,74,98,-0.016042780748663,0.0693708554819666,0.0168743509865005,0.4921253028729664,1.6303219106957425,False,True,True,True,True,True,True,True,True,False,,True,21,2,2
Eryth,overall,25,0.9,0.01,4000,100,250,494,135,135,107,131,0.0306199320622397,0.1109532649694328,0.0273079049198452,1.588833609729132,2.4633499170812603,False,True,True,True,True,True,True,True,True,False,,True,21,4,3
Eryth,overall,25,0.9,0.01,4000,100,500,941,137,137,127,136,0.014730209671579,0.1792324864746044,0.0505045083726921,3.678080721339631,2.7469944182052384,False,True,True,True,True,True,True,True,True,False,,True,21,5,4
Eryth,overall,25,0.9,0.01,4000,100,1000,1965,140,140,137,140,-0.0010020169879195,0.2858841321553224,0.1009763617677286,8.516803699897226,2.258787255909558,False,True,True,True,True,True,True,True,True,False,,True,21,8,5
Eryth,overall,25,0.9,0.02,2000,10,100,200,38,38,36,38,0.0508264907311126,0.33027406889636,0.1422475106685633,3.473684210526316,2.205547652916074,False,True,True,True,True,True,True,True,True,False,,False,15,7,3
Eryth,overall,25,0.9,0.02,2000,10,250,390,38,38,38,38,-0.0060920186980609,0.4791120199946562,0.2773826458036984,7.54551920341394,1.8506401137980089,False,True,True,True,True,True,True,True,True,False,,False,15,10,5
Eryth,overall,25,0.9,0.02,2000,10,500,393,38,38,38,38,-0.0043199196890084,0.4792933231839084,0.2795163584637269,7.599573257467994,1.84850640113798,False,True,True,True,True,True,True,True,True,False,,False,15,10,5
Eryth,overall,25,0.9,0.02,2000,10,1000,392,38,38,38,38,-0.0034184359043267,0.4761121578836295,0.278805120910384,7.54551920341394,1.856330014224751,False,True,True,True,True,True,True,True,True,False,,False,15,10,5
Eryth,overall,25,0.9,0.02,2000,25,100,200,74,74,59,73,0.0756464572680789,0.1161400161400161,0.0370233246945575,1.2704553868937432,2.7841540170307293,False,True,True,True,True,True,True,True,True,False,,True,17,4,2
Eryth,overall,25,0.9,0.02,2000,25,250,500,77,77,74,77,0.0533394007640849,0.2565002010847967,0.0854408749145591,4.010252904989748,2.4844497607655502,False,True,True,True,True,True,True,True,True,False,,True,17,7,3
Eryth,overall,25,0.9,0.02,2000,25,500,951,76,76,76,76,0.0173006935594549,0.3704188165783346,0.1668421052631579,8.433157894736842,2.082456140350877,False,True,True,True,True,True,True,True,True,False,,True,17,12,5
Eryth,overall,25,0.9,0.02,2000,25,1000,1082,77,77,77,77,0.0162985907585335,0.3912823168294355,0.1848940533151059,9.569890635680109,2.0223855092276146,False,True,True,True,True,True,True,True,True,False,,True,17,12,5
Eryth,overall,25,0.9,0.02,2000,50,100,199,103,103,72,96,0.1063988919667589,0.0454679624582537,0.0189415572054064,0.6167904054825813,2.323910146582905,False,True,True,True,True,True,True,True,True,False,,False,18,2,1
Eryth,overall,25,0.9,0.02,2000,50,250,499,122,122,94,119,0.0843597666614454,0.1267851694716838,0.0338030077225308,1.889107167050535,2.3262430564964096,False,True,True,True,True,True,True,True,True,False,,False,20,7,3
Eryth,overall,25,0.9,0.02,2000,50,500,1000,125,125,117,124,0.0471747386366856,0.203612490239628,0.064516129032258,4.519741935483871,2.432258064516129,False,True,True,True,True,True,True,True,True,False,,True,20,8,4
Eryth,overall,25,0.9,0.02,2000,50,1000,1926,125,125,125,125,0.0200884238269322,0.30888386484569,0.124258064516129,9.999225806451612,2.1663225806451614,False,True,True,True,True,True,True,True,True,False,,True,21,15,7
Eryth,overall,25,0.9,0.02,2000,75,100,198,112,112,74,102,0.0729262898575067,0.0267326423576423,0.0159266409266409,0.4538288288288288,1.8651866151866152,False,True,True,True,True,True,True,True,True,False,,False,18,2,1
Eryth,overall,25,0.9,0.02,2000,75,250,499,135,135,105,132,0.0719740637395833,0.0956222250344633,0.027584300718629,1.6475953565505803,2.575290215588723,False,True,True,True,True,True,True,True,True,False,,False,20,7,3
Eryth,overall,25,0.9,0.02,2000,75,500,1000,141,141,127,140,0.0554908076066132,0.1584861451703374,0.0506585612968591,3.9411347517730495,2.4713272543059777,False,True,True,True,True,True,True,True,True,False,,True,21,7,3
Eryth,overall,25,0.9,0.02,2000,75,1000,2000,141,141,140,141,0.027545211400817,0.2574968244965085,0.1013171225937183,9.13257345491388,2.2425531914893617,False,True,True,True,True,True,True,True,True,False,,True,21,13,6
Eryth,overall,25,0.9,0.02,2000,100,100,198,115,115,78,106,0.047996878251821,0.0549771967163271,0.0151029748283752,0.4651411136536995,2.177116704805492,False,True,True,True,True,True,True,True,True,False,,True,19,4,2
Eryth,overall,25,0.9,0.02,2000,100,250,496,137,137,105,134,0.0739903350727692,0.0933954682876593,0.0266208673250322,1.5522756547874623,2.4762773722627736,False,True,True,True,True,True,True,True,True,False,,True,21,7,3
Eryth,overall,25,0.9,0.02,2000,100,500,990,141,141,130,140,0.0521254811923245,0.1591905236945363,0.0501519756838905,3.930141843971631,2.517527862208713,False,True,True,True,True,True,True,True,True,False,,True,21,7,3
Eryth,overall,25,0.9,0.02,2000,100,1000,1975,141,141,140,141,0.0210589090247571,0.2545326771116815,0.1000506585612968,8.99341438703141,2.254964539007092,False,True,True,True,True,True,True,True,True,False,,True,21,14,6
Eryth,overall,25,0.9,0.02,3000,10,100,200,38,38,38,38,0.0603122130394857,0.3208426447631271,0.1422475106685633,3.649359886201992,2.416073968705548,False,True,True,True,True,True,True,True,True,False,,False,15,7,3
Eryth,overall,25,0.9,0.02,3000,10,250,480,38,38,38,38,0.00918458781362,0.5665219274426436,0.3413940256045519,9.579658605974396,1.7339971550497866,False,True,True,True,True,True,True,True,True,False,,False,15,11,5
Eryth,overall,25,0.9,0.02,3000,10,500,504,38,38,38,38,-0.015188250611117,0.5895639724788155,0.3584637268847795,10.109530583214791,1.7076813655761025,False,True,True,True,True,True,True,True,True,False,,False,15,10,5
Eryth,overall,25,0.9,0.02,3000,10,1000,507,38,38,38,38,-0.0175935807996668,0.5980709524465911,0.3605974395448079,10.142247510668565,1.705547652916074,False,True,True,True,True,True,True,True,True,False,,False,15,10,5
Eryth,overall,25,0.9,0.02,3000,25,100,200,73,73,60,72,0.0396679254704909,0.0927565585099831,0.0380517503805175,1.3087899543378996,2.7648401826484017,False,True,True,True,True,True,True,True,True,False,,False,15,5,3
Eryth,overall,25,0.9,0.02,3000,25,250,500,77,77,72,76,0.0486499966577712,0.2244511656218323,0.0854408749145591,3.9900888585099112,2.255468215994532,False,True,True,True,True,True,True,True,True,False,,False,16,6,2
Eryth,overall,25,0.9,0.02,3000,25,500,1000,75,75,74,75,0.0160982777656289,0.3898418516934594,0.1801801801801801,9.238378378378378,1.9625225225225225,False,True,True,True,True,True,True,True,True,False,,False,16,8,4
Eryth,overall,25,0.9,0.02,3000,25,1000,1529,77,77,77,77,0.0180437955656144,0.5054251069565212,0.2612781954887218,14.346206425153794,1.8045112781954888,False,True,True,True,True,True,True,True,True,False,,False,15,11,5
Eryth,overall,25,0.9,0.02,3000,50,100,199,100,100,71,89,0.0377763161657468,0.0452532467532467,0.0201010101010101,0.6534343434343435,2.233939393939394,False,True,True,True,True,True,True,True,True,False,,False,20,1,1
Eryth,overall,25,0.9,0.02,3000,50,250,500,124,124,103,121,0.0437348639423352,0.1222125577547278,0.032782585890375,1.9261736165748755,2.57081038552321,False,True,True,True,True,True,True,True,True,False,,True,21,4,2
Eryth,overall,25,0.9,0.02,3000,50,500,1000,128,128,116,128,0.0406133113879674,0.1930448925358095,0.061515748031496,4.447711614173229,2.4010211614173227,False,True,True,True,True,True,True,True,True,False,,True,21,9,4
Eryth,overall,25,0.9,0.02,3000,50,1000,2000,125,125,123,125,0.0108183948800835,0.3109049790485803,0.1290322580645161,10.519548387096776,2.0856129032258064,False,True,True,True,True,True,True,True,True,False,,True,21,14,8
Eryth,overall,25,0.9,0.02,3000,75,100,194,102,102,73,87,0.0655416012558869,0.0412429618311971,0.0188312948941953,0.6260920209668026,2.2162686856920986,False,True,True,True,True,True,True,True,True,False,,False,19,1,1
Eryth,overall,25,0.9,0.02,3000,75,250,497,135,135,116,132,0.0695368620037807,0.0900170476476544,0.0274737423991155,1.737258153676064,2.8440022111663903,False,True,True,True,True,True,True,True,True,False,,True,21,4,2
Eryth,overall,25,0.9,0.02,3000,75,500,991,140,140,133,140,0.0696503329451461,0.1524242626152831,0.0509249743062692,4.191264131551901,2.712641315519013,False,True,True,True,True,True,True,True,True,False,,True,21,7,3
Eryth,overall,25,0.9,0.02,3000,75,1000,1956,139,139,138,139,0.0397019638960523,0.2538689504221084,0.1019705974350954,9.12501303305182,2.252319883223856,False,True,True,True,True,True,True,True,True,False,,True,21,13,7
Eryth,overall,25,0.9,0.02,3000,100,100,197,108,108,76,90,0.0706501095690285,0.0502945100167322,0.0170474212530287,0.5322776047075113,2.175925925925926,False,True,True,True,True,True,True,True,True,False,,False,18,1,1
Eryth,overall,25,0.9,0.02,3000,100,250,498,136,136,115,132,0.0860314980637207,0.0988487013190479,0.0271241830065359,1.733714596949891,2.7492374727668847,False,True,True,True,True,True,True,True,True,False,,True,21,4,2
Eryth,overall,25,0.9,0.02,3000,100,500,991,141,141,132,141,0.0536737436173071,0.1475167656671814,0.0502026342451874,4.130243161094225,2.7177304964539006,False,True,True,True,True,True,True,True,True,False,,True,21,6,2
Eryth,overall,25,0.9,0.02,3000,100,1000,1975,143,143,141,143,0.0189570030911371,0.2536654900161098,0.0972618930365409,8.881709839456319,2.260809612922289,False,True,True,True,True,True,True,True,True,False,,True,21,15,8
Eryth,overall,25,0.9,0.02,4000,10,100,200,38,38,38,38,0.0938167431112356,0.3024320966271431,0.1422475106685633,3.55547652916074,2.4046941678520626,False,True,True,True,True,True,True,True,True,False,,False,14,7,3
Eryth,overall,25,0.9,0.02,4000,10,250,492,38,38,38,38,-0.0026128436068304,0.5988125158583021,0.3499288762446657,9.861308677098153,1.7204836415362732,False,True,True,True,True,True,True,True,True,False,,False,14,9,4
Eryth,overall,25,0.9,0.02,4000,10,500,590,38,38,38,38,-0.0040947217523722,0.6679790817612576,0.4196301564722617,12.036984352773828,1.6194879089615932,False,True,True,True,True,True,True,True,True,False,,False,15,11,5
Eryth,overall,25,0.9,0.02,4000,10,1000,559,38,38,38,38,-0.0095956632447069,0.650959590615891,0.3975817923186344,11.229018492176388,1.6564722617354195,False,True,True,True,True,True,True,True,True,False,,False,14,10,5
Eryth,overall,25,0.9,0.02,4000,25,100,200,74,74,58,71,0.0718981481481481,0.1324759324759325,0.0370233246945575,1.2017771195853388,2.4975934838948537,False,True,True,True,True,True,True,True,True,False,,False,16,5,3
Eryth,overall,25,0.9,0.02,4000,25,250,500,76,76,70,76,0.0374835804090823,0.2228742559804329,0.087719298245614,4.128947368421053,2.326140350877193,False,True,True,True,True,True,True,True,True,False,,False,15,7,3
Eryth,overall,25,0.9,0.02,4000,25,500,1000,76,76,74,76,0.0112099909861378,0.3835053768506224,0.175438596491228,9.030877192982455,1.9366666666666668,False,True,True,True,True,True,True,True,True,False,,False,15,8,4
Eryth,overall,25,0.9,0.02,4000,25,1000,1597,76,76,76,76,-0.0097990591317945,0.556113691039647,0.2801754385964912,14.898596491228073,1.7836842105263158,False,True,True,True,True,True,True,True,True,False,,False,15,10,4
Eryth,overall,25,0.9,0.02,4000,50,100,199,108,108,76,93,0.0467688999547306,0.0504362407140185,0.0172204915195569,0.4010903426791277,1.4590688819660782,False,True,True,True,True,True,True,True,True,False,,True,19,1,1
Eryth,overall,25,0.9,0.02,4000,50,250,500,125,125,104,124,0.0609249961526623,0.111619355807591,0.032258064516129,1.9131612903225808,2.6458064516129034,False,True,True,True,True,True,True,True,True,False,,True,21,4,2
Eryth,overall,25,0.9,0.02,4000,50,500,1000,125,125,120,125,0.0545165678193251,0.193510608194791,0.064516129032258,4.767354838709678,2.5241290322580645,False,True,True,True,True,True,True,True,True,False,,True,21,11,6
Eryth,overall,25,0.9,0.02,4000,50,1000,2000,126,126,126,126,0.0172962655472878,0.3147139991662582,0.1269841269841269,10.487936507936508,2.137206349206349,False,True,True,True,True,True,True,True,True,False,,True,21,12,7
Eryth,overall,25,0.9,0.02,4000,75,100,196,116,116,75,101,0.1000179163307354,0.0510343583619445,0.0146926536731634,0.3254122938530734,1.400224887556222,False,True,True,True,True,True,True,True,True,False,,True,21,4,2
Eryth,overall,25,0.9,0.02,4000,75,250,498,137,137,115,133,0.0673858249508613,0.0917928012067127,0.0267282095319879,1.7172069557750107,2.9318376985830827,False,True,True,True,True,True,True,True,True,False,,True,21,3,2
Eryth,overall,25,0.9,0.02,4000,75,500,973,140,140,132,140,0.0648793710896217,0.1546333607053296,0.05,4.0102774922918805,2.7157245632065776,False,True,True,True,True,True,True,True,True,False,,True,21,7,3
Eryth,overall,25,0.9,0.02,4000,75,1000,1982,140,140,139,140,0.0418670061019159,0.2691687738062001,0.1018499486125385,9.117625899280576,2.235251798561151,False,True,True,True,True,True,True,True,True,False,,True,21,10,6
Eryth,overall,25,0.9,0.02,4000,100,100,195,112,112,76,97,0.0674311533072149,0.0507904298082869,0.0156853281853281,0.3742760617760617,1.5841377091377091,False,True,True,True,True,True,True,True,True,False,,True,19,1,1
Eryth,overall,25,0.9,0.02,4000,100,250,488,136,136,112,133,0.0752828504337363,0.0915747061650584,0.0265795206971677,1.6886165577342047,2.915686274509804,False,True,True,True,True,True,True,True,True,False,,True,21,3,2
Eryth,overall,25,0.9,0.02,4000,100,500,974,140,140,131,140,0.0570305026307398,0.1448845135964703,0.0500513874614594,4.038078108941418,2.6819116135662897,False,True,True,True,True,True,True,True,True,False,,True,21,7,3
Eryth,overall,25,0.9,0.02,4000,100,1000,1952,140,140,138,140,0.0342400573152154,0.2633990219146052,0.1003083247687564,8.948920863309352,2.230935251798561,False,True,True,True,True,True,True,True,True,False,,True,21,10,6
Eryth,overall,25,0.9,0.03,2000,10,100,200,35,35,33,35,0.0325484764542936,0.352453688137014,0.1680672268907563,3.7058823529411766,2.0210084033613445,False,True,True,False,False,True,True,True,False,False,,False,12,4,2
Eryth,overall,25,0.9,0.03,2000,10,250,376,37,37,37,37,-6.916151099041479e-05,0.5022496349626515,0.2822822822822823,7.128378378378378,1.8355855855855856,False,True,True,False,True,True,True,True,False,False,,False,13,6,3
Eryth,overall,25,0.9,0.03,2000,10,500,368,35,35,35,35,0.0034410801398543,0.5117738245995654,0.3092436974789916,7.727731092436975,1.776470588235294,False,True,True,False,False,True,True,True,False,False,,False,12,6,3
Eryth,overall,25,0.9,0.03,2000,10,1000,367,35,35,35,35,0.0043091445756293,0.5233287922456432,0.3084033613445378,7.640336134453782,1.7831932773109245,False,True,True,False,False,True,True,True,False,False,,False,12,6,4
Eryth,overall,25,0.9,0.03,2000,25,100,200,74,74,57,73,0.0863410382231404,0.120153470888765,0.0370233246945575,1.14476119955572,2.649203998519067,False,True,True,True,True,True,True,True,True,False,,False,15,4,2
Eryth,overall,25,0.9,0.03,2000,25,250,500,76,76,70,76,0.0694885274085829,0.2753625607444656,0.087719298245614,3.8507017543859647,2.300877192982456,False,True,True,True,True,True,True,True,True,False,,False,15,7,3
Eryth,overall,25,0.9,0.03,2000,25,500,970,76,76,76,76,0.0334630890470785,0.3930240644042104,0.1701754385964912,8.589122807017544,2.0435087719298246,False,True,True,True,True,True,True,True,True,False,,False,15,10,6
Eryth,overall,25,0.9,0.03,2000,25,1000,1056,75,75,75,75,0.0230098182438703,0.4271733700281211,0.1902702702702702,9.328468468468468,2.0068468468468468,False,True,True,True,True,True,True,True,False,False,,False,14,11,7
Eryth,overall,25,0.9,0.03,2000,50,100,199,106,106,73,101,0.0907046250452844,0.0597075602902461,0.0178796046720575,0.5026954177897575,1.986972147349506,False,True,True,True,True,True,True,True,True,False,,True,19,3,2
Eryth,overall,25,0.9,0.03,2000,50,250,499,122,122,97,121,0.0977502840550435,0.1188223186948,0.0338030077225308,1.96518086980084,2.6159734453326107,False,True,True,True,True,True,True,True,True,False,,True,20,6,2
Eryth,overall,25,0.9,0.03,2000,50,500,991,124,124,118,124,0.0738069758224335,0.2230747870559105,0.0649750852347233,4.669682664568581,2.4819695777602937,False,True,True,True,True,True,True,True,True,False,,True,20,9,4
Eryth,overall,25,0.9,0.03,2000,50,1000,1875,125,125,124,125,0.0339981556096477,0.2999507697620377,0.1209677419354838,9.88858064516129,2.1316774193548387,False,True,True,True,True,True,True,True,True,False,,True,20,13,8
Eryth,overall,25,0.9,0.03,2000,75,100,199,104,104,69,99,0.1173456790123456,0.0465204667127744,0.0185772964899178,0.5060679611650486,1.733103061986557,False,True,True,True,True,True,True,True,True,False,,True,20,3,1
Eryth,overall,25,0.9,0.03,2000,75,250,499,135,135,109,129,0.0983265134309656,0.1148186471166247,0.027584300718629,1.6478164731896074,2.5543394140409066,False,True,True,True,True,True,True,True,True,False,,True,21,7,3
Eryth,overall,25,0.9,0.03,2000,75,500,993,140,140,134,140,0.0809639631012799,0.1835318333641918,0.051027749229188,4.011973278520041,2.679033915724564,False,True,True,True,True,True,True,True,True,False,,True,21,10,5
Eryth,overall,25,0.9,0.03,2000,75,1000,1980,139,139,138,139,0.0333502024990299,0.2648180153710875,0.1032217704097591,9.20175164216453,2.212230215827338,False,True,True,True,True,True,True,True,True,False,,True,21,11,6
Eryth,overall,25,0.9,0.03,2000,100,100,199,107,107,69,102,0.0940905344769695,0.0484484362989036,0.0175454064538882,0.4958561100335037,2.028213718920825,False,True,True,True,True,True,True,True,True,False,,True,21,3,1
Eryth,overall,25,0.9,0.03,2000,100,250,496,136,136,108,130,0.0829802469135802,0.1273072819941853,0.0270152505446623,1.5504901960784314,2.5031045751633987,False,True,True,True,True,True,True,True,True,False,,True,21,7,3
Eryth,overall,25,0.9,0.03,2000,100,500,993,140,140,135,140,0.0792962606333376,0.1870806084240618,0.051027749229188,4.012641315519013,2.7014388489208634,False,True,True,True,True,True,True,True,True,False,,True,21,10,5
Eryth,overall,25,0.9,0.03,2000,100,1000,1980,140,140,139,140,0.0383870610704262,0.2634761138084227,0.1017471736896197,9.17754367934224,2.226875642343268,False,True,True,True,True,True,True,True,True,False,,True,21,12,7
Eryth,overall,25,0.9,0.03,3000,10,100,200,35,35,34,35,0.0464775918674103,0.377174198350669,0.1680672268907563,4.010084033613445,2.1739495798319326,False,True,True,False,False,True,True,True,True,False,,False,13,4,2
Eryth,overall,25,0.9,0.03,3000,10,250,454,35,35,35,35,-0.0191794236934248,0.5931239784045778,0.3815126050420168,10.15126050420168,1.646218487394958,False,True,True,False,False,True,True,True,True,False,,False,13,7,5
Eryth,overall,25,0.9,0.03,3000,10,500,485,35,35,35,35,-0.0159251896154231,0.617309136785494,0.407563025210084,10.899159663865548,1.6134453781512603,False,True,True,False,False,True,True,True,True,False,,False,13,7,5
Eryth,overall,25,0.9,0.03,3000,10,1000,485,35,35,35,35,-0.0140333927863654,0.622930555997129,0.407563025210084,10.892436974789916,1.6134453781512603,False,True,True,False,False,True,True,True,True,False,,False,13,7,5
Eryth,overall,25,0.9,0.03,3000,25,100,200,77,77,58,77,0.0439436971380418,0.1179155387520551,0.0341763499658236,1.0037593984962403,2.342617908407382,False,True,True,True,True,True,True,True,True,False,,False,15,4,2
Eryth,overall,25,0.9,0.03,3000,25,250,500,78,78,73,78,0.0396350164227043,0.2190935468264236,0.0832500832500832,3.963536463536464,2.464368964368965,False,True,True,True,True,True,True,True,True,False,,False,15,6,2
Eryth,overall,25,0.9,0.03,3000,25,500,1000,80,80,79,80,0.0318507295001874,0.3422173631698803,0.1582278481012658,8.605537974683545,2.0405063291139243,False,True,True,True,True,True,True,True,True,False,,False,15,11,7
Eryth,overall,25,0.9,0.03,3000,25,1000,1627,79,79,79,79,0.0121640898872123,0.4964014922844689,0.2640376501135995,14.805420318078546,1.7943849399545602,False,True,True,True,True,True,True,True,True,False,,False,15,12,8
Eryth,overall,25,0.9,0.03,3000,50,100,199,98,98,69,93,0.1067352976693636,0.1062698639229251,0.0209341468546181,0.6205554386703135,2.030086261308647,False,True,True,True,True,True,True,True,True,False,,True,19,2,1
Eryth,overall,25,0.9,0.03,3000,50,250,500,124,124,101,124,0.0764754539858418,0.1172018627187052,0.032782585890375,1.8881458169420404,2.7762260687123,False,True,True,True,True,True,True,True,True,False,,True,21,7,2
Eryth,overall,25,0.9,0.03,3000,50,500,1000,126,126,115,126,0.0673520973736174,0.1928726405942158,0.0634920634920634,4.6694603174603175,2.4545396825396826,False,True,True,True,True,True,True,True,True,False,,True,20,8,3
Eryth,overall,25,0.9,0.03,3000,50,1000,2000,126,126,126,126,0.031029606086195,0.3045447886553502,0.1269841269841269,10.651619047619048,2.129460317460317,False,True,True,True,True,True,True,True,True,False,,True,20,14,7
Eryth,overall,25,0.9,0.03,3000,75,100,198,112,112,74,102,0.1575806599310155,0.0768733250876108,0.0159266409266409,0.3836872586872586,1.5731177606177609,False,True,True,True,True,True,True,True,True,False,,True,21,3,1
Eryth,overall,25,0.9,0.03,3000,75,250,490,138,138,105,138,0.1277349814733061,0.0910616894695936,0.0259176980852639,1.4761451391092777,2.637363799851899,False,True,True,True,True,True,True,True,True,False,,True,21,5,1
Eryth,overall,25,0.9,0.03,3000,75,500,991,140,140,127,140,0.0946922581501565,0.1738187078305255,0.0509249743062692,3.97929085303186,2.6528263103802674,False,True,True,True,True,True,True,True,True,False,,True,21,8,3
Eryth,overall,25,0.9,0.03,3000,75,1000,1959,140,140,139,140,0.041381126965253,0.2531005099808833,0.1006680369989722,9.189465570400822,2.236433710174717,False,True,True,True,True,True,True,True,True,False,,True,21,13,7
Eryth,overall,25,0.9,0.03,3000,100,100,194,112,112,70,104,0.1135648148148148,0.0541198880484594,0.0156048906048906,0.3312419562419562,1.3202220077220077,False,True,True,True,True,True,True,False,True,False,,False,19,3,1
Eryth,overall,25,0.9,0.03,3000,100,250,489,136,136,107,136,0.0764619236260532,0.0945343527790548,0.0266339869281045,1.4529411764705882,2.517538126361656,False,True,True,True,True,True,True,True,True,False,,True,21,7,2
Eryth,overall,25,0.9,0.03,3000,100,500,971,139,139,129,139,0.0689674146720992,0.1724963420015171,0.0506203732666041,3.955791888228548,2.6256386195391515,False,True,True,True,True,True,True,True,True,False,,True,21,7,2
Eryth,overall,25,0.9,0.03,3000,100,1000,1938,140,140,140,140,0.0396016252065826,0.2518007117701459,0.0995889003083247,9.09753340184995,2.268448098663926,False,True,True,True,True,True,True,True,True,False,,True,21,14,7
Eryth,overall,25,0.9,0.03,4000,10,100,200,36,36,35,36,0.06931640625,0.3441331000154529,0.1587301587301587,3.873809523809524,2.2301587301587302,False,True,True,False,False,True,True,True,True,False,,False,11,3,1
Eryth,overall,25,0.9,0.03,4000,10,250,500,36,36,36,36,-0.0102876323188584,0.6024883611195885,0.3968253968253968,11.15,1.6206349206349209,False,True,True,False,False,True,True,True,True,False,,False,11,6,4
Eryth,overall,25,0.9,0.03,4000,10,500,572,35,35,35,35,-0.0265890289633859,0.6881342933849327,0.480672268907563,13.258823529411766,1.5277310924369747,False,True,True,False,False,True,True,True,True,False,,False,11,7,5
Eryth,overall,25,0.9,0.03,4000,10,1000,574,35,35,35,35,-0.02713125,0.6903377160927686,0.4823529411764706,13.289075630252102,1.526890756302521,False,True,True,False,False,True,True,True,True,False,,False,11,7,5
Eryth,overall,25,0.9,0.03,4000,25,100,200,75,75,56,75,0.0377795918367347,0.1524419284419284,0.036036036036036,1.0484684684684684,2.3866666666666667,False,True,True,True,True,True,True,True,True,False,,False,15,4,2
Eryth,overall,25,0.9,0.03,4000,25,250,500,79,79,74,79,0.0592073410381576,0.1968112595843476,0.0811424862057773,3.975332684193444,2.48539435248296,False,True,True,True,True,True,True,True,True,False,,False,15,6,2
Eryth,overall,25,0.9,0.03,4000,25,500,1000,79,79,78,79,0.034893830415629,0.3314333989410035,0.1622849724115546,8.881531970139566,2.022233041220383,False,True,True,True,True,True,True,True,True,False,,False,15,10,6
Eryth,overall,25,0.9,0.03,4000,25,1000,1908,79,79,79,79,0.0062473268071642,0.5506071377321012,0.3096397273612463,18.16179811749432,1.7137293086660177,False,True,True,True,True,True,True,True,True,False,,False,15,12,8
Eryth,overall,25,0.9,0.03,4000,50,100,200,108,108,73,97,0.0998822605965463,0.0686570117125672,0.017307026652821,0.3729664243682935,1.2982000692281066,False,True,True,True,True,True,True,True,True,False,,False,19,3,1
Eryth,overall,25,0.9,0.03,4000,50,250,500,126,126,105,125,0.0807123345644813,0.1183237807447236,0.0317460317460317,1.9872380952380952,3.130095238095238,False,True,True,True,True,True,True,True,True,False,,True,20,4,1
Eryth,overall,25,0.9,0.03,4000,50,500,1000,125,125,119,125,0.0589554926548169,0.1784885215835838,0.064516129032258,4.987548387096775,2.5980645161290323,False,True,True,True,True,True,True,True,True,False,,True,20,8,3
Eryth,overall,25,0.9,0.03,4000,50,1000,2000,126,126,126,126,0.0311066543650048,0.3007230527237194,0.1269841269841269,10.69968253968254,2.135746031746032,False,True,True,True,True,True,True,True,True,False,,True,21,13,6
Eryth,overall,25,0.9,0.03,4000,75,100,199,111,111,75,102,0.1664277822568604,0.0660004160004159,0.0162981162981162,0.3779688779688779,1.5845208845208845,False,True,True,True,True,True,True,True,True,False,,False,19,3,1
Eryth,overall,25,0.9,0.03,4000,75,250,500,135,135,111,131,0.0971371660865026,0.1008409315101556,0.0276395798783858,1.791044776119403,3.043394140409066,False,True,True,True,True,True,True,True,True,False,,False,20,5,2
Eryth,overall,25,0.9,0.03,4000,75,500,1000,141,141,132,141,0.0817554802785009,0.1569735723930024,0.0506585612968591,4.235612968591692,2.7389564336372847,False,True,True,True,True,True,True,True,True,False,,True,21,7,2
Eryth,overall,25,0.9,0.03,4000,75,1000,2000,141,141,140,141,0.0536532674204913,0.2470468277863346,0.1013171225937183,9.400405268490374,2.2311550151975683,False,True,True,True,True,True,True,True,True,False,,True,21,12,6
Eryth,overall,25,0.9,0.03,4000,100,100,199,115,115,78,103,0.1466652882797731,0.0672670807453416,0.0151792524790236,0.331578947368421,1.278794813119756,False,True,True,True,True,True,True,True,True,False,,False,19,2,1
Eryth,overall,25,0.9,0.03,4000,100,250,490,137,137,110,133,0.1025586397208019,0.1079507619536191,0.0262988407041648,1.6509768140832977,3.013632460283384,False,True,True,True,True,True,True,True,True,False,,False,20,5,2
Eryth,overall,25,0.9,0.03,4000,100,500,982,141,141,134,141,0.0855149351334382,0.154847234989469,0.0497467071935157,4.186220871327254,2.879229989868288,False,True,True,True,True,True,True,True,True,False,,True,21,7,2
Eryth,overall,25,0.9,0.03,4000,100,1000,1958,141,141,141,141,0.0375243607924512,0.2423118801014362,0.0991894630192502,9.24984802431611,2.263525835866261,False,True,True,True,True,True,True,True,True,False,,True,21,12,6
Eryth,overall,10,0.5,0.005,2000,10,100,200,32,32,30,30,-0.0097992275527466,0.4321640267412328,0.2016129032258064,3.713709677419355,1.839717741935484,False,True,True,False,False,True,True,True,True,False,,False,11,4,2
Eryth,overall,10,0.5,0.005,2000,10,250,261,32,32,32,29,-0.0102771690609528,0.5620546180778884,0.2631048387096774,5.399193548387097,1.6794354838709675,False,True,True,True,False,True,True,True,True,False,,False,12,7,4
Eryth,overall,10,0.5,0.005,2000,10,500,260,32,32,32,29,-0.0132163551114842,0.5570646720396645,0.2620967741935484,5.395161290322581,1.6804435483870968,False,True,True,True,False,True,True,True,True,False,,False,12,7,4
Eryth,overall,10,0.5,0.005,2000,10,1000,261,32,32,32,29,-0.0102771690609528,0.5620546180778884,0.2631048387096774,5.399193548387097,1.6794354838709675,False,True,True,True,False,True,True,True,True,False,,False,12,7,4
Eryth,overall,10,0.5,0.005,2000,25,100,200,71,71,60,65,0.0387950138504155,0.1320988870284644,0.0402414486921529,1.388128772635815,2.6158953722334,False,True,True,True,True,True,True,True,True,False,,False,17,6,4
Eryth,overall,10,0.5,0.005,2000,25,250,500,74,74,74,69,0.0158521440572722,0.2755427001748848,0.0925583117363939,3.878748611625324,2.3922621251388376,False,True,True,True,True,True,True,True,True,False,,True,18,6,4
Eryth,overall,10,0.5,0.005,2000,25,500,816,76,76,76,72,0.0040420898788933,0.4083349761407137,0.1431578947368421,6.252105263157895,2.077543859649123,False,True,True,True,True,True,True,True,True,False,,True,18,10,7
Eryth,overall,10,0.5,0.005,2000,25,1000,814,76,76,76,72,0.004222442738816,0.4056036488928772,0.1428070175438596,6.247017543859649,2.0785964912280703,False,True,True,True,True,True,True,True,True,False,,True,18,10,7
Eryth,overall,10,0.5,0.005,2000,50,100,197,101,101,74,88,0.0205449412022696,0.0775792414406275,0.0195049504950495,0.8037623762376238,2.624950495049505,False,True,True,True,True,True,True,True,True,False,,False,20,4,4
Eryth,overall,10,0.5,0.005,2000,50,250,498,117,117,106,112,0.0301945913226156,0.1473785108690244,0.0366931918656056,2.174624226348364,2.95903330386089,False,True,True,True,True,True,True,True,True,False,,True,22,5,5
Eryth,overall,10,0.5,0.005,2000,50,500,994,122,122,119,118,0.0250902936208453,0.2297638121457337,0.0673350494512938,4.550331933342366,2.5364449261617668,False,True,True,True,True,True,True,True,True,False,,True,22,8,6
Eryth,overall,10,0.5,0.005,2000,50,1000,1772,123,123,123,122,-0.0078149854992002,0.3592766625819222,0.1180860988937758,8.326602692256431,2.245035319205651,False,True,True,True,True,True,True,True,True,False,,True,22,10,6
Eryth,overall,10,0.5,0.005,2000,75,100,195,113,113,75,96,0.0364265927977839,0.0703258884674813,0.0154077117572692,0.5156447534766119,2.161188369152971,False,True,True,True,True,True,True,True,True,False,,False,19,2,2
Eryth,overall,10,0.5,0.005,2000,75,250,481,132,132,112,125,0.011834733566887,0.1171044922266333,0.0278163312514457,1.7884570899838077,3.0643650242886884,False,True,True,True,True,True,True,True,True,False,,True,22,3,3
Eryth,overall,10,0.5,0.005,2000,75,500,964,139,139,131,134,0.019273214006009,0.1814728098685614,0.0502554478156605,3.619747680116776,2.692263580439996,False,True,True,True,True,True,True,True,True,False,,True,22,6,4
Eryth,overall,10,0.5,0.005,2000,75,1000,1924,139,139,138,138,0.0069333944367524,0.3057114012611167,0.1003023668022104,7.798196225628193,2.345688666458138,False,True,True,True,True,True,True,True,True,False,,True,22,8,5
Eryth,overall,10,0.5,0.005,2000,100,100,192,112,112,73,94,0.0450827876118848,0.0827380952380952,0.0154440154440154,0.4773166023166023,2.0156048906048905,False,True,True,True,True,True,True,True,True,False,,False,19,2,2
Eryth,overall,10,0.5,0.005,2000,100,250,479,133,133,114,127,0.0207492687841992,0.1086571984573061,0.0272841193893825,1.7527341079972658,3.13630667578036,False,True,True,True,True,True,True,True,True,False,,False,21,3,3
Eryth,overall,10,0.5,0.005,2000,100,500,957,144,144,135,138,0.0246524282932786,0.1815259827114284,0.0464743589743589,3.398698523698524,2.711052836052836,False,True,True,True,True,True,True,True,True,False,,True,22,6,4
Eryth,overall,10,0.5,0.005,2000,100,1000,1912,144,144,143,143,0.0138870047425118,0.2958650166945978,0.0928515928515928,7.325223387723388,2.4025835275835274,False,True,True,True,True,True,True,True,True,False,,True,22,8,5
Eryth,overall,10,0.5,0.005,3000,10,100,200,32,32,30,30,-0.0380318141648781,0.4640766504737093,0.2016129032258064,3.591733870967742,1.8639112903225807,False,True,True,False,False,True,True,True,True,False,,False,11,4,2
Eryth,overall,10,0.5,0.005,3000,10,250,298,32,32,32,30,-0.0471261853801809,0.6177871214411925,0.3004032258064516,5.685483870967742,1.752016129032258,False,True,True,False,False,True,True,True,True,False,,False,11,4,2
Eryth,overall,10,0.5,0.005,3000,10,500,298,32,32,32,30,-0.0471261853801809,0.6177871214411925,0.3004032258064516,5.685483870967742,1.752016129032258,False,True,True,False,False,True,True,True,True,False,,False,11,4,2
Eryth,overall,10,0.5,0.005,3000,10,1000,298,32,32,32,30,-0.0471261853801809,0.6177871214411925,0.3004032258064516,5.685483870967742,1.752016129032258,False,True,True,False,False,True,True,True,True,False,,False,11,4,2
Eryth,overall,10,0.5,0.005,3000,25,100,200,70,70,55,63,0.0224237843285462,0.136643832358118,0.041407867494824,1.2173913043478262,2.213664596273292,False,True,True,True,True,True,True,True,True,False,,False,17,2,2
Eryth,overall,10,0.5,0.005,3000,25,250,500,73,73,72,69,0.0059847837395957,0.3141151990560297,0.0951293759512937,3.771689497716895,2.2798706240487063,False,True,True,True,True,True,True,True,True,False,,False,17,5,3
Eryth,overall,10,0.5,0.005,3000,25,500,946,76,76,76,74,-0.0123556282924463,0.4864598628923861,0.1659649122807017,7.189649122807017,2.077894736842105,False,True,True,True,True,True,True,True,True,False,,False,17,9,6
Eryth,overall,10,0.5,0.005,3000,25,1000,867,73,73,73,70,-0.0135307062510393,0.4802703729994329,0.1649543378995434,6.789383561643835,2.039764079147641,False,True,True,True,True,True,True,True,True,False,,False,17,8,5
Eryth,overall,10,0.5,0.005,3000,50,100,195,109,109,75,87,-0.0262661214218307,0.0753776295060698,0.0165647298674821,0.4960924226979273,1.7291029561671762,False,True,True,True,True,True,True,True,True,False,,True,20,2,2
Eryth,overall,10,0.5,0.005,3000,50,250,494,118,118,99,109,-0.0152641939128592,0.1313117636186758,0.0357815442561205,2.0036940460669275,2.5331739823265247,False,True,True,True,True,True,True,True,True,False,,True,21,3,3
Eryth,overall,10,0.5,0.005,3000,50,500,988,123,123,116,122,-0.0078951495947008,0.2563886485807741,0.0658403305344528,4.31160868985739,2.4708783153405305,False,True,True,True,True,True,True,True,True,False,,True,21,6,4
Eryth,overall,10,0.5,0.005,3000,50,1000,1967,122,122,122,122,-0.0064752711183965,0.4137666154231881,0.1332475274353068,9.466806665763446,2.1745020999864515,False,True,True,True,True,True,True,True,True,False,,True,22,11,8
Eryth,overall,10,0.5,0.005,3000,75,100,196,122,122,81,96,0.0103836577636939,0.0412154330187117,0.0132773336946213,0.3667524725646931,1.56963826039832,False,True,True,True,True,True,True,True,True,False,,True,21,2,2
Eryth,overall,10,0.5,0.005,3000,75,250,489,136,136,110,124,0.0094710571674805,0.1241591564821078,0.0266339869281045,1.52979302832244,2.582843137254902,False,True,True,True,True,True,True,True,True,False,,True,22,2,2
Eryth,overall,10,0.5,0.005,3000,75,500,968,138,138,128,134,-0.004066679762754,0.2186046708436847,0.0512006770337459,3.5908177298212207,2.648206918438591,False,True,True,True,True,True,True,True,True,False,,True,22,6,4
Eryth,overall,10,0.5,0.005,3000,75,1000,1936,140,140,140,140,0.0032933483042772,0.3285371669301744,0.0994861253854059,7.743319630010277,2.423535457348407,False,True,True,True,True,True,True,True,True,False,,True,22,7,5
Eryth,overall,10,0.5,0.005,3000,100,100,195,122,122,81,98,0.025520597555455,0.0465699146027014,0.0132095921961793,0.3290881994309714,1.4386262024115974,False,True,True,True,True,True,True,True,True,False,,True,21,2,2
Eryth,overall,10,0.5,0.005,3000,100,250,489,140,140,114,126,0.0199776567145578,0.1193541772002629,0.0251284686536485,1.4230729701952725,2.660226104830421,False,True,True,True,True,True,True,True,True,False,,True,22,2,2
Eryth,overall,10,0.5,0.005,3000,100,500,968,144,144,134,138,0.0127754264372853,0.1956032442016275,0.047008547008547,3.3791278166278165,2.657682595182595,False,True,True,True,True,True,True,True,True,False,,True,22,6,4
Eryth,overall,10,0.5,0.005,3000,100,1000,1941,144,144,143,144,0.0070453762368851,0.3123314008857212,0.0942599067599067,7.487179487179487,2.4462412587412588,False,True,True,True,True,True,True,True,True,False,,True,22,6,4
Eryth,overall,10,0.5,0.005,4000,10,100,200,32,32,30,30,-0.0380160333291251,0.4511453721931663,0.2016129032258064,3.600806451612903,1.870967741935484,False,True,True,False,False,True,True,True,True,False,,False,11,4,2
Eryth,overall,10,0.5,0.005,4000,10,250,298,32,32,32,30,-0.0471261853801809,0.6177871214411925,0.3004032258064516,5.685483870967742,1.752016129032258,False,True,True,False,False,True,True,True,True,False,,False,11,4,2
Eryth,overall,10,0.5,0.005,4000,10,500,298,32,32,32,30,-0.0471261853801809,0.6177871214411925,0.3004032258064516,5.685483870967742,1.752016129032258,False,True,True,False,False,True,True,True,True,False,,False,11,4,2
Eryth,overall,10,0.5,0.005,4000,10,1000,298,32,32,32,30,-0.0471261853801809,0.6177871214411925,0.3004032258064516,5.685483870967742,1.752016129032258,False,True,True,False,False,True,True,True,True,False,,False,11,4,2
Eryth,overall,10,0.5,0.005,4000,25,100,200,70,70,55,63,0.0205341395817586,0.144594770309056,0.041407867494824,1.2180124223602484,2.211801242236025,False,True,True,True,True,True,True,True,True,False,,False,17,2,2
Eryth,overall,10,0.5,0.005,4000,25,250,500,76,76,74,73,0.0068942216378113,0.2667174619857091,0.087719298245614,3.7047368421052633,2.475964912280702,False,True,True,True,True,True,True,True,True,False,,False,17,7,5
Eryth,overall,10,0.5,0.005,4000,25,500,867,73,73,73,70,-0.0135307062510393,0.4802703729994329,0.1649543378995434,6.789383561643835,2.039764079147641,False,True,True,True,True,True,True,True,True,False,,False,17,8,4
Eryth,overall,10,0.5,0.005,4000,25,1000,867,73,73,73,70,-0.0135307062510393,0.4802703729994329,0.1649543378995434,6.789383561643835,2.039764079147641,False,True,True,True,True,True,True,True,True,False,,False,17,8,4
Eryth,overall,10,0.5,0.005,4000,50,100,195,109,109,74,88,-0.0292230315643426,0.0636039292002594,0.0165647298674821,0.4689942235813795,1.7410805300713557,False,True,True,True,True,True,True,True,True,False,,True,20,2,2
Eryth,overall,10,0.5,0.005,4000,50,250,494,119,119,101,109,-0.0109808629334086,0.1315492562628757,0.035180173764421,1.9820538384845463,2.6185728528699617,False,True,True,True,True,True,True,True,True,False,,True,21,3,3
Eryth,overall,10,0.5,0.005,4000,50,500,988,123,123,116,121,-0.0086920919429161,0.2634429254149985,0.0658403305344528,4.283686525389844,2.4363587898174064,False,True,True,True,True,True,True,True,True,False,,True,21,6,4
Eryth,overall,10,0.5,0.005,4000,50,1000,1973,123,123,123,123,-0.0104071405381685,0.4137066365612659,0.1314807410369185,9.283086765293882,2.198320671731308,False,True,True,True,True,True,True,True,True,False,,True,21,10,6
Eryth,overall,10,0.5,0.005,4000,75,100,196,122,122,80,98,0.0133814842809551,0.0438696094433799,0.0132773336946213,0.3353881587860723,1.4510906381249151,False,True,True,True,True,True,True,True,True,False,,True,21,2,2
Eryth,overall,10,0.5,0.005,4000,75,250,489,135,135,111,123,0.0086406564205687,0.1260823770503852,0.0270315091210613,1.5725262576008845,2.6420121614151464,False,True,True,True,True,True,True,True,True,False,,True,22,2,2
Eryth,overall,10,0.5,0.005,4000,75,500,970,140,140,131,135,-0.0052688289867777,0.215764285750328,0.0498458376156217,3.5354573484069887,2.677697841726619,False,True,True,True,True,True,True,True,True,False,,True,22,6,4
Eryth,overall,10,0.5,0.005,4000,75,1000,1934,140,140,140,140,0.0032803274125962,0.3272685227252394,0.0993833504624871,7.729188078108941,2.421274409044193,False,True,True,True,True,True,True,True,True,False,,True,22,7,5
Eryth,overall,10,0.5,0.005,4000,100,100,195,122,122,82,97,0.0298070393843367,0.0480140988337709,0.0132095921961793,0.3264462809917355,1.4824549519035362,False,True,True,True,True,True,True,True,True,False,,True,21,2,2
Eryth,overall,10,0.5,0.005,4000,100,250,489,140,140,116,126,0.0243191135734071,0.1159317859925756,0.0251284686536485,1.4691161356628983,2.75256937307297,False,True,True,True,True,True,True,True,True,False,,True,22,2,2
Eryth,overall,10,0.5,0.005,4000,100,500,971,144,144,134,138,0.0099983633462295,0.1877521266930653,0.0471542346542346,3.39481351981352,2.647727272727273,False,True,True,True,True,True,True,True,True,False,,True,22,6,4
Eryth,overall,10,0.5,0.005,4000,100,1000,1943,144,144,143,144,0.007929563406314,0.3152686218731962,0.0943570318570318,7.497474747474747,2.446289821289821,False,True,True,True,True,True,True,True,True,False,,True,22,6,4
Eryth,overall,10,0.5,0.01,2000,10,100,200,31,31,31,30,0.0197231833910034,0.3969964359907434,0.2150537634408602,4.47741935483871,2.025806451612904,False,True,True,False,True,True,True,True,False,False,,False,11,5,4
Eryth,overall,10,0.5,0.01,2000,10,250,272,31,31,31,30,-0.0088396825088784,0.5032932171526998,0.2924731182795699,6.19247311827957,1.8268817204301075,False,True,True,False,True,True,True,True,False,False,,False,11,5,4
Eryth,overall,10,0.5,0.01,2000,10,500,282,32,32,32,30,0.0067385924620342,0.5001640207595123,0.2842741935483871,6.037298387096774,1.7671370967741935,False,True,True,False,True,True,True,True,False,False,,False,11,5,4
Eryth,overall,10,0.5,0.01,2000,10,1000,248,31,31,31,29,0.02078231292517,0.4946423229555157,0.2666666666666666,5.252688172043011,1.8451612903225807,False,True,True,True,True,True,True,True,False,False,,False,12,7,5
Eryth,overall,10,0.5,0.01,2000,25,100,200,70,70,57,69,0.0397067901234567,0.122881166452595,0.041407867494824,1.4192546583850931,2.561697722567288,False,True,True,True,True,True,True,True,True,False,,False,17,4,4
Eryth,overall,10,0.5,0.01,2000,25,250,500,72,72,68,70,0.0272761687503994,0.2376506133233428,0.0978090766823161,4.232003129890454,2.2603677621283254,False,True,True,True,True,True,True,True,True,False,,True,18,7,5
Eryth,overall,10,0.5,0.01,2000,25,500,918,73,73,73,71,0.0144155264723378,0.393741720676394,0.1746575342465753,8.178462709284627,1.9992389649923896,False,True,True,True,True,True,True,True,True,False,,True,18,9,5
Eryth,overall,10,0.5,0.01,2000,25,1000,974,72,72,72,70,0.0100796651639528,0.4250748615014721,0.1905320813771518,8.838419405320813,1.954616588419405,False,True,True,True,True,True,True,True,True,False,,True,18,9,5
Eryth,overall,10,0.5,0.01,2000,50,100,199,105,105,71,97,0.0330757817530304,0.0771509971509971,0.0182234432234432,0.6019230769230769,2.2622710622710622,False,True,True,True,True,True,True,True,True,False,,True,20,2,2
Eryth,overall,10,0.5,0.01,2000,50,250,500,123,123,104,119,0.038611957491082,0.131019291285092,0.0333200053312008,1.7814874050379848,2.3612554978008795,False,True,True,True,True,True,True,True,True,False,,True,20,4,4
Eryth,overall,10,0.5,0.01,2000,50,500,1000,125,125,119,124,0.0063348363972713,0.1957422841296129,0.064516129032258,4.485935483870968,2.497677419354839,False,True,True,True,True,True,True,True,True,False,,True,20,7,4
Eryth,overall,10,0.5,0.01,2000,50,1000,1995,127,127,127,127,0.0007310810417434,0.3310275643488113,0.1246719160104986,9.736845394325709,2.216347956505437,False,True,True,True,True,True,True,True,True,False,,True,20,10,5
Eryth,overall,10,0.5,0.01,2000,75,100,191,117,117,85,101,0.0194500236294895,0.0465922965922965,0.0140730916592985,0.3819628647214854,2.108900677866195,False,True,True,True,True,True,True,True,True,False,,True,22,2,2
Eryth,overall,10,0.5,0.01,2000,75,250,484,148,148,122,139,0.0324477720082115,0.0977005761254986,0.0222467365324508,1.4140466997609855,2.806949806949807,False,True,True,True,True,True,True,True,True,False,,True,22,4,4
Eryth,overall,10,0.5,0.01,2000,75,500,971,154,154,139,154,0.0334140237444287,0.1328328401481067,0.0412104235633647,3.267761650114591,2.680460062813004,False,True,True,True,True,True,True,True,True,False,,True,22,6,4
Eryth,overall,10,0.5,0.01,2000,75,1000,1944,154,154,151,154,0.0192560323497676,0.2521539214598656,0.0825057295645531,7.311051693404635,2.3854511501570324,False,True,True,True,True,True,True,True,True,False,,True,22,10,7
Eryth,overall,10,0.5,0.01,2000,100,100,194,124,124,87,105,0.0014886114001618,0.0456244472373504,0.0127196433254655,0.3446761080514031,2.1197875688434302,False,True,True,True,True,True,True,True,True,False,,True,22,2,2
Eryth,overall,10,0.5,0.01,2000,100,250,485,146,146,122,136,0.0667272622345337,0.0926177447011663,0.0229097779877184,1.4700519603212092,2.7265942371280114,False,True,True,True,True,True,True,True,True,False,,False,21,5,5
Eryth,overall,10,0.5,0.01,2000,100,500,974,153,153,138,152,0.0257098453500123,0.1306998083549358,0.0418816649466804,3.309984520123839,2.649982800137599,False,True,True,True,True,True,True,True,True,False,,True,22,6,4
Eryth,overall,10,0.5,0.01,2000,100,1000,1947,156,156,153,156,0.0185833765758065,0.250455710755948,0.0805210918114144,7.250372208436724,2.4081058726220017,False,True,True,True,True,True,True,True,True,False,,True,22,10,7
Eryth,overall,10,0.5,0.01,3000,10,100,200,33,33,31,32,0.0443425605536332,0.3737293010020282,0.1893939393939394,4.18655303030303,1.887310606060606,False,True,True,True,True,True,True,True,False,False,,False,13,5,4
Eryth,overall,10,0.5,0.01,3000,10,250,301,31,31,31,30,0.0067660199029048,0.5710087470510875,0.3236559139784946,6.780645161290322,1.7870967741935484,False,True,True,True,True,True,True,True,False,False,,False,12,8,7
Eryth,overall,10,0.5,0.01,3000,10,500,350,33,33,33,32,0.0002345655845374,0.5846283892778587,0.3314393939393939,7.447916666666667,1.7660984848484849,False,True,True,True,True,True,True,True,False,False,,False,13,8,5
Eryth,overall,10,0.5,0.01,3000,10,1000,351,33,33,33,32,-0.0002329671865717,0.5888877454936143,0.3323863636363636,7.488636363636363,1.762310606060606,False,True,True,True,True,True,True,True,False,False,,False,13,8,5
Eryth,overall,10,0.5,0.01,3000,25,100,200,67,67,51,64,0.0420217689680487,0.1358747388598134,0.0452284034373586,1.5106286748077793,2.3534599728629577,False,True,True,True,True,True,True,True,True,False,,False,17,5,5
Eryth,overall,10,0.5,0.01,3000,25,250,500,71,71,66,70,0.029483630857272,0.2449343479774944,0.1006036217303823,4.356539235412475,2.2647887323943663,False,True,True,True,True,True,True,True,True,False,,False,17,7,5
Eryth,overall,10,0.5,0.01,3000,25,500,1000,71,71,71,70,0.0009283866092117,0.4575108032676336,0.2012072434607646,9.096378269617706,1.978672032193159,False,True,True,True,True,True,True,True,True,False,,False,17,8,5
Eryth,overall,10,0.5,0.01,3000,25,1000,1179,72,72,72,71,0.0020338275529564,0.5326500560557312,0.2306338028169014,10.69464006259781,1.888302034428795,False,True,True,True,True,True,True,True,True,False,,False,17,10,8
Eryth,overall,10,0.5,0.01,3000,50,100,198,109,109,77,91,0.0608016304347826,0.0638243509803142,0.0168195718654434,0.522511043153245,2.281770302412504,False,True,True,True,True,True,True,True,True,False,,True,21,2,2
Eryth,overall,10,0.5,0.01,3000,50,250,500,124,124,101,121,0.0390478312064411,0.1038244027214614,0.032782585890375,1.9796747967479675,2.710923157618673,False,True,True,True,True,True,True,True,True,False,,True,20,5,5
Eryth,overall,10,0.5,0.01,3000,50,500,1000,128,128,117,128,0.0186807723436235,0.1800889382060298,0.061515748031496,4.357221948818897,2.451279527559055,False,True,True,True,True,True,True,True,True,False,,True,20,8,6
Eryth,overall,10,0.5,0.01,3000,50,1000,2000,127,127,127,126,0.0036111312010605,0.3345706165991841,0.1249843769528809,9.770653668291464,2.1627296587926508,False,True,True,True,True,True,True,True,True,False,,True,20,9,6
Eryth,overall,10,0.5,0.01,3000,75,100,194,124,124,87,105,0.0305916727538349,0.0469010380300702,0.0127196433254655,0.4278127458693941,2.281405717282979,False,True,True,True,True,True,True,True,True,False,,True,22,2,2
Eryth,overall,10,0.5,0.01,3000,75,250,490,149,149,118,143,0.0194123118863858,0.0726483555046523,0.0222202067839651,1.4605931434790496,2.86518229639035,False,True,True,True,True,True,True,True,True,False,,True,22,4,4
Eryth,overall,10,0.5,0.01,3000,75,500,972,153,153,140,152,0.0218325190938054,0.138348922866364,0.0417956656346749,3.418644650842793,2.7830667354661163,False,True,True,True,True,True,True,True,True,False,,True,22,8,6
Eryth,overall,10,0.5,0.01,3000,75,1000,1942,154,154,151,154,0.0125662921430808,0.2600571742589327,0.0824208471267294,7.452847805788982,2.374289109583227,False,True,True,True,True,True,True,True,True,False,,True,22,8,6
Eryth,overall,10,0.5,0.01,3000,100,100,195,127,127,88,106,0.0172972972972973,0.0533484450807285,0.0121859767529058,0.4120109986251719,2.300649918760155,False,True,True,True,True,True,True,True,True,False,,True,22,2,2
Eryth,overall,10,0.5,0.01,3000,100,250,490,150,150,118,143,0.0277997456353335,0.0806197571491688,0.0219239373601789,1.4241163310961968,2.796152125279642,False,True,True,True,True,True,True,True,True,False,,True,22,5,5
Eryth,overall,10,0.5,0.01,3000,100,500,972,154,154,141,153,0.0319923807115792,0.1384465032319158,0.0412528647822765,3.4082845259315846,2.8011204481792715,False,True,True,True,True,True,True,True,True,False,,True,22,8,6
Eryth,overall,10,0.5,0.01,3000,100,1000,1946,155,155,151,155,0.0216768413662586,0.2522121535071859,0.081524926686217,7.390113112693758,2.352031839128613,False,True,True,True,True,True,True,True,True,False,,True,22,8,6
Eryth,overall,10,0.5,0.01,4000,10,100,200,33,33,31,32,0.0578585600907029,0.3552253104392141,0.1893939393939394,4.179924242424242,1.8977272727272727,False,True,True,True,True,True,True,True,False,False,,False,13,5,4
Eryth,overall,10,0.5,0.01,4000,10,250,410,33,33,33,32,-0.0040283880284232,0.7000258210220289,0.3882575757575757,8.613636363636363,1.6515151515151516,False,True,True,True,True,True,True,True,False,False,,False,13,9,6
Eryth,overall,10,0.5,0.01,4000,10,500,410,33,33,33,32,-0.0040283880284232,0.7000258210220289,0.3882575757575757,8.613636363636363,1.6515151515151516,False,True,True,True,True,True,True,True,False,False,,False,13,9,6
Eryth,overall,10,0.5,0.01,4000,10,1000,410,33,33,33,32,-0.0040283880284232,0.7000258210220289,0.3882575757575757,8.613636363636363,1.6515151515151516,False,True,True,True,True,True,True,True,False,False,,False,13,9,6
Eryth,overall,10,0.5,0.01,4000,25,100,200,68,68,53,65,0.0406574905482041,0.1128376525435349,0.0438981562774363,1.4657594381035997,2.4497366110623355,False,True,True,True,True,True,True,True,True,False,,False,17,4,4
Eryth,overall,10,0.5,0.01,4000,25,250,500,70,70,67,70,0.0267209422831632,0.2542189704491783,0.10351966873706,4.39192546583851,2.438716356107661,False,True,True,True,True,True,True,True,True,False,,False,17,7,5
Eryth,overall,10,0.5,0.01,4000,25,500,1000,70,70,69,70,0.0009108326666632,0.4777424242696027,0.2070393374741201,9.14472049689441,1.964596273291925,False,True,True,True,True,True,True,True,True,False,,False,17,9,6
Eryth,overall,10,0.5,0.01,4000,25,1000,1312,70,70,70,70,-0.0104187213647604,0.6166741039472784,0.2716356107660455,12.110351966873706,1.8455486542443065,False,True,True,True,True,True,True,True,True,False,,False,17,10,7
Eryth,overall,10,0.5,0.01,4000,50,100,198,104,104,75,94,0.0752216066481994,0.0605921855921855,0.0184839432412247,0.693614637789395,2.772124719940254,False,True,True,True,True,True,True,True,True,False,,True,20,2,2
Eryth,overall,10,0.5,0.01,4000,50,250,500,127,127,108,122,0.0454504300588501,0.1023544448503615,0.0312460942382202,1.93013373328334,2.860517435320585,False,True,True,True,True,True,True,True,True,False,,True,20,5,5
Eryth,overall,10,0.5,0.01,4000,50,500,1000,128,128,120,127,0.0246198202272598,0.1799958873583487,0.061515748031496,4.4749630905511815,2.5118725393700787,False,True,True,True,True,True,True,True,True,False,,True,20,8,6
Eryth,overall,10,0.5,0.01,4000,50,1000,1995,123,123,122,123,0.0002785929920439,0.3660979622997286,0.1329468212714914,9.952352392376383,2.135345861655338,False,True,True,True,True,True,True,True,True,False,,True,20,10,8
Eryth,overall,10,0.5,0.01,4000,75,100,192,120,120,85,101,0.0314715264650283,0.0220839345839345,0.0134453781512605,0.4929971988795518,2.6056022408963586,False,True,True,True,True,True,True,True,True,False,,False,21,2,2
Eryth,overall,10,0.5,0.01,4000,75,250,479,151,151,121,142,0.0297200369645054,0.1006942717499787,0.0211479028697571,1.3610596026490067,2.785253863134658,False,True,True,True,True,True,True,True,True,False,,True,22,3,3
Eryth,overall,10,0.5,0.01,4000,75,500,965,153,153,138,150,0.0316978620095543,0.1416611218463874,0.0414946680426556,3.388544891640867,2.675825593395253,False,True,True,True,True,True,True,True,True,False,,True,22,7,5
Eryth,overall,10,0.5,0.01,4000,75,1000,1923,154,154,151,154,0.0177876768059154,0.2532269072470648,0.0816144639674051,7.394236482471777,2.375222816399287,False,True,True,True,True,True,True,True,True,False,,True,22,9,6
Eryth,overall,10,0.5,0.01,4000,100,100,192,119,119,86,100,0.0172642958412098,0.0310730352747159,0.0136732659165361,0.5188719555618858,2.714570573992309,False,True,True,True,True,True,True,True,True,False,,False,21,2,2
Eryth,overall,10,0.5,0.01,4000,100,250,479,149,149,120,140,0.0233052477685441,0.0912599748367612,0.0217213858153455,1.390848902593869,2.820787230183204,False,True,True,True,True,True,True,True,True,False,,True,22,3,3
Eryth,overall,10,0.5,0.01,4000,100,500,965,152,152,138,149,0.038394260492628,0.1458999893853529,0.0420442662948762,3.3843238062042524,2.674930289299408,False,True,True,True,True,True,True,True,True,False,,True,22,7,5
Eryth,overall,10,0.5,0.01,4000,100,1000,1924,154,154,151,154,0.0171547179656386,0.2546172369931589,0.0816569051863169,7.380655292419998,2.3775995246583483,False,True,True,True,True,True,True,True,True,False,,True,22,9,6
Eryth,overall,10,0.5,0.02,2000,10,100,200,35,35,34,35,0.0465932047750229,0.3609672167235193,0.1680672268907563,4.048739495798319,2.142857142857143,False,True,True,True,True,True,True,True,False,False,,False,13,8,4
Eryth,overall,10,0.5,0.02,2000,10,250,369,35,35,35,35,-0.0083348722683902,0.5302108659479965,0.3100840336134454,7.960504201680672,1.7672268907563025,False,True,True,True,True,True,True,True,False,False,,False,13,11,7
Eryth,overall,10,0.5,0.02,2000,10,500,367,35,35,35,35,-0.0113249010475845,0.523351846029307,0.3084033613445378,7.989915966386555,1.76890756302521,False,True,True,True,True,True,True,True,False,False,,False,13,11,7
Eryth,overall,10,0.5,0.02,2000,10,1000,358,35,35,35,35,0.0088440039335438,0.5342959850628256,0.3008403361344537,7.676470588235294,1.7789915966386554,False,True,True,True,True,True,True,True,False,False,,False,13,13,8
Eryth,overall,10,0.5,0.02,2000,25,100,200,75,75,62,72,0.1038852417624037,0.1336933436933436,0.036036036036036,1.1461261261261262,2.6949549549549547,False,True,True,True,True,True,True,True,False,False,,False,16,5,2
Eryth,overall,10,0.5,0.02,2000,25,250,500,77,77,73,76,0.0777663101269781,0.2565592576092756,0.0854408749145591,3.962918660287081,2.3906356801093644,False,True,True,True,True,True,True,True,False,False,,False,16,8,3
Eryth,overall,10,0.5,0.02,2000,25,500,970,77,77,76,76,0.031126586071641,0.3937387686716316,0.1657552973342447,8.297163362952837,2.0,False,True,True,True,True,True,True,True,True,False,,False,17,12,7
Eryth,overall,10,0.5,0.02,2000,25,1000,1171,78,78,78,77,0.0100600871623813,0.4287668270441894,0.1949716949716949,10.158008658008658,1.93989343989344,False,True,True,True,True,True,True,True,False,False,,False,16,13,6
Eryth,overall,10,0.5,0.02,2000,50,100,197,107,107,77,98,0.0698587127158555,0.0719783331932864,0.017369070710633,0.5059954152706754,2.1814494798095576,False,True,True,True,True,True,True,True,True,False,,False,18,3,1
Eryth,overall,10,0.5,0.02,2000,50,250,500,129,129,110,126,0.0670645670375268,0.1317750891759099,0.0302810077519379,1.9324733527131783,2.9588178294573644,False,True,True,True,True,True,True,True,True,False,,False,20,7,2
Eryth,overall,10,0.5,0.02,2000,50,500,1000,132,132,127,132,0.0569437553281918,0.1937294378025155,0.0578302105019662,4.579516539440204,2.6029377746935,False,True,True,True,True,True,True,True,True,False,,True,21,11,6
Eryth,overall,10,0.5,0.02,2000,50,1000,2000,131,131,131,131,0.0237085702189921,0.3089943436919299,0.1174398120963006,10.02348796241926,2.1712859659424546,False,True,True,True,True,True,True,True,True,False,,True,21,15,6
Eryth,overall,10,0.5,0.02,2000,75,100,195,121,121,80,115,0.0595061728395061,0.0333479651661469,0.0134297520661157,0.3090909090909091,1.605785123966942,False,True,True,True,True,True,True,True,True,False,,False,20,4,2
Eryth,overall,10,0.5,0.02,2000,75,250,500,150,150,128,144,0.0867603969754253,0.0926268307085644,0.0223713646532438,1.5301565995525728,3.0896196868008947,False,True,True,True,True,True,True,True,True,False,,False,21,7,3
Eryth,overall,10,0.5,0.02,2000,75,500,990,156,156,149,156,0.0769283132903583,0.1489771826994824,0.0409429280397022,3.6011993382961123,2.8874276261373035,False,True,True,True,True,True,True,True,True,False,,True,22,10,5
Eryth,overall,10,0.5,0.02,2000,75,1000,2000,156,156,154,156,0.0396446159714129,0.2396805173802634,0.0827129859387924,7.946319272125724,2.3253101736972703,False,True,True,True,True,True,True,True,True,False,,True,22,15,9
Eryth,overall,10,0.5,0.02,2000,100,100,194,121,121,79,114,0.0398302469135802,0.0458021776203594,0.0133608815426997,0.2551652892561983,1.2816115702479338,False,True,True,True,True,True,True,True,True,False,,False,19,4,2
Eryth,overall,10,0.5,0.02,2000,100,250,499,153,153,131,143,0.0792109956192564,0.0966098800351952,0.0214568283453732,1.443498452012384,2.9739422084623324,False,True,True,True,True,True,True,True,True,False,,False,21,7,3
Eryth,overall,10,0.5,0.02,2000,100,500,1000,161,161,152,160,0.0807401519758294,0.1423758165927833,0.0388198757763975,3.478998447204969,2.8711956521739133,False,True,True,True,True,True,True,True,True,False,,True,22,10,5
Eryth,overall,10,0.5,0.02,2000,100,1000,2000,161,161,158,161,0.0488150534334899,0.2317717828660796,0.077639751552795,7.838082298136646,2.3284549689440994,False,True,True,True,True,True,True,True,True,False,,True,22,16,8
Eryth,overall,10,0.5,0.02,3000,10,100,200,35,35,35,35,0.0705857638037883,0.3779283135165488,0.1680672268907563,4.011764705882353,2.24873949579832,False,True,True,True,True,True,True,True,False,False,,False,13,6,2
Eryth,overall,10,0.5,0.02,3000,10,250,430,35,35,35,35,-0.0142482580926114,0.6063462560012758,0.361344537815126,9.114285714285714,1.688235294117647,False,True,True,True,True,True,True,True,False,False,,False,13,11,5
Eryth,overall,10,0.5,0.02,3000,10,500,431,35,35,35,35,-0.0118000883766649,0.6085512472430149,0.3621848739495798,9.130252100840336,1.6873949579831933,False,True,True,True,True,True,True,True,False,False,,False,13,11,5
Eryth,overall,10,0.5,0.02,3000,10,1000,430,35,35,35,35,-0.0142482580926114,0.6063462560012758,0.361344537815126,9.114285714285714,1.688235294117647,False,True,True,True,True,True,True,True,False,False,,False,13,11,5
Eryth,overall,10,0.5,0.02,3000,25,100,200,75,75,65,73,0.0683432334710743,0.1380358203887615,0.036036036036036,1.1641441441441442,2.792072072072072,False,True,True,True,True,True,True,True,True,False,,False,17,4,2
Eryth,overall,10,0.5,0.02,3000,25,250,500,78,78,76,78,0.0586168939209479,0.2285297487885059,0.0832500832500832,4.097236097236097,2.5624375624375624,False,True,True,True,True,True,True,True,True,False,,False,17,8,2
Eryth,overall,10,0.5,0.02,3000,25,500,1000,76,76,76,76,0.0155682466704713,0.3732649133982336,0.175438596491228,9.202631578947368,2.0294736842105263,False,True,True,True,True,True,True,True,True,False,,False,17,10,3
Eryth,overall,10,0.5,0.02,3000,25,1000,1617,79,79,79,79,0.0033353980487287,0.5164166528133226,0.2624148003894839,14.483284647841607,1.8172671210645888,False,True,True,True,True,True,True,True,True,False,,False,17,15,7
Eryth,overall,10,0.5,0.02,3000,50,100,200,117,117,78,103,0.0563623082542001,0.0248348517579286,0.0147362216327733,0.3655319776009431,1.5274093722369584,False,True,True,True,True,True,True,True,True,False,,True,20,3,1
Eryth,overall,10,0.5,0.02,3000,50,250,500,127,127,109,124,0.0620959745237504,0.1125817425301676,0.0312460942382202,2.005686789151356,2.8720159980002498,False,True,True,True,True,True,True,True,True,False,,True,21,9,4
Eryth,overall,10,0.5,0.02,3000,50,500,1000,130,130,125,129,0.0405256905971068,0.1880875898756681,0.0596302921884317,4.691234347048301,2.571198568872988,False,True,True,True,True,True,True,True,True,False,,True,21,12,6
Eryth,overall,10,0.5,0.02,3000,50,1000,2000,131,131,130,131,0.0176340309392512,0.291163155636125,0.1174398120963006,10.117792131532587,2.138578978273635,False,True,True,True,True,True,True,True,True,False,,True,20,13,5
Eryth,overall,10,0.5,0.02,3000,75,100,198,124,124,81,107,0.0370707596253902,0.0287839848323719,0.0129819040125885,0.2014817728822449,0.7587201678468397,False,True,True,True,True,True,True,True,True,False,,False,19,3,1
Eryth,overall,10,0.5,0.02,3000,75,250,494,155,155,118,146,0.0765385517766424,0.1012784390947778,0.0206954335986594,1.313782991202346,2.5416003351487224,False,True,True,True,True,True,True,True,True,False,,True,22,9,5
Eryth,overall,10,0.5,0.02,3000,75,500,988,154,154,145,153,0.0523810906943279,0.1401164372147641,0.0419319242848654,3.6632289279348105,2.8295985060690945,False,True,True,True,True,True,True,True,True,False,,True,22,10,4
Eryth,overall,10,0.5,0.02,3000,75,1000,2000,155,155,153,155,0.0379137549258772,0.2243044897600544,0.0837871805613741,8.282781734394637,2.3281524926686217,False,True,True,True,True,True,True,True,True,False,,True,22,13,6
Eryth,overall,10,0.5,0.02,3000,100,100,197,127,127,81,110,0.0200146092037984,0.0228747630322433,0.0123109611298587,0.1671666041744781,0.6644169478815148,False,True,True,True,True,True,True,True,True,False,,False,19,3,1
Eryth,overall,10,0.5,0.02,3000,100,250,487,152,152,122,146,0.0629650746312296,0.0973346629333169,0.0212181944928546,1.3610578598814915,2.8312129661903103,False,True,True,True,True,True,True,True,True,False,,True,22,7,3
Eryth,overall,10,0.5,0.02,3000,100,500,973,157,157,150,155,0.0457959037901597,0.1376446793133413,0.0397272578801241,3.563816756491916,2.933039359790952,False,True,True,True,True,True,True,True,True,False,,True,22,9,4
Eryth,overall,10,0.5,0.02,3000,100,1000,1952,159,159,158,159,0.0315776265849422,0.2087865170019149,0.0777008199984077,7.864541039726136,2.3973011702889897,False,True,True,True,True,True,True,True,True,False,,True,22,13,6
Eryth,overall,10,0.5,0.02,4000,10,100,200,37,37,36,37,0.0839431392458247,0.3527832130773307,0.1501501501501501,3.6381381381381375,2.2537537537537538,False,True,True,True,True,True,True,True,False,False,,False,13,7,3
Eryth,overall,10,0.5,0.02,4000,10,250,460,37,37,37,37,-0.0141924621928166,0.6080063411938498,0.3453453453453453,8.92942942942943,1.7484984984984986,False,True,True,True,True,True,True,True,False,False,,False,13,10,5
Eryth,overall,10,0.5,0.02,4000,10,500,466,36,36,36,36,-0.0162231214555765,0.6306908324404135,0.3698412698412698,9.355555555555556,1.711111111111111,False,True,True,True,True,True,True,True,False,False,,False,13,11,5
Eryth,overall,10,0.5,0.02,4000,10,1000,531,36,36,36,36,-0.0085418233880948,0.682196040570045,0.4214285714285714,11.261111111111113,1.6063492063492064,False,True,True,True,False,True,True,True,False,False,,False,11,11,7
Eryth,overall,10,0.5,0.02,4000,25,100,200,74,74,66,72,0.0939544830668071,0.1688701688701688,0.0370233246945575,1.2158459829692707,3.2078859681599408,False,True,True,True,True,True,True,True,True,False,,False,17,6,2
Eryth,overall,10,0.5,0.02,4000,25,250,500,77,77,74,77,0.0657722107438016,0.2339452322009291,0.0854408749145591,4.060321257689679,2.4890635680109363,False,True,True,True,True,True,True,True,True,False,,False,17,8,2
Eryth,overall,10,0.5,0.02,4000,25,500,1000,78,78,77,78,0.0320502184613682,0.3602107652810585,0.1665001665001665,8.903263403263404,2.015817515817516,False,True,True,True,True,True,True,True,True,False,,False,17,13,6
Eryth,overall,10,0.5,0.02,4000,25,1000,1881,79,79,79,79,0.0029557698004284,0.5769279456765221,0.3052580331061343,17.20577734501785,1.736124634858812,False,True,True,True,True,True,True,True,True,False,,False,17,18,10
Eryth,overall,10,0.5,0.02,4000,50,100,198,110,110,74,100,0.0622056514913657,0.071701984883803,0.0165137614678899,0.4218515429524603,1.725604670558799,False,True,True,True,True,True,True,True,True,False,,False,18,4,1
Eryth,overall,10,0.5,0.02,4000,50,250,500,126,126,112,124,0.0710537278129174,0.1056115357643794,0.0317460317460317,2.0782857142857143,2.852063492063492,False,True,True,True,True,True,True,True,True,False,,True,20,9,4
Eryth,overall,10,0.5,0.02,4000,50,500,1000,128,128,123,128,0.0460474926740282,0.1801203973597243,0.061515748031496,4.811946358267717,2.6079601377952755,False,True,True,True,True,True,True,True,True,False,,True,20,10,5
Eryth,overall,10,0.5,0.02,4000,50,1000,2000,129,129,128,129,0.0187540469267361,0.2927101932272147,0.1211240310077519,10.421148255813954,2.1271802325581395,False,True,True,True,True,True,True,True,True,False,,True,20,12,5
Eryth,overall,10,0.5,0.02,4000,75,100,192,123,123,84,107,0.0676652892561983,0.0649781113195747,0.0127948820471811,0.2845528455284553,1.4076369452219113,False,True,True,True,True,True,True,True,True,False,,False,19,3,1
Eryth,overall,10,0.5,0.02,4000,75,250,491,152,152,129,146,0.0619843152104592,0.0868434433643411,0.021392471244336,1.439569536423841,2.9884541652143604,False,True,True,True,True,True,True,True,True,False,,False,21,8,3
Eryth,overall,10,0.5,0.02,4000,75,500,971,156,156,146,156,0.0504571843890961,0.1386429103034797,0.0401571546732837,3.550827129859388,2.8814722911497106,False,True,True,True,True,True,True,True,True,False,,True,22,11,6
Eryth,overall,10,0.5,0.02,4000,75,1000,1975,155,155,154,155,0.0340102494579672,0.2139392555985809,0.0827398408043569,8.270423125261836,2.3544197737746124,False,True,True,True,True,True,True,True,True,False,,True,22,14,7
Eryth,overall,10,0.5,0.02,4000,100,100,193,122,122,85,107,0.071993999170098,0.0400728597449909,0.0130741091992954,0.2856658989296843,1.3824007587047826,False,True,True,True,True,True,True,True,True,False,,False,19,4,1
Eryth,overall,10,0.5,0.02,4000,100,250,495,154,154,133,149,0.0545562130177515,0.0842254812722425,0.0210084033613445,1.4146931499872677,3.094134623546388,False,True,True,True,True,True,True,True,True,False,,True,22,8,3
Eryth,overall,10,0.5,0.02,4000,100,500,972,158,158,147,157,0.0514335311198081,0.1338544414870607,0.0391840683705555,3.449286462952512,2.851810045956624,False,True,True,True,True,True,True,True,True,False,,True,22,11,6
Eryth,overall,10,0.5,0.02,4000,100,1000,1975,158,158,157,158,0.0285707847227587,0.2112020508991169,0.0796178343949044,8.085301943078287,2.3771668144803675,False,True,True,True,True,True,True,True,True,False,,True,22,14,7
Eryth,overall,10,0.5,0.03,2000,10,100,200,34,34,33,34,0.0394169534432973,0.364967025477406,0.17825311942959,4.049910873440285,2.177361853832442,False,True,True,True,False,True,True,True,False,False,,False,13,6,2
Eryth,overall,10,0.5,0.03,2000,10,250,345,34,34,34,34,0.0181405895691609,0.549213516512951,0.3074866310160428,7.394830659536542,1.7736185383244207,False,True,True,True,False,True,True,True,False,False,,False,13,10,5
Eryth,overall,10,0.5,0.03,2000,10,500,346,34,34,34,34,0.0091062682125364,0.5709849390037327,0.3083778966131907,7.35650623885918,1.7771836007130124,False,True,True,True,False,True,True,True,False,False,,False,13,11,6
Eryth,overall,10,0.5,0.03,2000,10,1000,344,34,34,34,34,0.0178965104560342,0.5468934438713839,0.3065953654188948,7.385026737967914,1.7762923351158646,False,True,True,True,False,True,True,True,False,False,,False,13,10,5
Eryth,overall,10,0.5,0.03,2000,25,100,200,76,76,57,75,0.1172200479737407,0.1705837060753958,0.0350877192982456,0.9870175438596492,2.0521052631578947,False,True,True,True,True,True,True,True,False,False,,False,16,4,1
Eryth,overall,10,0.5,0.03,2000,25,250,500,77,77,72,77,0.0923384470249994,0.2788689738332625,0.0854408749145591,3.862952836637047,2.4080656185919342,False,True,True,True,True,True,True,True,False,False,,False,16,7,3
Eryth,overall,10,0.5,0.03,2000,25,500,966,77,77,77,77,0.0327346386708239,0.3885546332806361,0.1650717703349282,8.301777170198223,2.080314422419685,False,True,True,True,True,True,True,True,False,False,,False,16,13,8
Eryth,overall,10,0.5,0.03,2000,25,1000,1130,77,77,77,77,0.0242156236803475,0.4250404736253317,0.1930963773069036,9.940874914559124,1.958304853041695,False,True,True,True,True,True,True,True,False,False,,False,16,13,8
Eryth,overall,10,0.5,0.03,2000,50,100,198,106,106,72,95,0.1041048230074371,0.0732659263940296,0.0177897574123989,0.3953279424977538,1.3869721473495058,False,True,True,True,True,True,True,True,True,False,,False,18,4,2
Eryth,overall,10,0.5,0.03,2000,50,250,500,131,131,109,129,0.1129103293645431,0.1491597613571511,0.0293599530240751,1.8004110393423371,2.8261303581914268,False,True,True,True,True,True,True,True,True,False,,True,20,5,1
Eryth,overall,10,0.5,0.03,2000,50,500,1000,132,132,123,132,0.0665367858210132,0.2038333160250363,0.0578302105019662,4.279377746934999,2.5407702984038862,False,True,True,True,True,True,True,True,True,False,,True,20,8,4
Eryth,overall,10,0.5,0.03,2000,50,1000,2000,131,131,131,131,0.0350809612058836,0.3012364079752245,0.1174398120963006,10.031826189078098,2.1585437463300057,False,True,True,True,True,True,True,True,True,False,,True,21,16,11
Eryth,overall,10,0.5,0.03,2000,75,100,197,119,119,76,103,0.1474466591373889,0.0457517739030344,0.0140293405497792,0.2503916820965674,1.0919384703033757,False,True,True,True,True,True,True,True,True,False,,False,19,3,1
Eryth,overall,10,0.5,0.03,2000,75,250,498,152,152,117,146,0.1332761392520193,0.1373486908219101,0.0216974555594283,1.3121732310909724,2.590449634018822,False,True,True,True,True,True,True,True,True,False,,True,22,5,2
Eryth,overall,10,0.5,0.03,2000,75,500,993,155,155,142,154,0.0844252191380569,0.1718939599525716,0.0416003351487222,3.413112693757855,2.676707163803938,False,True,True,True,True,True,True,True,True,False,,True,22,10,5
Eryth,overall,10,0.5,0.03,2000,75,1000,1984,155,155,155,155,0.0530918739859383,0.244773737031634,0.0831168831168831,8.08114788437369,2.355090071219104,False,True,True,True,True,True,True,True,True,False,,True,22,16,11
Eryth,overall,10,0.5,0.03,2000,100,100,195,118,118,72,99,0.1399382716049382,0.046524520677063,0.0141242937853107,0.2647399681297986,1.1379834854411126,False,True,True,True,True,True,True,True,True,False,,False,19,3,1
Eryth,overall,10,0.5,0.03,2000,100,250,497,154,154,120,149,0.1335777777777778,0.1155274992883845,0.0210932857991681,1.2564298446651387,2.6106442577030813,False,True,True,True,True,True,True,True,True,False,,True,22,5,2
Eryth,overall,10,0.5,0.03,2000,100,500,993,159,159,146,158,0.0920606937995777,0.1712618930069689,0.0395271077143539,3.329034312554733,2.69863068227052,False,True,True,True,True,True,True,True,True,False,,True,22,10,5
Eryth,overall,10,0.5,0.03,2000,100,1000,1984,159,159,159,159,0.0640225354468576,0.2383975168448553,0.0789746039328078,7.748626701695724,2.391370113844439,False,True,True,True,True,True,True,True,True,False,,True,22,16,11
Eryth,overall,10,0.5,0.03,3000,10,100,200,34,34,33,34,0.0570221118410511,0.3535190251885753,0.17825311942959,4.152406417112299,2.1515151515151514,False,True,True,True,False,True,True,True,False,False,,False,13,6,2
Eryth,overall,10,0.5,0.03,3000,10,250,453,34,34,34,34,0.0036769800722461,0.6389961701889916,0.4037433155080214,10.231729055258468,1.6229946524064172,False,True,True,True,False,True,True,True,False,False,,False,13,11,6
Eryth,overall,10,0.5,0.03,3000,10,500,443,34,34,34,34,0.0074445587562871,0.6278241107505993,0.3948306595365419,10.055258467023172,1.6408199643493762,False,True,True,True,False,True,True,True,False,False,,False,12,13,9
Eryth,overall,10,0.5,0.03,3000,10,1000,465,34,34,34,34,0.000649897809172,0.6461861655292804,0.4144385026737968,10.58645276292335,1.609625668449198,False,True,True,True,False,True,True,True,False,False,,False,13,12,8
Eryth,overall,10,0.5,0.03,3000,25,100,200,74,74,62,68,0.1110962611513916,0.1439053086111909,0.0370233246945575,1.090892262125139,2.472602739726028,False,True,True,True,True,True,True,True,True,False,,False,16,4,1
Eryth,overall,10,0.5,0.03,3000,25,250,500,78,78,73,78,0.0672981984980901,0.2336726027260103,0.0832500832500832,3.986679986679986,2.431068931068931,False,True,True,True,True,True,True,True,True,False,,False,16,7,3
Eryth,overall,10,0.5,0.03,3000,25,500,1000,79,79,78,79,0.0535469589200174,0.3621120970954132,0.1622849724115546,8.751054852320674,2.0170399221032134,False,True,True,True,True,True,True,True,True,False,,False,16,11,6
Eryth,overall,10,0.5,0.03,3000,25,1000,1581,78,78,78,78,0.0158115283259433,0.5035269433112437,0.2632367632367632,14.603230103230104,1.809024309024309,False,True,True,True,True,True,True,True,True,False,,False,16,15,9
Eryth,overall,10,0.5,0.03,3000,50,100,195,108,108,71,99,0.1021759259259259,0.0961870947982059,0.0168743509865005,0.3451886465905157,1.8063343717549325,False,True,True,True,True,True,True,True,True,False,,False,20,4,1
Eryth,overall,10,0.5,0.03,3000,50,250,495,131,131,111,129,0.1285077307036766,0.1319525223446971,0.0290663534938344,1.7598943041691133,2.935466823253083,False,True,True,True,True,True,True,True,True,False,,True,21,5,1
Eryth,overall,10,0.5,0.03,3000,50,500,992,131,131,126,131,0.0802912623855286,0.1758912357185088,0.0582501467997651,4.529359953024075,2.658661186142102,False,True,True,True,True,True,True,True,True,False,,True,21,8,3
Eryth,overall,10,0.5,0.03,3000,50,1000,1977,131,131,131,131,0.0441383544583127,0.2842403952753692,0.1160892542571931,10.083382266588371,2.1692894891368173,False,True,True,True,True,True,True,True,True,False,,True,21,12,7
Eryth,overall,10,0.5,0.03,3000,75,100,191,117,117,76,104,0.1382199121900826,0.0501393193700886,0.0140730916592985,0.1663719422340112,0.7008547008547008,False,True,True,True,True,True,True,True,True,False,,False,21,3,1
Eryth,overall,10,0.5,0.03,3000,75,250,489,152,152,121,148,0.1177673471059151,0.1023418466819151,0.0213053328685953,1.290998605785988,2.946758452422447,False,True,True,True,True,True,True,True,True,False,,True,22,6,2
Eryth,overall,10,0.5,0.03,3000,75,500,972,152,152,145,152,0.0966170824400067,0.1503724549714193,0.0423492506099686,3.7219414430115023,2.9173492506099685,False,True,True,True,True,True,True,True,True,False,,True,22,9,4
Eryth,overall,10,0.5,0.03,3000,75,1000,1953,154,154,153,154,0.0549146144714011,0.2249675548778953,0.0828877005347593,8.273194126135303,2.338256514727103,False,True,True,True,True,True,True,True,True,False,,True,22,13,8
Eryth,overall,10,0.5,0.03,3000,100,100,194,122,122,80,105,0.1479140732228925,0.0590259012390159,0.0131418506977374,0.1378539493293591,0.5736350088063948,False,True,True,True,True,True,True,True,True,False,,False,21,3,1
Eryth,overall,10,0.5,0.03,3000,100,250,489,155,155,123,152,0.108377405538016,0.1016038156631689,0.0204859656472559,1.2181818181818185,2.7718475073313784,False,True,True,True,True,True,True,True,True,False,,True,22,6,2
Eryth,overall,10,0.5,0.03,3000,100,500,984,157,157,146,157,0.0808991001136271,0.1564573450179842,0.0401763841254287,3.5430344602319126,2.8820839457782133,False,True,True,True,True,True,True,True,True,False,,True,22,9,5
Eryth,overall,10,0.5,0.03,3000,100,1000,1940,157,157,155,157,0.065263600084016,0.2148543774923961,0.0792095378082639,8.010534051935325,2.3493793891883064,False,True,True,True,True,True,True,True,True,False,,True,22,13,8
Eryth,overall,10,0.5,0.03,4000,10,100,200,35,35,32,35,0.0640409270216962,0.3592507818978407,0.1680672268907563,3.5504201680672267,1.839495798319328,False,True,True,True,False,True,True,True,False,False,,False,12,8,4
Eryth,overall,10,0.5,0.03,4000,10,250,500,36,36,36,36,0.0005775895263765,0.6332700218642322,0.3968253968253968,10.948412698412698,1.6404761904761904,False,True,True,True,False,True,True,True,False,False,,False,12,11,7
Eryth,overall,10,0.5,0.03,4000,10,500,597,36,36,36,36,-0.010026119156252,0.7136999898518511,0.4738095238095238,12.96031746031746,1.55,False,True,True,True,False,True,True,True,False,False,,False,12,12,7
Eryth,overall,10,0.5,0.03,4000,10,1000,596,36,36,36,36,-0.0131100346020761,0.7167671293607575,0.473015873015873,12.926190476190476,1.5515873015873016,False,True,True,True,False,True,True,True,False,False,,False,12,12,7
Eryth,overall,10,0.5,0.03,4000,25,100,200,77,77,60,75,0.1073702422145328,0.103415415753078,0.0341763499658236,1.1100478468899522,2.659261790840738,False,True,True,True,True,True,True,True,True,False,,False,16,5,1
Eryth,overall,10,0.5,0.03,4000,25,250,500,79,79,76,79,0.1079236648550048,0.2096865787287858,0.0811424862057773,4.02401817591691,2.566049983771503,False,True,True,True,True,True,True,True,True,False,,False,17,9,4
Eryth,overall,10,0.5,0.03,4000,25,500,1000,79,79,79,79,0.0461191650832169,0.335161001119456,0.1622849724115546,9.01346965271016,2.0457643622200585,False,True,True,True,True,True,True,True,True,False,,False,16,12,7
Eryth,overall,10,0.5,0.03,4000,25,1000,1965,79,79,79,79,0.0081650647224749,0.5846720402981984,0.3188899707887049,18.48198636806232,1.7078870496592016,False,True,True,True,True,True,True,True,True,False,,False,16,15,10
Eryth,overall,10,0.5,0.03,4000,50,100,198,114,114,78,105,0.0879498143004275,0.0421609579504316,0.015370284117373,0.4132898618226983,1.8900791802515136,False,True,True,True,True,True,True,True,True,False,,False,20,4,1
Eryth,overall,10,0.5,0.03,4000,50,250,497,130,130,103,129,0.080722844388754,0.1261945308667146,0.0296362552176505,1.796601073345259,2.77185450208706,False,True,True,True,True,True,True,True,True,False,,True,21,6,2
Eryth,overall,10,0.5,0.03,4000,50,500,1000,133,133,125,133,0.0764087044609027,0.1554393878756759,0.0569605832763727,4.528081567555252,2.595807701070859,False,True,True,True,True,True,True,True,True,False,,True,21,7,3
Eryth,overall,10,0.5,0.03,4000,50,1000,2000,133,133,132,133,0.0411879564602953,0.2688207082555515,0.1139211665527455,10.22112098427888,2.1494076099339257,False,True,True,True,True,True,True,True,True,False,,True,21,15,9
Eryth,overall,10,0.5,0.03,4000,75,100,192,118,118,83,107,0.136657433056325,0.0625107002225646,0.0139069969578444,0.3112414892075909,1.58047225843836,False,True,True,True,True,True,True,True,True,False,,False,20,4,1
Eryth,overall,10,0.5,0.03,4000,75,250,500,153,153,128,149,0.1301370510396975,0.0778817683661974,0.0214998280013759,1.4867131062951495,3.7193412452700376,False,True,True,True,True,True,True,True,True,False,,True,22,6,2
Eryth,overall,10,0.5,0.03,4000,75,500,989,155,155,145,155,0.0928655616113388,0.1192533167823796,0.0414327607875995,3.67804775869292,2.9108085462924174,False,True,True,True,True,True,True,True,True,False,,True,22,7,3
Eryth,overall,10,0.5,0.03,4000,75,1000,1956,154,154,151,154,0.050471194770315,0.204146549388657,0.0830150241914947,8.340845429080723,2.317630082335965,False,True,True,True,True,True,True,True,True,False,,True,22,12,7
Eryth,overall,10,0.5,0.03,4000,100,100,191,121,121,83,105,0.158307995589562,0.0302219360070599,0.0131542699724517,0.2433195592286501,1.1393250688705234,False,True,True,True,True,True,True,True,True,False,,False,21,3,1
Eryth,overall,10,0.5,0.03,4000,100,250,487,155,155,126,149,0.0962215206418789,0.0721004612086205,0.0204021784666945,1.1844574780058652,2.4823627984918306,False,True,True,True,True,True,True,True,True,False,,True,22,6,2
Eryth,overall,10,0.5,0.03,4000,100,500,957,157,157,146,157,0.0839533562765211,0.1164450998335185,0.0390739833414992,3.4361424138494203,2.884125428711416,False,True,True,True,True,True,True,True,True,False,,True,22,6,2
Eryth,overall,10,0.5,0.03,4000,100,1000,1939,158,158,155,158,0.0507488452904538,0.1973812532159285,0.0781665726034024,7.943965169717004,2.3586632266387166,False,True,True,True,True,True,True,True,True,False,,True,22,13,8
Eryth,overall,10,0.75,0.005,2000,10,100,200,33,33,31,30,-0.0182685491493383,0.4449321373188527,0.1893939393939394,3.332386363636364,1.8721590909090908,False,False,True,False,False,True,True,True,True,False,,False,10,4,2
Eryth,overall,10,0.75,0.005,2000,10,250,257,33,33,33,31,-0.0420345824681247,0.5199868472314292,0.2433712121212121,4.601325757575758,1.9924242424242424,False,False,True,False,False,True,True,True,True,False,,False,10,4,2
Eryth,overall,10,0.75,0.005,2000,10,500,256,33,33,33,31,-0.0450896702952462,0.517169958550482,0.2424242424242424,4.578598484848484,1.993371212121212,False,False,True,False,False,True,True,True,True,False,,False,10,4,2
Eryth,overall,10,0.75,0.005,2000,10,1000,256,33,33,33,31,-0.0450896702952462,0.517169958550482,0.2424242424242424,4.578598484848484,1.993371212121212,False,False,True,False,False,True,True,True,True,False,,False,10,4,2
Eryth,overall,10,0.75,0.005,2000,25,100,200,68,68,55,62,0.0029114526469023,0.1388973771326712,0.0438981562774363,1.354916593503073,2.5245829675153644,False,True,True,True,True,True,True,True,True,False,,True,18,2,2
Eryth,overall,10,0.75,0.005,2000,25,250,500,75,75,73,70,0.0146797866925887,0.2601938680456827,0.09009009009009,3.7127927927927926,2.315315315315315,False,True,True,True,True,True,True,True,True,False,,False,16,6,4
Eryth,overall,10,0.75,0.005,2000,25,500,795,75,75,75,71,-0.0020547321448899,0.4074854843625466,0.1432432432432432,6.060900900900901,2.0913513513513515,False,True,True,True,True,True,True,True,True,False,,True,17,10,7
Eryth,overall,10,0.75,0.005,2000,25,1000,787,75,75,75,72,0.0001176697530864,0.4082044600316291,0.1418018018018018,6.035495495495495,2.136756756756757,False,True,True,True,True,True,True,True,True,False,,True,17,10,7
Eryth,overall,10,0.75,0.005,2000,50,100,198,101,101,70,88,0.004493155286806,0.0680910948237681,0.0196039603960396,0.7008910891089108,2.3282178217821783,False,True,True,True,True,True,True,True,True,False,,False,20,1,1
Eryth,overall,10,0.75,0.005,2000,50,250,499,114,114,98,109,-8.393450525989515e-05,0.1479330190988981,0.0387362210836826,2.0586865393572427,2.6815711845986647,False,True,True,True,True,True,True,True,True,False,,True,21,2,2
Eryth,overall,10,0.75,0.005,2000,50,500,997,117,117,110,115,0.0007273032669857,0.2543627300143279,0.0734600648393751,4.526598880047156,2.387120542292956,False,True,True,True,True,True,True,True,True,False,,True,21,5,3
Eryth,overall,10,0.75,0.005,2000,50,1000,1659,117,117,116,117,-0.003932849010069,0.3634379919443201,0.122236958443855,8.229295608605954,2.256557618626584,False,True,True,True,True,True,True,True,True,False,,True,21,8,5
Eryth,overall,10,0.75,0.005,2000,75,100,195,113,113,79,99,0.0269635581711182,0.0638540908452413,0.0154077117572692,0.4954171934260429,2.052781289506953,False,True,True,True,True,True,True,True,True,False,,False,19,4,4
Eryth,overall,10,0.75,0.005,2000,75,250,490,133,133,110,125,0.001542382271468,0.1142685994379772,0.0279106858054226,1.614604693552062,2.80434039644566,False,True,True,True,True,True,True,True,True,False,,True,22,2,2
Eryth,overall,10,0.75,0.005,2000,75,500,971,138,138,126,133,0.0156720282773484,0.1973140157168919,0.0513593568179414,3.4626573574526605,2.577224161641807,False,True,True,True,True,True,True,True,True,False,,True,22,3,2
Eryth,overall,10,0.75,0.005,2000,75,1000,1939,138,138,137,138,0.0007245775083641,0.3129179823465765,0.1025600338516873,7.896699460488734,2.3793504707500266,False,True,True,True,True,True,True,True,True,False,,True,22,8,5
Eryth,overall,10,0.75,0.005,2000,100,100,195,115,115,79,94,0.0507306471446138,0.051711525189786,0.0148741418764302,0.4342486651411136,1.9309687261632345,False,True,True,True,True,True,True,True,True,False,,False,19,1,1
Eryth,overall,10,0.75,0.005,2000,100,250,484,135,135,110,125,0.0251021772041407,0.1195982842160733,0.0267551133222775,1.494195688225539,2.6009950248756217,False,True,True,True,True,True,True,True,True,False,,True,22,2,2
Eryth,overall,10,0.75,0.005,2000,100,500,961,140,140,128,136,0.0324562854442344,0.195590103123521,0.0493833504624871,3.3529804727646453,2.6125385405960944,False,True,True,True,True,True,True,True,True,False,,True,22,3,2
Eryth,overall,10,0.75,0.005,2000,100,1000,1915,140,140,138,140,0.0173145825513816,0.3023616012334712,0.0984069886947584,7.624357656731758,2.396197327852004,False,True,True,True,True,True,True,True,True,False,,True,22,7,4
Eryth,overall,10,0.75,0.005,3000,10,100,200,33,33,32,30,-0.023681519357195,0.474379681310444,0.1893939393939394,3.3617424242424243,1.9460227272727275,False,False,True,False,False,True,True,True,True,False,,False,10,4,2
Eryth,overall,10,0.75,0.005,3000,10,250,282,33,33,33,31,-0.0512324401664932,0.6031776146712697,0.2670454545454545,4.941287878787879,1.8854166666666667,False,False,True,False,False,True,True,True,True,False,,False,10,4,2
Eryth,overall,10,0.75,0.005,3000,10,500,282,33,33,33,31,-0.0512324401664932,0.6031776146712697,0.2670454545454545,4.941287878787879,1.8854166666666667,False,False,True,False,False,True,True,True,True,False,,False,10,4,2
Eryth,overall,10,0.75,0.005,3000,10,1000,282,33,33,33,31,-0.0512324401664932,0.6031776146712696,0.2670454545454545,4.941287878787879,1.8854166666666667,False,False,True,False,False,True,True,True,True,False,,False,10,4,2
Eryth,overall,10,0.75,0.005,3000,25,100,200,71,71,56,64,-0.0017076789563562,0.121702475927828,0.0402414486921529,1.2438631790744468,2.374446680080483,False,True,True,True,True,True,True,True,True,False,,False,17,1,1
Eryth,overall,10,0.75,0.005,3000,25,250,500,73,73,71,69,-0.0054993973263204,0.3045008865913881,0.0951293759512937,3.7378234398782335,2.254185692541857,False,True,True,True,True,True,True,True,True,False,,False,17,3,2
Eryth,overall,10,0.75,0.005,3000,25,500,832,73,73,73,70,-0.0215361613054808,0.4647823077621353,0.1582952815829528,6.484398782343988,2.073630136986301,False,True,True,True,True,True,True,True,True,False,,False,17,6,3
Eryth,overall,10,0.75,0.005,3000,25,1000,876,75,75,75,74,-0.0114274053667993,0.4672557700341018,0.1578378378378378,6.761261261261262,2.151351351351351,False,True,True,True,True,True,True,True,True,False,,False,16,8,5
Eryth,overall,10,0.75,0.005,3000,50,100,198,102,102,72,86,-0.0184897012222725,0.0731022245728128,0.0192195690157251,0.6214327315084449,2.089788390603766,False,True,True,True,True,True,True,True,True,False,,False,20,1,1
Eryth,overall,10,0.75,0.005,3000,50,250,499,116,116,99,108,-0.0230764908519586,0.1422231874463749,0.0374062968515742,1.964917541229385,2.65232383808096,False,True,True,True,True,True,True,True,True,False,,True,21,2,2
Eryth,overall,10,0.75,0.005,3000,50,500,997,118,118,108,117,-0.0121677220613422,0.2718782984953103,0.07221497899464,4.42604664638563,2.3161668839634943,False,True,True,True,True,True,True,True,True,False,,True,21,3,2
Eryth,overall,10,0.75,0.005,3000,50,1000,1914,121,121,121,120,-0.0126666981238732,0.4151708529482443,0.1318181818181818,9.006887052341598,2.1983471074380163,False,True,True,True,True,True,True,True,True,False,,True,22,11,8
Eryth,overall,10,0.75,0.005,3000,75,100,196,116,116,83,94,-0.0012037736905462,0.0574134199134199,0.0146926536731634,0.4461019490254873,2.184332833583208,False,True,True,True,True,True,True,True,True,False,,False,20,1,1
Eryth,overall,10,0.75,0.005,3000,75,250,491,133,133,114,124,0.0038092581535122,0.1245958258423631,0.027967646388699,1.6438254727728412,3.005354294827979,False,True,True,True,True,True,True,True,True,False,,True,22,1,1
Eryth,overall,10,0.75,0.005,3000,75,500,976,138,138,126,136,0.0010871682257574,0.2084069488170756,0.0516238231249338,3.528033428541204,2.6184280122712367,False,True,True,True,True,True,True,True,True,False,,True,22,3,2
Eryth,overall,10,0.75,0.005,3000,75,1000,1944,138,138,137,138,-0.0048843274504092,0.3356950714396987,0.1028245001586797,7.805881730667513,2.3284671532846715,False,True,True,True,True,True,True,True,True,False,,True,22,6,4
Eryth,overall,10,0.75,0.005,3000,100,100,195,116,116,82,91,0.0402331371661385,0.0572417525003731,0.0146176911544227,0.4218890554722638,2.098050974512744,False,True,True,True,True,True,True,True,True,False,,False,20,1,1
Eryth,overall,10,0.75,0.005,3000,100,250,488,135,135,113,126,0.0249617728531855,0.1266113148968625,0.0269762299613045,1.4923161967938088,2.7913764510779435,False,True,True,True,True,True,True,True,True,False,,True,22,1,1
Eryth,overall,10,0.75,0.005,3000,100,500,963,140,140,128,138,0.0231043484608495,0.2081853887153179,0.0494861253854059,3.368293936279548,2.6666495375128467,False,True,True,True,True,True,True,True,True,False,,True,22,3,2
Eryth,overall,10,0.75,0.005,3000,100,1000,1925,140,140,139,140,0.0080081781574246,0.3238449991292579,0.0989208633093525,7.576567317574511,2.350513874614594,False,True,True,True,True,True,True,True,True,False,,True,22,6,4
Eryth,overall,10,0.75,0.005,4000,10,100,200,33,33,32,30,-0.0240613586559532,0.4730158527090697,0.1893939393939394,3.332386363636364,1.9460227272727275,False,False,True,False,False,True,True,True,True,False,,False,10,4,2
Eryth,overall,10,0.75,0.005,4000,10,250,282,33,33,33,31,-0.0512324401664932,0.6031776146712696,0.2670454545454545,4.941287878787879,1.8854166666666667,False,False,True,False,False,True,True,True,True,False,,False,10,4,2
Eryth,overall,10,0.75,0.005,4000,10,500,297,32,32,32,30,-0.0309039999999999,0.6244363299729726,0.2993951612903225,5.971774193548387,1.7016129032258065,False,True,True,True,False,True,True,True,True,False,,False,12,7,4
Eryth,overall,10,0.75,0.005,4000,10,1000,282,33,33,33,31,-0.0512324401664932,0.6031776146712696,0.2670454545454545,4.941287878787879,1.8854166666666667,False,False,True,False,False,True,True,True,True,False,,False,10,4,2
Eryth,overall,10,0.75,0.005,4000,25,100,200,71,71,57,64,-0.00100781053162,0.1219311205226698,0.0402414486921529,1.2686116700201209,2.4245472837022133,False,True,True,True,True,True,True,True,True,False,,False,17,1,1
Eryth,overall,10,0.75,0.005,4000,25,250,500,73,73,71,69,-0.003855741836511,0.3077308197663992,0.0951293759512937,3.740487062404872,2.253044140030441,False,True,True,True,True,True,True,True,True,False,,False,17,4,2
Eryth,overall,10,0.75,0.005,4000,25,500,832,73,73,73,70,-0.0215361613054808,0.4647823077621353,0.1582952815829528,6.484398782343988,2.073630136986301,False,True,True,True,True,True,True,True,True,False,,False,17,6,3
Eryth,overall,10,0.75,0.005,4000,25,1000,832,73,73,73,70,-0.0215361613054808,0.4647823077621353,0.1582952815829528,6.484398782343988,2.073630136986301,False,True,True,True,True,True,True,True,True,False,,False,17,6,3
Eryth,overall,10,0.75,0.005,4000,50,100,199,104,104,74,86,-0.0198891966759002,0.0790981454442993,0.0185772964899178,0.5547050037341299,1.834017923823749,False,True,True,True,True,True,True,True,True,False,,True,21,1,1
Eryth,overall,10,0.75,0.005,4000,50,250,493,117,117,98,113,0.0164284329767716,0.161450105992243,0.0363247863247863,1.773209549071618,2.3751105216622457,False,True,True,True,True,True,True,True,True,False,,True,22,5,5
Eryth,overall,10,0.75,0.005,4000,50,500,997,118,118,108,116,-0.0142066406383894,0.2751840064785997,0.07221497899464,4.410908300738809,2.280457771983196,False,True,True,True,True,True,True,True,True,False,,True,21,3,2
Eryth,overall,10,0.75,0.005,4000,50,1000,1860,118,118,116,118,-0.0158369985857047,0.4115356785669297,0.1347240330291177,9.002390265102129,2.15920614225699,False,True,True,True,True,True,True,True,True,False,,True,21,8,5
Eryth,overall,10,0.75,0.005,4000,75,100,196,115,115,81,93,0.0020856079057136,0.0621212121212121,0.0149504195270785,0.4254004576659039,1.7734553775743709,False,True,True,True,True,True,True,True,True,False,,False,20,1,1
Eryth,overall,10,0.75,0.005,4000,75,250,491,133,133,114,124,0.0026544528282067,0.1226444621869683,0.027967646388699,1.6029847345636818,2.896844383686489,False,True,True,True,True,True,True,True,True,False,,True,22,1,1
Eryth,overall,10,0.75,0.005,4000,75,500,976,138,138,126,136,0.0015220934692088,0.2116265675410215,0.0516238231249338,3.538241827991114,2.6255157092986354,False,True,True,True,True,True,True,True,True,False,,True,22,3,2
Eryth,overall,10,0.75,0.005,4000,75,1000,1906,138,138,138,138,0.0089761086660372,0.3394829290542946,0.1008145562255368,7.839468951655559,2.3743785041785674,False,True,True,True,True,True,True,True,True,False,,True,22,10,8
Eryth,overall,10,0.75,0.005,4000,100,100,194,115,115,82,91,0.0361891961451571,0.0576579459188154,0.0147978642257818,0.4260106788710908,2.122730739893212,False,True,True,True,True,True,True,True,True,False,,False,20,1,1
Eryth,overall,10,0.75,0.005,4000,100,250,488,135,135,112,125,0.0241307479224376,0.1280492737961217,0.0269762299613045,1.4751243781094527,2.6703150912106137,False,True,True,True,True,True,True,True,True,False,,True,22,1,1
Eryth,overall,10,0.75,0.005,4000,100,500,964,140,140,127,138,0.0194998065906536,0.2057383899696902,0.0495375128468653,3.373946557040082,2.6597636176772865,False,True,True,True,True,True,True,True,True,False,,True,22,3,2
Eryth,overall,10,0.75,0.005,4000,100,1000,1905,139,139,139,139,0.0067881172839506,0.3335639369873037,0.0993118548639349,7.695600041705766,2.395266395579189,False,True,True,True,True,True,True,True,True,False,,True,22,10,8
Eryth,overall,10,0.75,0.01,2000,10,100,200,32,32,32,31,0.0102251216873985,0.3939236723244076,0.2016129032258064,4.266129032258065,2.097782258064516,False,True,True,False,True,True,True,True,False,False,,False,10,4,3
Eryth,overall,10,0.75,0.01,2000,10,250,271,32,32,32,31,-0.0182872180164375,0.4831751815328635,0.2731854838709677,5.879032258064516,1.868951612903225,False,True,True,False,True,True,True,True,False,False,,False,10,4,3
Eryth,overall,10,0.75,0.01,2000,10,500,274,32,32,32,31,-0.0202790576694411,0.487418915739833,0.2762096774193548,5.936491935483871,1.866935483870968,False,True,True,False,True,True,True,True,False,False,,False,10,4,3
Eryth,overall,10,0.75,0.01,2000,10,1000,270,32,32,32,31,-0.0206505847953216,0.479781371932591,0.2721774193548387,5.893145161290323,1.872983870967742,False,True,True,False,True,True,True,True,False,False,,False,10,4,3
Eryth,overall,10,0.75,0.01,2000,25,100,200,70,70,54,68,0.0274725274725274,0.1551978973407545,0.041407867494824,1.3283643892339545,2.517184265010352,False,True,True,True,True,True,True,True,True,False,,True,18,3,3
Eryth,overall,10,0.75,0.01,2000,25,250,500,72,72,67,70,0.0128994082840236,0.2445788326053447,0.0978090766823161,4.160015649452269,2.2445226917057903,False,True,True,True,True,True,True,True,True,False,,True,18,7,5
Eryth,overall,10,0.75,0.01,2000,25,500,937,73,73,73,71,-0.0030657189874304,0.4143611343019179,0.1782724505327245,8.42503805175038,1.9897260273972603,False,True,True,True,True,True,True,True,True,False,,True,18,9,6
Eryth,overall,10,0.75,0.01,2000,25,1000,985,73,73,73,71,-0.0033204111035391,0.4391391035550134,0.1874048706240487,8.764459665144596,1.975266362252664,False,True,True,True,True,True,True,True,True,False,,True,18,10,6
Eryth,overall,10,0.75,0.01,2000,50,100,199,105,105,74,93,0.0669730604694184,0.0890318147461004,0.0182234432234432,0.6867216117216117,2.6413003663003662,False,True,True,True,True,True,True,True,True,False,,True,20,2,2
Eryth,overall,10,0.75,0.01,2000,50,250,500,122,122,104,118,0.0207769684356572,0.14142814579106,0.0338707492209727,1.934155263514429,2.6818181818181817,False,True,True,True,True,True,True,True,True,False,,True,21,5,4
Eryth,overall,10,0.75,0.01,2000,50,500,1000,125,125,117,124,0.0102819782306961,0.2132802790671977,0.064516129032258,4.390645161290323,2.488709677419355,False,True,True,True,True,True,True,True,True,False,,True,21,8,5
Eryth,overall,10,0.75,0.01,2000,50,1000,1995,125,125,125,125,-0.0050679409573042,0.3490409804191313,0.1287096774193548,9.926451612903223,2.188064516129032,False,True,True,True,True,True,True,True,True,False,,True,21,10,6
Eryth,overall,10,0.75,0.01,2000,75,100,194,117,117,83,98,0.0482136663198057,0.0440775274108607,0.0142941349837901,0.4106248157972296,1.7928824049513703,False,True,True,True,True,True,True,True,True,False,,False,21,2,2
Eryth,overall,10,0.75,0.01,2000,75,250,487,144,144,120,136,0.0390629469308365,0.0898352234233297,0.0236499611499611,1.431818181818182,2.6594308469308467,False,True,True,True,True,True,True,True,True,False,,True,22,3,3
Eryth,overall,10,0.75,0.01,2000,75,500,978,150,150,136,149,0.0237325624997033,0.1659580427610177,0.0437583892617449,3.338926174496644,2.659821029082774,False,True,True,True,True,True,True,True,True,False,,True,22,7,5
Eryth,overall,10,0.75,0.01,2000,75,1000,1955,150,150,149,150,0.0115894819466248,0.2615051809892251,0.0874720357941834,7.779418344519016,2.3938255033557048,False,True,True,True,True,True,True,True,True,False,,True,22,11,7
Eryth,overall,10,0.75,0.01,2000,100,100,193,114,114,83,96,0.0352951715488667,0.0583333333333333,0.0149821456295606,0.4860270144387517,2.407390156807949,False,True,True,True,True,True,True,True,True,False,,True,22,2,2
Eryth,overall,10,0.75,0.01,2000,100,250,488,147,147,121,138,0.0414980041603418,0.0874631520063376,0.0227378622681949,1.4406858633864503,2.796757058987979,False,True,True,True,True,True,True,True,True,False,,True,22,3,3
Eryth,overall,10,0.75,0.01,2000,100,500,979,151,151,137,151,0.0310568289224952,0.1606642743890297,0.0432229580573951,3.3217660044150112,2.6986313465783662,False,True,True,True,True,True,True,True,True,False,,True,22,7,5
Eryth,overall,10,0.75,0.01,2000,100,1000,1955,152,152,151,152,0.0159964020671847,0.2515761305140463,0.0851777622865109,7.673056814220983,2.408373997908679,False,True,True,True,True,True,True,True,True,False,,True,22,11,7
Eryth,overall,10,0.75,0.01,3000,10,100,200,34,34,32,33,0.0540692297529396,0.4116240034879627,0.17825311942959,3.828877005347594,1.946524064171123,False,True,True,True,True,True,True,True,False,False,,False,12,6,4
Eryth,overall,10,0.75,0.01,3000,10,250,339,34,34,34,33,0.007622725286664,0.5726121933558213,0.302139037433155,6.9171122994652405,1.7932263814616756,False,True,True,True,True,True,True,True,False,False,,False,12,7,5
Eryth,overall,10,0.75,0.01,3000,10,500,335,34,34,34,33,0.0057970838543626,0.5645877956499885,0.2985739750445633,6.837789661319073,1.8146167557932265,False,True,True,True,True,True,True,True,False,False,,False,12,7,5
Eryth,overall,10,0.75,0.01,3000,10,1000,336,34,34,34,33,0.0062462819750148,0.5621052535558092,0.2994652406417112,6.860071301247772,1.8119429590017824,False,True,True,True,True,True,True,True,False,False,,False,12,7,5
Eryth,overall,10,0.75,0.01,3000,25,100,200,68,68,54,64,0.0401086657916425,0.1068326281561575,0.0438981562774363,1.486611062335382,2.4135206321334506,False,True,True,True,True,True,True,True,True,False,,False,17,5,4
Eryth,overall,10,0.75,0.01,3000,25,250,500,71,71,66,69,0.0307618939926548,0.2662731423521201,0.1006036217303823,4.277062374245473,2.2406438631790744,False,True,True,True,True,True,True,True,True,False,,False,17,8,5
Eryth,overall,10,0.75,0.01,3000,25,500,1000,71,71,71,69,-0.0009291989714898,0.4878088028091036,0.2012072434607646,8.83400402414487,1.96841046277666,False,True,True,True,True,True,True,True,True,False,,False,17,8,5
Eryth,overall,10,0.75,0.01,3000,25,1000,1146,71,71,71,70,-0.0036212399690261,0.5325141281203128,0.2305835010060362,10.450704225352112,1.8891348088531188,False,True,True,True,True,True,True,True,True,False,,False,17,10,8
Eryth,overall,10,0.75,0.01,3000,50,100,199,105,105,71,93,0.075952986931282,0.0658730158730158,0.0182234432234432,0.6014652014652014,2.2034798534798536,False,True,True,True,True,True,True,True,True,False,,True,20,3,3
Eryth,overall,10,0.75,0.01,3000,50,250,500,118,118,100,116,0.0254724714030466,0.1138959585422826,0.0362161379110531,2.0439663914240187,2.5438939591481966,False,True,True,True,True,True,True,True,True,False,,True,20,8,6
Eryth,overall,10,0.75,0.01,3000,50,500,1000,121,121,112,120,0.0362637592819514,0.2084952688805625,0.0688705234159779,4.668388429752066,2.4046143250688705,False,True,True,True,True,True,True,True,True,False,,True,20,8,6
Eryth,overall,10,0.75,0.01,3000,50,1000,2000,122,122,122,122,0.0011311514964112,0.3642647471152671,0.135482996883891,10.180056902858691,2.160547351307411,False,True,True,True,True,True,True,True,True,False,,True,20,9,6
Eryth,overall,10,0.75,0.01,3000,75,100,195,118,118,83,96,0.0600502948317724,0.0428767089784038,0.0141242937853107,0.4419093147906707,2.588005215123859,False,True,True,True,True,True,True,True,True,False,,True,22,3,3
Eryth,overall,10,0.75,0.01,3000,75,250,479,143,143,116,136,0.0054846522326018,0.0816211372155427,0.0235890869693686,1.454446961489215,2.6888111888111887,False,True,True,True,True,True,True,True,True,False,,True,22,5,5
Eryth,overall,10,0.75,0.01,3000,75,500,965,148,148,138,146,0.0113742301654389,0.1420044990295893,0.0443555800698657,3.5662805662805663,2.746598639455782,False,True,True,True,True,True,True,True,True,False,,True,22,8,6
Eryth,overall,10,0.75,0.01,3000,75,1000,1894,145,145,141,145,0.0223753005604604,0.2671320055341654,0.0907088122605364,7.812452107279693,2.285967432950192,False,True,True,True,True,True,True,True,True,False,,True,22,10,7
Eryth,overall,10,0.75,0.01,3000,100,100,195,119,119,86,98,0.0349606890970054,0.0408363345338135,0.0138869106964819,0.4646061814556331,2.514955134596212,False,True,True,True,True,True,True,True,True,False,,True,22,3,3
Eryth,overall,10,0.75,0.01,3000,100,250,480,145,145,116,137,0.0186005487088772,0.0809711543334901,0.0229885057471264,1.3973659003831418,2.602250957854406,False,True,True,True,True,True,True,True,True,False,,True,22,4,4
Eryth,overall,10,0.75,0.01,3000,100,500,964,149,149,139,147,0.0195980544149023,0.1397890813054352,0.0437148557953927,3.5582260112461457,2.756983493560675,False,True,True,True,True,True,True,True,True,False,,True,22,8,6
Eryth,overall,10,0.75,0.01,3000,100,1000,1933,150,150,146,150,0.0189901857720551,0.2593620384406034,0.0864876957494407,7.592796420581656,2.339060402684564,False,True,True,True,True,True,True,True,True,False,,True,22,9,6
Eryth,overall,10,0.75,0.01,4000,10,100,200,34,34,32,33,0.0517736821244549,0.3810028755416663,0.17825311942959,3.803921568627451,1.9545454545454544,False,True,True,True,True,True,True,True,False,False,,False,12,6,4
Eryth,overall,10,0.75,0.01,4000,10,250,375,34,34,34,33,-0.0065414738341046,0.6449685626263109,0.3342245989304813,7.42602495543672,1.7299465240641712,False,True,True,True,True,True,True,True,False,False,,False,12,8,6
Eryth,overall,10,0.75,0.01,4000,10,500,375,34,34,34,33,-0.0065414738341046,0.6449685626263109,0.3342245989304813,7.42602495543672,1.7299465240641712,False,True,True,True,True,True,True,True,False,False,,False,12,8,6
Eryth,overall,10,0.75,0.01,4000,10,1000,375,34,34,34,33,-0.0065414738341046,0.6449685626263109,0.3342245989304813,7.42602495543672,1.7299465240641712,False,True,True,True,True,True,True,True,False,False,,False,12,8,6
Eryth,overall,10,0.75,0.01,4000,25,100,200,70,70,57,64,0.0607734806629834,0.1161748568891426,0.041407867494824,1.380538302277433,2.4368530020703933,False,True,True,True,True,True,True,True,True,False,,False,17,5,4
Eryth,overall,10,0.75,0.01,4000,25,250,500,71,71,67,71,0.0372171228263381,0.2919089625473532,0.1006036217303823,4.279678068410463,2.38953722334004,False,True,True,True,True,True,True,True,True,False,,False,17,8,6
Eryth,overall,10,0.75,0.01,4000,25,500,1000,70,70,69,70,0.0012051016820467,0.4988055076359048,0.2070393374741201,8.956935817805382,1.981159420289855,False,True,True,True,True,True,True,True,True,False,,False,17,9,7
Eryth,overall,10,0.75,0.01,4000,25,1000,1265,71,71,71,70,-0.0126280439984717,0.6020432135492713,0.2545271629778672,11.2364185110664,1.8565392354124748,False,True,True,True,True,True,True,True,True,False,,False,17,10,6
Eryth,overall,10,0.75,0.01,4000,50,100,198,104,104,73,88,0.0507544581618655,0.0547369297369297,0.0184839432412247,0.565067214339059,2.2286221060492903,False,True,True,True,True,True,True,True,True,False,,True,20,3,3
Eryth,overall,10,0.75,0.01,4000,50,250,498,120,120,104,116,0.0476357172407836,0.133467325357721,0.0348739495798319,2.088375350140056,2.8670868347338936,False,True,True,True,True,True,True,True,True,False,,True,21,8,7
Eryth,overall,10,0.75,0.01,4000,50,500,1000,123,123,114,121,0.0155097371958019,0.2209747348851099,0.0666400106624017,4.601359456217513,2.3893775823004133,False,True,True,True,True,True,True,True,True,False,,True,20,8,6
Eryth,overall,10,0.75,0.01,4000,50,1000,2000,122,122,121,122,-0.0075396541261067,0.3744530655844905,0.135482996883891,10.09748001625796,2.14937000406449,False,True,True,True,True,True,True,True,True,False,,True,20,10,7
Eryth,overall,10,0.75,0.01,4000,75,100,187,109,109,79,91,0.0427502840550435,0.0277493149052782,0.0158851512062521,0.4232076112810057,2.0122324159021407,False,True,True,True,True,True,True,True,True,False,,True,22,2,2
Eryth,overall,10,0.75,0.01,4000,75,250,466,140,140,116,130,0.0372407880853827,0.0922188793932491,0.0239465570400822,1.5262589928057555,2.907605344295992,False,True,True,True,True,True,True,True,True,False,,True,22,6,5
Eryth,overall,10,0.75,0.01,4000,75,500,961,146,146,138,143,0.0152744194925209,0.1548258400381316,0.0453944260746339,3.5644307982994805,2.7652810581010865,False,True,True,True,True,True,True,True,True,False,,True,22,8,6
Eryth,overall,10,0.75,0.01,4000,75,1000,1861,144,144,140,143,0.0137423525165477,0.2750919222202172,0.0903749028749028,7.70809052059052,2.2985625485625487,False,True,True,True,True,True,True,True,True,False,,True,22,9,7
Eryth,overall,10,0.75,0.01,4000,100,100,187,109,109,77,90,0.0242078020451963,0.0335292638044931,0.0158851512062521,0.3966190961603805,1.874108053007136,False,True,True,True,True,True,True,True,True,False,,True,22,2,2
Eryth,overall,10,0.75,0.01,4000,100,250,478,146,146,119,132,0.0124153389353567,0.0892313272794845,0.022579121398205,1.3497874350495984,2.672886159659896,False,True,True,True,True,True,True,True,True,False,,True,22,3,3
Eryth,overall,10,0.75,0.01,4000,100,500,960,147,147,139,144,0.0300228930740819,0.1554930321062894,0.0447302208554654,3.5023762929829467,2.7846892181530145,False,True,True,True,True,True,True,True,True,False,,True,22,8,6
Eryth,overall,10,0.75,0.01,4000,100,1000,1904,149,149,146,149,0.0176780231535002,0.2640520190406061,0.0863413749319789,7.54657173952476,2.3783330310175947,False,True,True,True,True,True,True,True,True,False,,True,22,9,6
Eryth,overall,10,0.75,0.02,2000,10,100,200,35,35,34,35,0.0609168579923971,0.3229513297160356,0.1680672268907563,4.0663865546218485,2.138655462184874,False,True,True,True,True,True,True,True,False,False,,False,14,7,3
Eryth,overall,10,0.75,0.02,2000,10,250,370,37,37,37,37,-0.0003274920999712,0.5033134834878004,0.2777777777777778,7.271771771771772,1.8626126126126128,False,True,True,True,True,True,True,True,False,False,,False,13,10,5
Eryth,overall,10,0.75,0.02,2000,10,500,370,37,37,37,37,-0.0003274920999712,0.5033134834878004,0.2777777777777778,7.279279279279279,1.855105105105105,False,True,True,True,True,True,True,True,False,False,,False,13,10,5
Eryth,overall,10,0.75,0.02,2000,10,1000,360,35,35,35,35,0.0111376094095318,0.5310064727517377,0.3025210084033613,7.659663865546219,1.7957983193277312,False,True,True,True,True,True,True,True,False,False,,False,14,11,6
Eryth,overall,10,0.75,0.02,2000,25,100,200,77,77,62,74,0.1065138426787949,0.113991563991564,0.0341763499658236,1.1782296650717703,2.7655502392344498,False,True,True,True,True,True,True,True,True,False,,False,17,4,2
Eryth,overall,10,0.75,0.02,2000,25,250,500,78,78,75,78,0.0701549586776859,0.2422194982319627,0.0832500832500832,4.142524142524143,2.4736929736929736,False,True,True,True,True,True,True,True,True,False,,False,17,7,2
Eryth,overall,10,0.75,0.02,2000,25,500,1000,78,78,78,78,0.0232200692041522,0.376594802573808,0.1665001665001665,8.73026973026973,2.071262071262072,False,True,True,True,True,True,True,True,True,False,,False,17,11,5
Eryth,overall,10,0.75,0.02,2000,25,1000,1203,78,78,78,78,0.0131368844586556,0.4301834980528569,0.2002997002997003,10.5989010989011,1.973859473859474,False,True,True,True,True,True,True,True,True,False,,False,17,12,6
Eryth,overall,10,0.75,0.02,2000,50,100,200,113,113,76,103,0.0413573407202216,0.0631487489894569,0.0158027812895069,0.4957332490518331,2.1552623261694057,False,True,True,True,True,True,True,True,True,False,,False,19,4,1
Eryth,overall,10,0.75,0.02,2000,50,250,500,127,127,108,123,0.0453260869565217,0.1280175809060007,0.0312460942382202,1.9775028121484808,2.8801399825021874,False,True,True,True,True,True,True,True,True,False,,True,20,6,2
Eryth,overall,10,0.75,0.02,2000,50,500,1000,127,127,121,127,0.0422274580748564,0.1929949228938445,0.0624921884764404,4.7832145981752285,2.5372453443319585,False,True,True,True,True,True,True,True,True,False,,True,20,7,2
Eryth,overall,10,0.75,0.02,2000,50,1000,2000,129,129,129,129,0.0185187845127517,0.3129715845901485,0.1211240310077519,10.192223837209305,2.169270833333333,False,True,True,True,True,True,True,True,True,False,,True,20,12,6
Eryth,overall,10,0.75,0.02,2000,75,100,196,120,120,79,107,0.0570297144178517,0.0409203296703296,0.0137254901960784,0.4271708683473389,2.2044117647058825,False,True,True,True,True,True,True,True,True,False,,False,21,4,2
Eryth,overall,10,0.75,0.02,2000,75,250,500,148,148,119,142,0.0653685934066959,0.1175017131424454,0.0229821658393086,1.455414598271741,2.876723662437948,False,True,True,True,True,True,True,True,True,False,,True,22,7,3
Eryth,overall,10,0.75,0.02,2000,75,500,997,151,151,139,151,0.0697510058923361,0.14684442954465,0.0440176600441501,3.728874172185431,2.731479028697572,False,True,True,True,True,True,True,True,True,False,,True,22,9,4
Eryth,overall,10,0.75,0.02,2000,75,1000,2000,153,153,152,153,0.0380259479388643,0.2370323440260226,0.0859993120055039,8.380503955968353,2.323271413828689,False,True,True,True,True,True,True,True,True,False,,True,22,12,6
Eryth,overall,10,0.75,0.02,2000,100,100,194,120,120,77,107,0.0669600661625708,0.0420606708106708,0.0135854341736694,0.3857142857142857,1.877240896358544,False,True,True,True,True,True,True,True,True,False,,False,21,4,2
Eryth,overall,10,0.75,0.02,2000,100,250,500,150,150,121,145,0.0740430056710775,0.11038275708378,0.0223713646532438,1.4664876957494408,2.9805369127516776,False,True,True,True,True,True,True,True,True,False,,True,22,7,3
Eryth,overall,10,0.75,0.02,2000,100,500,1000,155,155,142,155,0.0747028591682419,0.1541011508026121,0.041893590280687,3.610012568077084,2.7564725596983664,False,True,True,True,True,True,True,True,True,False,,True,22,10,4
Eryth,overall,10,0.75,0.02,2000,100,1000,2000,156,156,155,156,0.0477243332210942,0.2340266189722337,0.0827129859387924,8.116873449131514,2.350620347394541,False,True,True,True,True,True,True,True,True,False,,True,22,12,6
Eryth,overall,10,0.75,0.02,3000,10,100,200,35,35,33,35,0.0750310512251119,0.31642143570715,0.1680672268907563,3.608403361344538,2.12436974789916,False,True,True,True,True,True,True,True,False,False,,False,13,12,6
Eryth,overall,10,0.75,0.02,3000,10,250,440,35,35,35,35,-0.0166512252547833,0.6137425877372227,0.3697478991596639,9.352941176470589,1.6865546218487395,False,True,True,True,True,True,True,True,False,False,,False,14,11,6
Eryth,overall,10,0.75,0.02,3000,10,500,439,35,35,35,35,-0.0153335454631453,0.6114256742053599,0.3689075630252101,9.32436974789916,1.6873949579831933,False,True,True,True,True,True,True,True,False,False,,False,14,11,6
Eryth,overall,10,0.75,0.02,3000,10,1000,444,35,35,35,35,-0.0152140829656988,0.6324898422468562,0.373109243697479,9.461344537815126,1.684873949579832,False,True,True,True,True,True,True,True,False,False,,False,12,13,7
Eryth,overall,10,0.75,0.02,3000,25,100,200,73,73,58,70,0.0860686781971973,0.1274385431919678,0.0380517503805175,1.2258371385083713,2.465563165905632,False,True,True,True,True,True,True,True,True,False,,False,17,4,1
Eryth,overall,10,0.75,0.02,3000,25,250,500,74,74,72,74,0.0571855348337369,0.2401855604641981,0.0925583117363939,4.405775638652351,2.4552017771195853,False,True,True,True,True,True,True,True,True,False,,False,17,8,2
Eryth,overall,10,0.75,0.02,3000,25,500,1000,78,78,77,78,0.0269165604576629,0.3623623248000797,0.1665001665001665,8.839327339327339,2.007326007326008,False,True,True,True,True,True,True,True,True,False,,False,16,12,6
Eryth,overall,10,0.75,0.02,3000,25,1000,1556,75,75,75,75,-0.0083035363380902,0.5314951876518068,0.2803603603603604,14.845405405405405,1.788108108108108,False,True,True,True,True,True,True,True,True,False,,False,17,12,6
Eryth,overall,10,0.75,0.02,3000,50,100,199,109,109,74,99,0.054054054054054,0.0570488889296228,0.0169045191980971,0.5101087325857968,2.2107543323139653,False,True,True,True,True,True,True,True,True,False,,True,21,3,1
Eryth,overall,10,0.75,0.02,3000,50,250,500,124,124,103,122,0.0497999475272202,0.1244259907103318,0.032782585890375,1.9762654078153683,2.7341332284290587,False,True,True,True,True,True,True,True,True,False,,True,21,9,3
Eryth,overall,10,0.75,0.02,3000,50,500,1000,128,128,125,128,0.0324420993157736,0.1849104600921747,0.061515748031496,4.784264271653544,2.6322588582677167,False,True,True,True,True,True,True,True,True,False,,True,21,11,5
Eryth,overall,10,0.75,0.02,3000,50,1000,2000,127,127,125,127,0.0208147218093278,0.3143097107430664,0.1249843769528809,10.458130233720786,2.091488563929509,False,True,True,True,True,True,True,True,True,False,,True,20,11,5
Eryth,overall,10,0.75,0.02,3000,75,100,197,118,118,82,103,0.0362955000149302,0.0559020075969228,0.0142691583369549,0.3701289294509634,1.8267419962335216,False,True,True,True,True,True,True,True,True,False,,False,21,4,2
Eryth,overall,10,0.75,0.02,3000,75,250,500,149,149,123,143,0.0524294427089672,0.1158633397755927,0.0226736803918011,1.5692907672773444,2.908398331217123,False,True,True,True,True,True,True,True,True,False,,True,22,7,2
Eryth,overall,10,0.75,0.02,3000,75,500,1000,154,154,144,153,0.045955916505648,0.1523366277228036,0.0424412189118071,3.715389185977421,2.722689075630252,False,True,True,True,True,True,True,True,True,False,,True,22,11,5
Eryth,overall,10,0.75,0.02,3000,75,1000,2000,154,154,151,154,0.0314310212168312,0.2274766188804115,0.0848824378236142,8.37929717341482,2.2861811391223155,False,True,True,True,True,True,True,True,True,False,,True,22,12,6
Eryth,overall,10,0.75,0.02,3000,100,100,197,116,116,81,100,0.0468602315689981,0.0439750862164655,0.014767616191904,0.3173163418290854,1.321064467766117,False,True,True,True,True,True,True,True,True,False,,False,21,4,2
Eryth,overall,10,0.75,0.02,3000,100,250,497,150,150,121,145,0.0467519239474875,0.110730001966844,0.0222371364653243,1.502147651006711,2.869843400447427,False,True,True,True,True,True,True,True,True,False,,True,22,6,2
Eryth,overall,10,0.75,0.02,3000,100,500,988,155,155,142,154,0.0342568506004894,0.1617545287197266,0.0413908671973188,3.593632174277336,2.685085881860076,False,True,True,True,True,True,True,True,True,False,,True,22,11,5
Eryth,overall,10,0.75,0.02,3000,100,1000,1975,155,155,153,155,0.0267098939208548,0.2275125858448516,0.0827398408043569,8.244742354419774,2.3237955592794304,False,True,True,True,True,True,True,True,True,False,,True,22,12,6
Eryth,overall,10,0.75,0.02,4000,10,100,200,36,36,35,36,0.0846821019015822,0.3725452651923241,0.1587301587301587,3.526984126984127,2.246031746031746,False,True,True,True,False,True,True,True,False,False,,False,11,9,5
Eryth,overall,10,0.75,0.02,4000,10,250,476,36,36,36,36,-0.0043836565096952,0.6558627268052732,0.3777777777777777,9.77063492063492,1.6801587301587302,False,True,True,True,True,True,True,True,False,False,,False,14,12,7
Eryth,overall,10,0.75,0.02,4000,10,500,518,36,36,36,36,-0.0105014214292716,0.6825752598332937,0.4111111111111111,10.79126984126984,1.626984126984127,False,True,True,True,True,True,True,True,False,False,,False,14,12,7
Eryth,overall,10,0.75,0.02,4000,10,1000,515,36,36,36,36,-0.009266478552511,0.6751354554765542,0.4087301587301587,10.74126984126984,1.6293650793650791,False,True,True,True,True,True,True,True,False,False,,False,14,12,7
Eryth,overall,10,0.75,0.02,4000,25,100,200,74,74,63,72,0.0785727812144931,0.1379415695592166,0.0370233246945575,1.3748611625323954,3.097001110699741,False,True,True,True,True,True,True,True,True,False,,False,17,5,2
Eryth,overall,10,0.75,0.02,4000,25,250,500,75,75,73,75,0.0715508799857568,0.258589587442515,0.09009009009009,4.183603603603603,2.51009009009009,False,True,True,True,True,True,True,True,True,False,,False,17,7,2
Eryth,overall,10,0.75,0.02,4000,25,500,1000,75,75,75,75,0.0164245577296721,0.3916293596812139,0.1801801801801801,9.25009009009009,2.01927927927928,False,True,True,True,True,True,True,True,True,False,,False,17,9,3
Eryth,overall,10,0.75,0.02,4000,25,1000,1682,75,75,75,75,-0.0074034359482366,0.5875738098591792,0.3030630630630631,15.83981981981982,1.7607207207207207,False,True,True,True,True,True,True,True,True,False,,False,17,14,6
Eryth,overall,10,0.75,0.02,4000,50,100,199,112,112,73,100,0.086135865595325,0.0556243359814788,0.0160070785070785,0.4692728442728442,1.9853603603603605,False,True,True,True,True,True,True,True,True,False,,True,19,3,1
Eryth,overall,10,0.75,0.02,4000,50,250,500,125,125,104,123,0.0837628305760174,0.1158220859459411,0.032258064516129,1.9606451612903224,2.8501935483870966,False,True,True,True,True,True,True,True,True,False,,True,21,9,4
Eryth,overall,10,0.75,0.02,4000,50,500,1000,126,126,124,126,0.045887573964497,0.1791691478779205,0.0634920634920634,5.014730158730159,2.633079365079365,False,True,True,True,True,True,True,True,True,False,,True,20,11,5
Eryth,overall,10,0.75,0.02,4000,50,1000,2000,127,127,127,127,0.034226461170235,0.293382924125798,0.1249843769528809,10.777277840269964,2.119672540932384,False,True,True,True,True,True,True,True,True,False,,True,21,15,8
Eryth,overall,10,0.75,0.02,4000,75,100,195,124,124,87,105,0.0493445609005942,0.0415801044833302,0.0127852084972462,0.2929451875163913,1.4630868082874378,False,True,True,True,True,True,True,True,True,False,,True,21,3,1
Eryth,overall,10,0.75,0.02,4000,75,250,496,151,151,123,144,0.0608128137925192,0.0841489126969822,0.0218984547461368,1.4552759381898457,2.913907284768212,False,True,True,True,True,True,True,True,True,False,,True,22,8,3
Eryth,overall,10,0.75,0.02,4000,75,500,986,153,153,143,153,0.0538170277073282,0.1483653485008102,0.0423976608187134,3.754514963880289,2.808780529755762,False,True,True,True,True,True,True,True,True,False,,True,22,11,5
Eryth,overall,10,0.75,0.02,4000,75,1000,1948,152,152,151,152,0.0274725950287534,0.221441049667867,0.0848727779714186,8.323021958870687,2.3388375740676195,False,True,True,True,True,True,True,True,True,False,,True,22,13,7
Eryth,overall,10,0.75,0.02,4000,100,100,193,125,125,87,107,0.0464617799782634,0.0362708402708402,0.0124516129032258,0.2692258064516129,1.387032258064516,False,True,True,True,True,True,True,True,True,False,,True,21,3,1
Eryth,overall,10,0.75,0.02,4000,100,250,490,148,148,121,145,0.0541155775061497,0.0904330526041051,0.0225225225225225,1.5650395293252437,3.1525096525096523,False,True,True,True,True,True,True,True,True,False,,True,22,7,2
Eryth,overall,10,0.75,0.02,4000,100,500,986,155,155,143,155,0.0539415724337827,0.1369733902983395,0.0413070800167574,3.664264767490574,2.829702555509007,False,True,True,True,True,True,True,True,True,False,,True,22,10,4
Eryth,overall,10,0.75,0.02,4000,100,1000,1950,154,154,153,154,0.0210555801184308,0.2143752464804718,0.0827603768780239,8.18436465495289,2.35251676428147,False,True,True,True,True,True,True,True,True,False,,True,22,14,8
Eryth,overall,10,0.75,0.03,2000,10,100,200,34,34,32,34,0.0343359375,0.3804733356750293,0.17825311942959,3.9349376114082,2.022281639928699,False,True,True,True,False,True,True,True,False,False,,False,13,6,2
Eryth,overall,10,0.75,0.03,2000,10,250,361,34,34,34,34,0.0112632001836547,0.5595906685742622,0.32174688057041,7.866310160427807,1.7442067736185385,False,True,True,True,False,True,True,True,False,False,,False,13,11,5
Eryth,overall,10,0.75,0.03,2000,10,500,360,34,34,34,34,0.0122236840202981,0.5604025323887866,0.320855614973262,7.82620320855615,1.7450980392156863,False,True,True,True,False,True,True,True,False,False,,False,13,11,5
Eryth,overall,10,0.75,0.03,2000,10,1000,361,34,34,34,34,0.0112632001836547,0.5595906685742622,0.32174688057041,7.866310160427807,1.7442067736185385,False,True,True,True,False,True,True,True,False,False,,False,13,11,6
Eryth,overall,10,0.75,0.03,2000,25,100,200,75,75,59,75,0.1407650549173084,0.1237865837865837,0.036036036036036,1.0790990990990992,2.274774774774775,False,True,True,True,True,True,True,True,True,False,,False,17,6,2
Eryth,overall,10,0.75,0.03,2000,25,250,500,76,76,69,76,0.0977438751944703,0.2821818003645343,0.087719298245614,3.8164912280701753,2.255087719298245,False,True,True,True,True,True,True,True,False,False,,False,16,8,4
Eryth,overall,10,0.75,0.03,2000,25,500,985,74,74,74,74,0.0430284325450407,0.4228075686098702,0.182339874120696,8.99944465012958,2.0231395779340984,False,True,True,True,True,True,True,True,True,False,,False,17,11,6
Eryth,overall,10,0.75,0.03,2000,25,1000,1161,76,76,76,76,0.0293760853342387,0.4483162410857471,0.2036842105263158,10.41157894736842,1.9480701754385965,False,True,True,True,True,True,True,True,True,False,,False,16,13,6
Eryth,overall,10,0.75,0.03,2000,50,100,198,102,102,75,96,0.1051097341350996,0.1071372097687887,0.0192195690157251,0.4885459134148709,1.7341292952824694,False,True,True,True,True,True,True,True,True,False,,False,18,5,2
Eryth,overall,10,0.75,0.03,2000,50,250,500,126,126,105,124,0.1042998656736962,0.1584459359331802,0.0317460317460317,1.848825396825397,2.7494603174603176,False,True,True,True,True,True,True,True,True,False,,True,21,6,2
Eryth,overall,10,0.75,0.03,2000,50,500,1000,127,127,121,127,0.0694319321881206,0.2080691580677767,0.0624921884764404,4.557805274340708,2.590988626421697,False,True,True,True,True,True,True,True,True,False,,True,21,9,4
Eryth,overall,10,0.75,0.03,2000,50,1000,2000,127,127,127,127,0.0405143215540672,0.3151523927774172,0.1249843769528809,10.3427071616048,2.1405449318835146,False,True,True,True,True,True,True,True,True,False,,True,21,13,7
Eryth,overall,10,0.75,0.03,2000,75,100,196,115,115,73,101,0.1269019442096365,0.0538998682476943,0.0149504195270785,0.2488939740655987,1.1492753623188403,False,True,True,True,True,True,True,True,True,False,,True,20,4,2
Eryth,overall,10,0.75,0.03,2000,75,250,500,142,142,116,136,0.110838452661971,0.1162077756553369,0.0249725302167615,1.445759664369194,2.46938367795425,False,True,True,True,True,True,True,True,True,False,,True,22,7,3
Eryth,overall,10,0.75,0.03,2000,75,500,984,149,149,139,147,0.0795570237261508,0.1758370380999699,0.0446218030110647,3.617676401233448,2.6836568111735897,False,True,True,True,True,True,True,True,True,False,,True,22,10,6
Eryth,overall,10,0.75,0.03,2000,75,1000,1983,149,149,149,149,0.0527652655229599,0.2527593724533241,0.0899238164338835,8.522945764556503,2.318111735896971,False,True,True,True,True,True,True,True,True,False,,True,22,13,8
Eryth,overall,10,0.75,0.03,2000,100,100,196,120,120,78,104,0.1183431952662721,0.0463899063899063,0.0137254901960784,0.1857843137254902,0.7876050420168067,False,True,True,True,True,True,True,True,True,False,,True,21,3,1
Eryth,overall,10,0.75,0.03,2000,100,250,495,148,148,119,140,0.1072297024009668,0.115056120774,0.0227523441809156,1.35273028130171,2.540908255193969,False,True,True,True,True,True,True,True,True,False,,True,22,7,3
Eryth,overall,10,0.75,0.03,2000,100,500,994,155,155,145,153,0.0802515270569026,0.1692863378919847,0.0416422287390029,3.4999162128194388,2.8237955592794304,False,True,True,True,True,True,True,True,True,False,,True,22,10,6
Eryth,overall,10,0.75,0.03,2000,100,1000,1968,153,153,153,153,0.055631009869513,0.2435036229624362,0.0846233230134159,8.10423116615067,2.3571551427588577,False,True,True,True,True,True,True,True,True,False,,True,22,13,8
Eryth,overall,10,0.75,0.03,3000,10,100,200,35,35,34,35,0.0573948815315849,0.3145204795204794,0.1680672268907563,4.078991596638655,2.138655462184874,False,True,True,True,False,True,True,True,False,False,,False,13,7,3
Eryth,overall,10,0.75,0.03,3000,10,250,462,35,35,35,35,0.0055254082782225,0.624748589381149,0.388235294117647,10.295798319327732,1.6512605042016806,False,True,True,True,False,True,True,True,False,False,,False,13,12,8
Eryth,overall,10,0.75,0.03,3000,10,500,498,35,35,35,35,-0.009506050386828,0.6445023412326069,0.4184873949579832,11.163025210084031,1.615966386554622,False,True,True,True,False,True,True,True,False,False,,False,13,12,8
Eryth,overall,10,0.75,0.03,3000,10,1000,495,35,35,35,35,-0.0087738197835871,0.642852006062667,0.4159663865546218,11.107563025210084,1.6184873949579832,False,True,True,True,False,True,True,True,False,False,,False,13,12,8
Eryth,overall,10,0.75,0.03,3000,25,100,200,72,72,57,68,0.1215134297520661,0.0987635820969154,0.0391236306729264,1.2734741784037558,2.778755868544601,False,True,True,True,True,True,True,True,True,False,,False,16,6,2
Eryth,overall,10,0.75,0.03,3000,25,250,500,77,77,74,77,0.080924098174513,0.2184971088381382,0.0854408749145591,4.03673957621326,2.540328092959672,False,True,True,True,True,True,True,True,True,False,,False,16,7,3
Eryth,overall,10,0.75,0.03,3000,25,500,1000,78,78,78,78,0.0421019785502958,0.3666780379246259,0.1665001665001665,8.97968697968698,2.037795537795538,False,True,True,True,True,True,True,True,True,False,,False,15,11,7
Eryth,overall,10,0.75,0.03,3000,25,1000,1679,78,78,78,78,0.0111765351677615,0.5251078694846657,0.2795537795537796,15.507326007326007,1.7823842823842824,False,True,True,True,True,True,True,True,True,False,,False,15,15,11
Eryth,overall,10,0.75,0.03,3000,50,100,199,107,107,73,103,0.1035802469135802,0.0941424100302604,0.0175454064538882,0.4417210368541703,2.679862458120261,False,True,True,True,True,True,True,True,True,False,,False,20,3,1
Eryth,overall,10,0.75,0.03,3000,50,250,500,125,125,103,124,0.1159876115727916,0.1228203402956504,0.032258064516129,1.9716129032258063,3.039290322580645,False,True,True,True,True,True,True,True,True,False,,True,21,7,3
Eryth,overall,10,0.75,0.03,3000,50,500,991,127,127,122,127,0.0710506805130217,0.1875294456385774,0.0619297587801524,4.639357580302463,2.6330458692663417,False,True,True,True,True,True,True,True,True,False,,True,21,10,5
Eryth,overall,10,0.75,0.03,3000,50,1000,1980,125,125,124,125,0.037288327583195,0.3033251375513781,0.1277419354838709,10.690709677419354,2.0912258064516127,False,True,True,True,True,True,True,True,True,False,,True,21,13,7
Eryth,overall,10,0.75,0.03,3000,75,100,195,120,120,74,112,0.1354783950617283,0.07503811003811,0.0136554621848739,0.1734593837535014,0.6385854341736694,False,True,True,True,True,True,True,True,True,False,,False,20,3,1
Eryth,overall,10,0.75,0.03,3000,75,250,492,147,147,118,144,0.1267900456842972,0.0894634257085873,0.022924238188426,1.5042400521852577,3.2634423632466687,False,True,True,True,True,True,True,True,True,False,,True,22,7,3
Eryth,overall,10,0.75,0.03,3000,75,500,968,148,148,139,148,0.0940118431836283,0.1528912424526289,0.0444934730649016,3.698979591836735,2.851029601029601,False,True,True,True,True,True,True,True,True,False,,True,22,10,5
Eryth,overall,10,0.75,0.03,3000,75,1000,1950,148,148,146,148,0.0652116496465889,0.2294209337681212,0.0896304467733039,8.589860268431696,2.2827266041551755,False,True,True,True,True,True,True,True,True,False,,True,22,13,8
Eryth,overall,10,0.75,0.03,3000,100,100,192,124,124,75,111,0.1313798716843819,0.0733149467020434,0.012588512981904,0.1417519013899816,0.5378311041174928,False,True,True,True,True,True,True,True,True,False,,False,21,3,1
Eryth,overall,10,0.75,0.03,3000,100,250,485,150,150,119,147,0.1173403132862592,0.0816381509787082,0.0217002237136465,1.4769127516778524,3.2027740492170023,False,True,True,True,True,True,True,True,True,False,,True,22,6,2
Eryth,overall,10,0.75,0.03,3000,100,500,974,152,152,142,152,0.0944755709901148,0.1501096921513233,0.0424363889857093,3.600383408853259,2.8319972115719763,False,True,True,True,True,True,True,True,True,False,,True,22,11,6
Eryth,overall,10,0.75,0.03,3000,100,1000,1955,152,152,151,152,0.056708108581622,0.2265323116018712,0.0851777622865109,8.305071453468107,2.335962007668177,False,True,True,True,True,True,True,True,True,False,,True,22,13,8
Eryth,overall,10,0.75,0.03,4000,10,100,200,35,35,34,35,0.0542460785967279,0.271744128886986,0.1680672268907563,3.856302521008403,2.004201680672269,False,True,True,True,False,True,True,True,False,False,,False,12,7,3
Eryth,overall,10,0.75,0.03,4000,10,250,500,35,35,35,35,-0.0133371523417131,0.6519536903188233,0.4201680672268907,11.439495798319328,1.6,False,True,True,True,False,True,True,True,False,False,,False,12,11,7
Eryth,overall,10,0.75,0.03,4000,10,500,577,35,35,35,35,-0.0233828109588058,0.7143513898836881,0.4848739495798319,13.184873949579831,1.526890756302521,False,True,True,True,False,True,True,True,False,False,,False,12,12,8
Eryth,overall,10,0.75,0.03,4000,10,1000,617,36,36,36,36,-0.0129488840281169,0.7175403399818668,0.4896825396825396,13.633333333333333,1.53015873015873,False,True,True,True,False,True,True,True,False,False,,False,12,12,8
Eryth,overall,10,0.75,0.03,4000,25,100,200,72,72,58,70,0.1371755102040816,0.1095909491742824,0.0391236306729264,1.305946791862285,2.6465179968701094,False,True,True,True,True,True,True,True,True,False,,False,15,5,1
Eryth,overall,10,0.75,0.03,4000,25,250,500,77,77,72,77,0.0760575662675712,0.22220344890759,0.0854408749145591,4.067327409432672,2.423444976076555,False,True,True,True,True,True,True,True,True,False,,False,15,7,3
Eryth,overall,10,0.75,0.03,4000,25,500,1000,77,77,77,77,0.0402176781743446,0.3757295621359895,0.1708817498291182,9.192925495557075,2.030075187969925,False,True,True,True,True,True,True,True,True,False,,False,15,11,7
Eryth,overall,10,0.75,0.03,4000,25,1000,1927,77,77,77,77,0.0156292423472406,0.5859775155172298,0.3292891319207108,18.85475051264525,1.6929254955570745,False,True,True,True,True,True,True,True,True,False,,False,15,13,8
Eryth,overall,10,0.75,0.03,4000,50,100,200,110,110,71,104,0.1254166666666666,0.0444064016791289,0.0166805671392827,0.3934111759799833,1.4249374478732275,False,True,True,True,True,True,True,True,True,False,,False,19,5,1
Eryth,overall,10,0.75,0.03,4000,50,250,500,129,129,102,129,0.0908188096337334,0.1168519595566178,0.0302810077519379,1.8854772286821704,2.975714631782946,False,True,True,True,True,True,True,True,True,False,,True,22,7,3
Eryth,overall,10,0.75,0.03,4000,50,500,1000,129,129,124,129,0.0712611318586613,0.1825998157863226,0.0605620155038759,4.718204941860465,2.638141957364341,False,True,True,True,True,True,True,True,True,False,,True,22,9,5
Eryth,overall,10,0.75,0.03,4000,50,1000,2000,130,130,129,130,0.0440253539334042,0.2782402177607816,0.1192605843768634,10.379964221824688,2.131961836613,False,True,True,True,True,True,True,True,True,False,,True,21,12,7
Eryth,overall,10,0.75,0.03,4000,75,100,196,122,122,77,112,0.1728274472696193,0.0348321532747762,0.0132773336946213,0.2112179921419862,0.8328139818452784,False,True,True,True,True,True,True,True,True,False,,False,19,4,1
Eryth,overall,10,0.75,0.03,4000,75,250,495,149,149,121,144,0.1106828193832599,0.0901936354348721,0.0224469435878831,1.4670778160711049,3.2055595864320696,False,True,True,True,True,True,True,True,True,False,,True,22,6,2
Eryth,overall,10,0.75,0.03,4000,75,500,974,152,152,140,152,0.0793954005701106,0.1391962770371001,0.0424363889857093,3.668699895433949,2.724904147786685,False,True,True,True,True,True,True,True,True,False,,True,22,7,3
Eryth,overall,10,0.75,0.03,4000,75,1000,1968,152,152,150,152,0.0477815079830428,0.2100613536137176,0.0857441617288253,8.51803764377832,2.319362147089578,False,True,True,True,True,True,True,True,True,False,,True,22,13,8
Eryth,overall,10,0.75,0.03,4000,100,100,199,127,127,84,115,0.1323842155009451,0.036639170103737,0.0124359455068116,0.1933508311461067,0.8683914510686164,False,True,True,True,True,True,True,True,True,False,,False,19,4,1
Eryth,overall,10,0.75,0.03,4000,100,250,496,152,152,123,150,0.1042618935736967,0.0823590012928248,0.0216103171836876,1.4306814220982922,3.163515162077379,False,True,True,True,True,True,True,True,True,False,,True,22,6,2
Eryth,overall,10,0.75,0.03,4000,100,500,981,154,154,141,154,0.0789976013129655,0.1315731630384297,0.0416348357524828,3.5938375350140057,2.717596129360836,False,True,True,True,True,True,True,True,True,False,,True,22,8,4
Eryth,overall,10,0.75,0.03,4000,100,1000,1966,154,154,152,154,0.051103709299477,0.2091473623297901,0.0834394363806128,8.409133350309821,2.338680926916221,False,True,True,True,True,True,True,True,True,False,,True,22,13,8
Eryth,overall,10,0.9,0.005,2000,10,100,200,33,33,32,32,-0.0095833333333333,0.3920285745152056,0.1893939393939394,3.732007575757576,2.103219696969697,False,False,True,False,False,True,True,True,True,False,,False,9,3,2
Eryth,overall,10,0.9,0.005,2000,10,250,266,33,33,33,32,-0.03344838921762,0.526698862738829,0.2518939393939394,5.150568181818182,1.933712121212121,False,False,True,False,False,True,True,True,True,False,,False,9,3,2
Eryth,overall,10,0.9,0.005,2000,10,500,266,33,33,33,32,-0.03344838921762,0.526698862738829,0.2518939393939394,5.150568181818182,1.933712121212121,False,False,True,False,False,True,True,True,True,False,,False,9,3,2
Eryth,overall,10,0.9,0.005,2000,10,1000,251,32,32,32,31,-0.0252376033057851,0.5227422017911569,0.2530241935483871,4.950604838709677,1.9304435483870968,False,False,True,False,False,True,True,True,True,False,,False,9,3,2
Eryth,overall,10,0.9,0.005,2000,25,100,200,65,65,49,61,0.0010827554069241,0.1425646148723071,0.048076923076923,1.1918269230769232,2.0189903846153845,False,True,True,True,True,True,True,True,True,False,,False,13,1,1
Eryth,overall,10,0.9,0.005,2000,25,250,500,72,72,71,70,-0.0084583176108491,0.3146691512603176,0.0978090766823161,3.75,2.512128325508608,False,True,True,True,True,True,True,True,True,False,,False,14,4,2
Eryth,overall,10,0.9,0.005,2000,25,500,661,72,72,71,70,-0.0155871220745685,0.4057480719344077,0.1293035993740219,5.067488262910798,2.2568466353677623,False,True,True,True,True,True,True,True,True,False,,False,14,4,2
Eryth,overall,10,0.9,0.005,2000,25,1000,661,72,72,71,70,-0.0147620948192038,0.4057480719344077,0.1293035993740219,5.067488262910798,2.2568466353677623,False,True,True,True,True,True,True,True,True,False,,False,14,4,2
Eryth,overall,10,0.9,0.005,2000,50,100,199,95,95,69,82,0.003662109375,0.0763864790180579,0.0222844344904815,0.6829787234042554,2.193393057110862,False,True,True,True,True,True,True,True,True,False,,False,19,1,1
Eryth,overall,10,0.9,0.005,2000,50,250,500,112,112,93,107,-0.0180146996562176,0.1577586243497494,0.0402187902187902,1.843227155727156,2.681628056628057,False,True,True,True,True,True,True,True,True,False,,True,21,3,2
Eryth,overall,10,0.9,0.005,2000,50,500,1000,112,112,106,112,-0.0041314019097222,0.2864638095244721,0.0804375804375804,4.649292149292149,2.532175032175032,False,True,True,True,True,True,True,True,True,False,,True,21,4,3
Eryth,overall,10,0.9,0.005,2000,50,1000,1575,112,112,112,112,-0.0181352035959259,0.3719758363559949,0.1266891891891892,7.946669884169884,2.310730373230373,False,True,True,True,True,True,True,True,True,False,,True,21,7,4
Eryth,overall,10,0.9,0.005,2000,75,100,195,100,100,73,84,0.0359608420099592,0.0778924963924963,0.0196969696969696,0.5165656565656566,1.7561616161616165,False,True,True,True,True,True,True,True,True,False,,False,18,1,1
Eryth,overall,10,0.9,0.005,2000,75,250,484,123,123,103,113,-0.0005568130375736,0.144639822896277,0.0322537651606024,1.6232840197254432,2.6831933893109423,False,True,True,True,True,True,True,True,True,False,,True,21,2,2
Eryth,overall,10,0.9,0.005,2000,75,500,970,131,131,121,127,0.0016821245995147,0.2221282158622738,0.0569583088667058,3.5782736347621844,2.6369348209042864,False,True,True,True,True,True,True,True,True,False,,True,21,4,3
Eryth,overall,10,0.9,0.005,2000,75,1000,1918,131,131,131,131,-0.0047217449965184,0.3527713918840444,0.1126247798003523,8.068173810921902,2.3611861421021727,False,True,True,True,True,True,True,True,True,False,,True,21,7,4
Eryth,overall,10,0.9,0.005,2000,100,100,194,101,101,74,84,0.0281249106351339,0.0747960510336748,0.0192079207920792,0.5179207920792079,1.810891089108911,False,True,True,True,True,True,True,True,True,False,,False,18,1,1
Eryth,overall,10,0.9,0.005,2000,100,250,485,127,127,108,117,-0.0096975069252078,0.1170354658304891,0.0303087114110736,1.5018747656542932,2.8584551931008626,False,True,True,True,True,True,True,True,True,False,,False,20,2,1
Eryth,overall,10,0.9,0.005,2000,100,500,969,131,131,120,128,-0.0013458203260493,0.2249073060972513,0.0568995889606576,3.578978273634762,2.615149735760423,False,True,True,True,True,True,True,True,True,False,,True,21,4,3
Eryth,overall,10,0.9,0.005,2000,100,1000,1918,131,131,131,131,-0.0083278523998949,0.3527713918840445,0.1126247798003523,8.068173810921902,2.3611861421021727,False,True,True,True,True,True,True,True,True,False,,True,21,7,4
Eryth,overall,10,0.9,0.005,3000,10,100,200,33,33,32,32,-0.0149720704496199,0.3960399374837878,0.1893939393939394,3.75,2.121212121212121,False,False,True,False,False,True,True,True,True,False,,False,9,3,2
Eryth,overall,10,0.9,0.005,3000,10,250,251,32,32,32,31,-0.0252376033057851,0.5227422017911569,0.2530241935483871,4.950604838709677,1.9304435483870968,False,False,True,False,False,True,True,True,True,False,,False,9,3,2
Eryth,overall,10,0.9,0.005,3000,10,500,266,33,33,33,32,-0.03344838921762,0.526698862738829,0.2518939393939394,5.150568181818182,1.933712121212121,False,False,True,False,False,True,True,True,True,False,,False,9,3,2
Eryth,overall,10,0.9,0.005,3000,10,1000,220,32,32,32,31,-0.0201385041551246,0.5220089577819842,0.2217741935483871,4.238911290322581,1.996975806451613,False,True,True,False,True,True,True,True,False,False,,False,8,3,2
Eryth,overall,10,0.9,0.005,3000,25,100,200,65,65,48,62,0.0028507990460787,0.1485165262088339,0.048076923076923,1.210096153846154,2.053605769230769,False,True,True,True,True,True,True,True,True,False,,False,13,1,1
Eryth,overall,10,0.9,0.005,3000,25,250,500,72,72,71,70,-0.009528961952346,0.3071931924615418,0.0978090766823161,3.842331768388106,2.49745696400626,False,True,True,True,True,True,True,True,True,False,,False,14,4,2
Eryth,overall,10,0.9,0.005,3000,25,500,661,72,72,71,70,-0.0147620948192038,0.4057480719344077,0.1293035993740219,5.067488262910798,2.2568466353677623,False,True,True,True,True,True,True,True,True,False,,False,14,4,2
Eryth,overall,10,0.9,0.005,3000,25,1000,661,72,72,71,70,-0.0147620948192038,0.4057480719344077,0.1293035993740219,5.067488262910798,2.2568466353677623,False,True,True,True,True,True,True,True,True,False,,False,14,4,2
Eryth,overall,10,0.9,0.005,3000,50,100,196,91,91,66,79,-0.0002659500013997,0.0743318342219441,0.0239316239316239,0.7315018315018315,2.255799755799756,False,True,True,True,True,True,True,True,True,False,,False,19,1,1
Eryth,overall,10,0.9,0.005,3000,50,250,500,112,112,93,107,-0.0210968221915187,0.1619601709407525,0.0402187902187902,1.8897200772200773,2.706885456885457,False,True,True,True,True,True,True,True,True,False,,True,21,3,2
Eryth,overall,10,0.9,0.005,3000,50,500,1000,112,112,106,112,-0.0042917054935352,0.2791676892986802,0.0804375804375804,4.636341698841699,2.533783783783784,False,True,True,True,True,True,True,True,True,False,,True,21,4,3
Eryth,overall,10,0.9,0.005,3000,50,1000,1575,112,112,112,112,-0.0181352035959259,0.371975836355995,0.1266891891891892,7.946669884169884,2.310730373230373,False,True,True,True,True,True,True,True,True,False,,True,21,7,4
Eryth,overall,10,0.9,0.005,3000,75,100,195,106,106,77,90,-0.0095065640561339,0.0593613933236574,0.0175202156334231,0.4791554357592093,1.8290206648697207,False,True,True,True,True,True,True,True,True,False,,True,18,1,1
Eryth,overall,10,0.9,0.005,3000,75,250,485,127,127,107,117,0.0056770638608485,0.110526769533397,0.0303087114110736,1.5358705161854769,2.9637545306836643,False,True,True,True,True,True,True,True,True,False,,False,20,2,1
Eryth,overall,10,0.9,0.005,3000,75,500,970,131,131,120,128,-0.0004176468484391,0.2237109627760035,0.0569583088667058,3.559013505578391,2.6379330593071053,False,True,True,True,True,True,True,True,True,False,,True,21,4,3
Eryth,overall,10,0.9,0.005,3000,75,1000,1918,131,131,131,131,-0.003832431504918,0.3527713918840444,0.1126247798003523,8.068173810921902,2.3611861421021727,False,True,True,True,True,True,True,True,True,False,,True,21,7,4
Eryth,overall,10,0.9,0.005,3000,100,100,195,106,106,76,90,-0.0066206428248076,0.0611283370717333,0.0175202156334231,0.4883198562443845,1.869182389937107,False,True,True,True,True,True,True,True,True,False,,True,18,1,1
Eryth,overall,10,0.9,0.005,3000,100,250,485,127,127,109,117,-0.0067675230109135,0.1158952599166412,0.0303087114110736,1.5396200474940631,2.935758030246219,False,True,True,True,True,True,True,True,True,False,,False,20,2,1
Eryth,overall,10,0.9,0.005,3000,100,500,969,131,131,120,127,-0.002162072359047,0.2220819249079644,0.0568995889606576,3.563593658250147,2.594539048737522,False,True,True,True,True,True,True,True,True,False,,True,21,4,3
Eryth,overall,10,0.9,0.005,3000,100,1000,1918,131,131,131,131,-0.0083278523998949,0.3527713918840444,0.1126247798003523,8.068173810921902,2.3611861421021727,False,True,True,True,True,True,True,True,True,False,,True,21,7,4
Eryth,overall,10,0.9,0.005,4000,10,100,200,32,32,31,31,-0.0159104938271604,0.4119228300294477,0.2016129032258064,3.882056451612903,2.0080645161290325,False,False,True,False,False,True,True,True,True,False,,False,9,3,2
Eryth,overall,10,0.9,0.005,4000,10,250,266,33,33,33,32,-0.03344838921762,0.526698862738829,0.2518939393939394,5.150568181818182,1.933712121212121,False,False,True,False,False,True,True,True,True,False,,False,9,3,2
Eryth,overall,10,0.9,0.005,4000,10,500,266,33,33,33,32,-0.03344838921762,0.526698862738829,0.2518939393939394,5.150568181818182,1.933712121212121,False,False,True,False,False,True,True,True,True,False,,False,9,3,2
Eryth,overall,10,0.9,0.005,4000,10,1000,251,32,32,32,31,-0.0252376033057851,0.5227422017911569,0.2530241935483871,4.950604838709677,1.9304435483870968,False,False,True,False,False,True,True,True,True,False,,False,9,3,2
Eryth,overall,10,0.9,0.005,4000,25,100,200,66,66,49,62,0.0007126997615196,0.146975751521206,0.0466200466200466,1.1655011655011656,1.9981351981351985,False,True,True,True,True,True,True,True,True,False,,False,13,1,1
Eryth,overall,10,0.9,0.005,4000,25,250,500,72,72,71,70,-0.0084351486595076,0.3175959953833779,0.0978090766823161,3.720657276995305,2.540688575899844,False,True,True,True,True,True,True,True,True,False,,False,14,4,2
Eryth,overall,10,0.9,0.005,4000,25,500,661,72,72,71,70,-0.0147620948192038,0.4057480719344077,0.1293035993740219,5.067488262910798,2.2568466353677623,False,True,True,True,True,True,True,True,True,False,,False,14,4,2
Eryth,overall,10,0.9,0.005,4000,25,1000,661,72,72,71,70,-0.0147620948192038,0.4057480719344077,0.1293035993740219,5.067488262910798,2.2568466353677623,False,True,True,True,True,True,True,True,True,False,,False,14,4,2
Eryth,overall,10,0.9,0.005,4000,50,100,200,96,96,66,85,0.0304571934817041,0.0944203910196557,0.0219298245614035,0.6305921052631579,2.0277412280701754,False,True,True,True,True,True,True,True,True,False,,True,18,1,1
Eryth,overall,10,0.9,0.005,4000,50,250,500,112,112,93,107,0.0132043787862685,0.1962127218820971,0.0402187902187902,1.921975546975547,2.434121621621621,False,True,True,True,True,True,True,True,True,False,,True,21,2,2
Eryth,overall,10,0.9,0.005,4000,50,500,1000,112,112,105,112,-0.0047759331597222,0.2760156624379851,0.0804375804375804,4.625884813384813,2.5033783783783785,False,True,True,True,True,True,True,True,True,False,,True,21,4,3
Eryth,overall,10,0.9,0.005,4000,50,1000,1575,112,112,112,112,-0.0181352035959259,0.3719758363559949,0.1266891891891892,7.946669884169884,2.310730373230373,False,True,True,True,True,True,True,True,True,False,,True,21,7,4
Eryth,overall,10,0.9,0.005,4000,75,100,194,101,101,73,84,0.03608910749521,0.0774363150600774,0.0192079207920792,0.4853465346534653,1.6057425742574258,False,True,True,True,True,True,True,True,True,False,,False,18,1,1
Eryth,overall,10,0.9,0.005,4000,75,250,485,127,127,107,117,0.005165650969529,0.1106146996880056,0.0303087114110736,1.5175603049618798,2.892950881139857,False,True,True,True,True,True,True,True,True,False,,False,20,2,1
Eryth,overall,10,0.9,0.005,4000,75,500,969,131,131,121,127,0.0017458665741703,0.2195268617172426,0.0568995889606576,3.606635349383441,2.642513211978861,False,True,True,True,True,True,True,True,True,False,,True,21,4,3
Eryth,overall,10,0.9,0.005,4000,75,1000,1918,131,131,131,131,-0.0063239567906428,0.3527713918840444,0.1126247798003523,8.068173810921902,2.3611861421021727,False,True,True,True,True,True,True,True,True,False,,True,21,7,4
Eryth,overall,10,0.9,0.005,4000,100,100,195,102,102,75,84,0.0240634902670892,0.0787818934877758,0.0189283634245777,0.5101921956901573,1.7722772277227723,False,True,True,True,True,True,True,True,True,False,,False,18,1,1
Eryth,overall,10,0.9,0.005,4000,100,250,485,127,127,109,117,-0.0063556786703601,0.1118368543574137,0.0303087114110736,1.5538682664666916,3.0257467816522934,False,True,True,True,True,True,True,True,True,False,,False,20,2,1
Eryth,overall,10,0.9,0.005,4000,100,500,969,131,131,122,127,-0.0003821251011678,0.2242956146014087,0.0568995889606576,3.629770992366412,2.656018790369936,False,True,True,True,True,True,True,True,True,False,,True,21,4,3
Eryth,overall,10,0.9,0.005,4000,100,1000,1918,131,131,131,131,-0.0083278523998949,0.3527713918840445,0.1126247798003523,8.068173810921902,2.3611861421021727,False,True,True,True,True,True,True,True,True,False,,True,21,7,4
Eryth,overall,10,0.9,0.01,2000,10,100,200,31,31,29,30,0.0414751216873985,0.4580361289564326,0.2150537634408602,4.2602150537634405,1.7956989247311828,False,False,True,True,True,True,True,True,False,False,,False,9,3,3
Eryth,overall,10,0.9,0.01,2000,10,250,256,31,31,31,30,0.0179719650205761,0.5468286894654355,0.2752688172043011,5.65268817204301,1.812903225806452,False,False,True,True,True,True,True,True,False,False,,False,9,4,4
Eryth,overall,10,0.9,0.01,2000,10,500,254,31,31,31,30,0.0187993510005408,0.5499509304599642,0.2731182795698925,5.563440860215054,1.8182795698924727,False,False,True,True,True,True,True,True,False,False,,False,9,4,3
Eryth,overall,10,0.9,0.01,2000,10,1000,254,31,31,31,30,0.0187993510005408,0.5499509304599642,0.2731182795698925,5.563440860215054,1.8182795698924727,False,False,True,True,True,True,True,True,False,False,,False,9,4,3
Eryth,overall,10,0.9,0.01,2000,25,100,200,68,68,54,65,0.0301363343691385,0.1243625655390361,0.0438981562774363,1.3461369622475856,2.462467076382792,False,True,True,True,True,True,True,True,True,False,,True,15,4,3
Eryth,overall,10,0.9,0.01,2000,25,250,500,70,70,66,69,0.0168135044513816,0.2888475270282857,0.10351966873706,4.350310559006211,2.299171842650104,False,True,True,True,True,True,True,True,True,False,,True,15,6,4
Eryth,overall,10,0.9,0.01,2000,25,500,876,69,69,69,69,-0.0048573698109083,0.4419889573942542,0.1867007672634271,8.317561807331629,2.044117647058824,False,True,True,True,True,True,True,True,True,False,,False,15,6,4
Eryth,overall,10,0.9,0.01,2000,25,1000,876,69,69,69,69,-0.0059004483851447,0.4388845958081621,0.1867007672634271,8.320971867007673,2.044543904518329,False,True,True,True,True,True,True,True,True,False,,False,15,6,4
Eryth,overall,10,0.9,0.01,2000,50,100,199,99,99,73,90,0.0342235659695976,0.0752525252525252,0.020511234796949,0.645124716553288,2.16398680684395,False,True,True,True,True,True,True,True,True,False,,True,19,2,2
Eryth,overall,10,0.9,0.01,2000,50,250,500,119,119,101,115,0.0194146237248304,0.1316239981887665,0.0356074633243127,2.0243555049138298,2.765133171912833,False,True,True,True,True,True,True,True,True,False,,True,20,4,3
Eryth,overall,10,0.9,0.01,2000,50,500,1000,120,120,117,120,0.0057399109242039,0.2247774631707897,0.0700280112044818,4.931582633053221,2.61484593837535,False,True,True,True,True,True,True,True,True,False,,True,20,7,5
Eryth,overall,10,0.9,0.01,2000,50,1000,1961,120,120,120,120,-0.0006666943616351,0.3511577489585402,0.1373249299719888,10.242436974789916,2.1396358543417366,False,True,True,True,True,True,True,True,True,False,,True,20,10,7
Eryth,overall,10,0.9,0.01,2000,75,100,196,111,111,77,98,0.0553688823959094,0.0642307642307642,0.016052416052416,0.458968058968059,1.7305487305487306,False,True,True,True,True,True,True,True,True,False,,True,19,2,2
Eryth,overall,10,0.9,0.01,2000,75,250,488,136,136,110,128,0.0204622483376005,0.0976133639423567,0.0265795206971677,1.575054466230937,2.633714596949891,False,True,True,True,True,True,True,True,True,False,,True,21,4,3
Eryth,overall,10,0.9,0.01,2000,75,500,969,138,138,129,137,0.0263247516387334,0.180457664194831,0.0512535702951444,3.8213794562572727,2.729450967946684,False,True,True,True,True,True,True,True,True,False,,True,21,5,3
Eryth,overall,10,0.9,0.01,2000,75,1000,1930,138,138,137,138,0.0117525376835428,0.2881695965838372,0.1020839944991008,8.469850841002856,2.295673331217603,False,True,True,True,True,True,True,True,True,False,,True,21,9,7
Eryth,overall,10,0.9,0.01,2000,100,100,196,110,110,79,96,0.0319941563184806,0.0424875124875124,0.016346955796497,0.4718098415346122,1.7793994995829858,False,True,True,True,True,True,True,True,True,False,,True,20,2,2
Eryth,overall,10,0.9,0.01,2000,100,250,488,136,136,111,127,0.0084846838217686,0.0887129545468189,0.0265795206971677,1.5303376906318082,2.561710239651416,False,True,True,True,True,True,True,True,True,False,,True,21,4,3
Eryth,overall,10,0.9,0.01,2000,100,500,968,138,138,130,137,0.0253926552465576,0.179962717881242,0.0512006770337459,3.814291759229874,2.766793610494023,False,True,True,True,True,True,True,True,True,False,,True,21,5,3
Eryth,overall,10,0.9,0.01,2000,100,1000,1980,139,139,138,139,0.0101670896711271,0.2917268918988047,0.1032217704097591,8.64169533938067,2.2890730893546034,False,True,True,True,True,True,True,True,True,False,,True,21,9,7
Eryth,overall,10,0.9,0.01,3000,10,100,200,32,32,31,31,0.0240903471549333,0.4072795963711212,0.2016129032258064,4.038306451612903,1.962701612903225,False,True,True,True,True,True,True,True,False,False,,False,10,6,4
Eryth,overall,10,0.9,0.01,3000,10,250,295,31,31,31,29,-0.0200720579195409,0.6599726445015177,0.3172043010752688,5.875268817204301,1.718279569892473,False,True,True,False,True,True,True,True,False,False,,False,9,4,3
Eryth,overall,10,0.9,0.01,3000,10,500,299,31,31,31,30,0.000828008561296,0.6630220614362969,0.321505376344086,6.281720430107527,1.735483870967742,False,False,True,True,True,True,True,True,False,False,,False,9,4,3
Eryth,overall,10,0.9,0.01,3000,10,1000,299,31,31,31,30,0.000828008561296,0.6630220614362969,0.321505376344086,6.281720430107527,1.735483870967742,False,False,True,True,True,True,True,True,False,False,,False,9,4,3
Eryth,overall,10,0.9,0.01,3000,25,100,200,67,67,56,67,0.0182245737801293,0.1253094335183887,0.0452284034373586,1.446178199909543,2.70239710538218,False,True,True,True,True,True,True,True,True,False,,False,14,4,3
Eryth,overall,10,0.9,0.01,3000,25,250,500,69,69,67,69,-2.2634676324130923e-05,0.3130752281225203,0.1065643648763853,4.484441602728047,2.435848252344416,False,True,True,True,True,True,True,True,True,False,,False,14,6,4
Eryth,overall,10,0.9,0.01,3000,25,500,986,69,69,69,69,-0.0056439092470021,0.4977545707219675,0.2101449275362318,9.154944586530265,2.0076726342710995,False,True,True,True,True,True,True,True,True,False,,False,14,7,5
Eryth,overall,10,0.9,0.01,3000,25,1000,1047,69,69,69,69,-0.0129062030914032,0.5266654400922919,0.2231457800511509,9.673913043478262,1.9782608695652173,False,True,True,True,True,True,True,True,True,False,,False,14,7,5
Eryth,overall,10,0.9,0.01,3000,50,100,196,102,102,76,85,0.0415063377093707,0.0705101271277741,0.0190254319549602,0.5475635798874005,1.9166181324014755,False,True,True,True,True,True,True,True,True,False,,True,18,1,1
Eryth,overall,10,0.9,0.01,3000,50,250,500,119,119,104,113,0.0082338855727629,0.1380993691435452,0.0356074633243127,2.099416037601481,2.6634382566585955,False,True,True,True,True,True,True,True,True,False,,False,19,4,3
Eryth,overall,10,0.9,0.01,3000,50,500,982,119,119,113,119,0.0196641230200022,0.2451144135853586,0.0699330579689502,4.72746047571571,2.471015524854009,False,True,True,True,True,True,True,True,True,False,,True,20,5,4
Eryth,overall,10,0.9,0.01,3000,50,1000,2000,119,119,119,119,-0.0086688552522381,0.375319949217934,0.1424298532972511,10.441318900441532,2.142429853297251,False,True,True,True,True,True,True,True,True,False,,False,19,8,6
Eryth,overall,10,0.9,0.01,3000,75,100,192,109,109,78,90,0.0159946277586154,0.1028724333770205,0.0163098878695209,0.422103295956507,1.8523615358477743,False,True,True,True,True,True,True,True,True,False,,True,20,2,2
Eryth,overall,10,0.9,0.01,3000,75,250,488,136,136,113,127,-0.0014237306787595,0.1047043694350205,0.0265795206971677,1.7212418300653596,2.9800653594771243,False,True,True,True,True,True,True,True,True,False,,True,21,2,2
Eryth,overall,10,0.9,0.01,3000,75,500,970,137,137,126,136,-0.0034416013541034,0.2001488985981317,0.0520609703735508,3.8354980678402746,2.587483898668957,False,True,True,True,True,True,True,True,True,False,,True,21,5,3
Eryth,overall,10,0.9,0.01,3000,75,1000,1946,137,137,136,137,0.0057164946519046,0.3121598439258252,0.104443967367969,8.49973164448261,2.3067840274796048,False,True,True,True,True,True,True,True,True,False,,True,21,7,5
Eryth,overall,10,0.9,0.01,3000,100,100,194,111,111,80,90,0.0031161389413988,0.0805591305591305,0.0158886158886158,0.390990990990991,1.595085995085995,False,True,True,True,True,True,True,True,True,False,,True,20,2,2
Eryth,overall,10,0.9,0.01,3000,100,250,481,136,136,113,126,0.0049642153010761,0.1016825073109862,0.02619825708061,1.6568082788671024,2.994335511982571,False,True,True,True,True,True,True,True,True,False,,True,21,2,2
Eryth,overall,10,0.9,0.01,3000,100,500,955,137,137,126,136,0.0118472495978137,0.193723966984682,0.0512559038213825,3.802060970373551,2.602243452125376,False,True,True,True,True,True,True,True,True,False,,True,21,5,3
Eryth,overall,10,0.9,0.01,3000,100,1000,1899,137,137,135,137,0.0128125787170775,0.3120524699365405,0.1019214255045083,8.216509231429798,2.309628595963933,False,True,True,True,True,True,True,True,True,False,,True,21,7,5
Eryth,overall,10,0.9,0.01,4000,10,100,200,31,31,29,30,0.0286475789204889,0.4795394261962723,0.2150537634408602,4.104301075268817,1.8301075268817204,False,False,True,True,True,True,True,True,False,False,,False,9,4,3
Eryth,overall,10,0.9,0.01,4000,10,250,322,32,32,32,31,-0.0044536656574394,0.6606680034964252,0.3245967741935484,6.703629032258065,1.721774193548387,False,True,True,True,True,True,True,True,False,False,,False,10,6,4
Eryth,overall,10,0.9,0.01,4000,10,500,322,32,32,32,31,-0.0044536656574394,0.6606680034964251,0.3245967741935484,6.703629032258065,1.721774193548387,False,True,True,True,True,True,True,True,False,False,,False,10,6,4
Eryth,overall,10,0.9,0.01,4000,10,1000,299,31,31,31,30,0.000828008561296,0.6630220614362969,0.321505376344086,6.281720430107527,1.735483870967742,False,False,True,True,True,True,True,True,False,False,,False,9,4,3
Eryth,overall,10,0.9,0.01,4000,25,100,200,67,67,56,67,0.0180566053581926,0.1240864442356979,0.0452284034373586,1.4439167797376753,2.688602442333785,False,True,True,True,True,True,True,True,True,False,,False,14,4,3
Eryth,overall,10,0.9,0.01,4000,25,250,500,68,68,66,68,0.0033312146988158,0.3011677747561308,0.1097453906935908,4.681299385425812,2.336918349429324,False,True,True,True,True,True,True,True,True,False,,False,15,6,4
Eryth,overall,10,0.9,0.01,4000,25,500,983,69,69,69,69,-0.0063981217738689,0.5003399685248443,0.2095055413469735,9.1037936913896,2.013213981244672,False,True,True,True,True,True,True,True,True,False,,False,14,7,5
Eryth,overall,10,0.9,0.01,4000,25,1000,1047,69,69,69,69,-0.0129062030914032,0.5266654400922919,0.2231457800511509,9.673913043478262,1.9782608695652173,False,True,True,True,True,True,True,True,True,False,,False,14,7,5
Eryth,overall,10,0.9,0.01,4000,50,100,199,103,103,75,86,0.0622602950645278,0.0880296602312593,0.0189415572054064,0.510850942318675,1.831334475537788,False,True,True,True,True,True,True,True,True,False,,False,18,2,2
Eryth,overall,10,0.9,0.01,4000,50,250,500,119,119,104,113,0.0081857638888888,0.1370111652157596,0.0356074633243127,2.0984190286284004,2.688149836205669,False,True,True,True,True,True,True,True,True,False,,False,19,4,3
Eryth,overall,10,0.9,0.01,4000,50,500,1000,119,119,115,119,-0.0098430628994641,0.2430055656188463,0.0712149266486255,4.950007121492665,2.563666144423871,False,True,True,True,True,True,True,True,True,False,,False,19,5,3
Eryth,overall,10,0.9,0.01,4000,50,1000,2000,119,119,119,119,-0.0129579460260186,0.3733951191371978,0.1424298532972511,10.47308075772682,2.1375872382851444,False,True,True,True,True,True,True,True,True,False,,False,19,8,6
Eryth,overall,10,0.9,0.01,4000,75,100,192,109,109,81,89,0.031648747637051,0.0882710052434823,0.0163098878695209,0.441131498470948,1.829595650696568,False,True,True,True,True,True,True,True,True,False,,False,19,1,1
Eryth,overall,10,0.9,0.01,4000,75,250,488,136,136,114,127,0.0018111871758777,0.1183973593916642,0.0265795206971677,1.7038126361655774,2.991884531590414,False,True,True,True,True,True,True,True,True,False,,True,21,2,2
Eryth,overall,10,0.9,0.01,4000,75,500,972,137,137,126,136,-0.0024742147552958,0.1947610805095284,0.0521683125805066,3.853799914126234,2.5877522541863462,False,True,True,True,True,True,True,True,True,False,,True,21,5,3
Eryth,overall,10,0.9,0.01,4000,75,1000,1945,137,137,136,137,0.0079158971991382,0.3135774466733107,0.1043902962644912,8.47563331902104,2.312473164448261,False,True,True,True,True,True,True,True,True,False,,True,21,7,5
Eryth,overall,10,0.9,0.01,4000,100,100,193,111,111,80,90,0.0033819706994329,0.0635635635635635,0.0158067158067158,0.3904995904995905,1.7104832104832104,False,True,True,True,True,True,True,True,True,False,,True,20,2,2
Eryth,overall,10,0.9,0.01,4000,100,250,481,135,135,114,125,0.0032982890125747,0.1042083031426594,0.0265892758430071,1.6615809839690436,3.023272526257601,False,True,True,True,True,True,True,True,True,False,,True,21,2,2
Eryth,overall,10,0.9,0.01,4000,100,500,953,137,137,126,136,0.0164515201574979,0.1920945067722967,0.0511485616144267,3.798465006440532,2.6095427221983685,False,True,True,True,True,True,True,True,True,False,,True,21,5,3
Eryth,overall,10,0.9,0.01,4000,100,1000,1897,137,137,135,137,0.0121987741235777,0.3134508451233316,0.1018140832975526,8.195577501073423,2.310863031343924,False,True,True,True,True,True,True,True,True,False,,True,21,7,5
Eryth,overall,10,0.9,0.02,2000,10,100,200,36,36,35,36,0.019228650137741,0.3158061392130019,0.1587301587301587,3.769047619047619,2.257936507936508,False,True,True,True,True,True,True,True,False,False,,False,13,7,3
Eryth,overall,10,0.9,0.02,2000,10,250,368,36,36,36,36,-0.0250073353220206,0.502157616861368,0.2920634920634921,7.411111111111111,1.8277777777777773,False,True,True,True,True,True,True,True,False,False,,False,13,9,5
Eryth,overall,10,0.9,0.02,2000,10,500,367,36,36,36,36,-0.0243336411203447,0.5008992341956067,0.2912698412698413,7.388888888888889,1.831746031746032,False,True,True,True,True,True,True,True,False,False,,False,13,9,5
Eryth,overall,10,0.9,0.02,2000,10,1000,367,36,36,36,36,-0.0243336411203447,0.5008992341956067,0.2912698412698413,7.388888888888889,1.831746031746032,False,True,True,True,True,True,True,True,False,False,,False,13,9,5
Eryth,overall,10,0.9,0.02,2000,25,100,200,74,74,58,72,0.0466589681969975,0.1028613278613278,0.0370233246945575,1.3302480562754535,2.8609774157719365,False,True,True,True,True,True,True,True,True,False,,False,15,5,2
Eryth,overall,10,0.9,0.02,2000,25,250,500,74,74,69,74,0.0236653883694509,0.2490272249560174,0.0925583117363939,4.111069974083673,2.339503887449093,False,True,True,True,True,True,True,True,True,False,,False,15,7,3
Eryth,overall,10,0.9,0.02,2000,25,500,1000,73,73,72,73,-0.0031424918544378,0.4122266949483772,0.1902587519025875,9.303272450532724,1.962328767123288,False,True,True,True,True,True,True,True,True,False,,False,15,8,4
Eryth,overall,10,0.9,0.02,2000,25,1000,1169,74,74,74,74,-0.0086687316113502,0.4499175519694776,0.216401332839689,10.816549426138469,1.9355794150314696,False,True,True,True,True,True,True,True,True,False,,False,15,9,4
Eryth,overall,10,0.9,0.02,2000,50,100,199,105,105,73,88,0.0500635911666088,0.05858189429618,0.0182234432234432,0.5768315018315018,2.1696886446886445,False,True,True,True,True,True,True,True,True,False,,False,18,3,1
Eryth,overall,10,0.9,0.02,2000,50,250,500,122,122,100,120,0.0350540651010701,0.1250065692530037,0.0338707492209727,1.9201327733369464,2.778349817097954,False,True,True,True,True,True,True,True,True,False,,True,21,7,3
Eryth,overall,10,0.9,0.02,2000,50,500,1000,127,127,119,127,0.0346457757700685,0.1983108458826623,0.0624921884764404,4.545369328833896,2.503187101612298,False,True,True,True,True,True,True,True,True,False,,True,21,10,4
Eryth,overall,10,0.9,0.02,2000,50,1000,2000,124,124,123,124,0.013387556115574,0.3201838088707405,0.1311303435615001,10.583661159192236,2.112509834775767,False,True,True,True,True,True,True,True,True,False,,True,21,12,6
Eryth,overall,10,0.9,0.02,2000,75,100,197,108,108,78,90,0.0314132998895159,0.0567503998059553,0.0170474212530287,0.4501557632398754,1.850380754586362,False,True,True,True,True,True,True,True,True,False,,False,19,3,1
Eryth,overall,10,0.9,0.02,2000,75,250,496,135,135,111,129,0.046796038941736,0.1251664598190225,0.0274184632393587,1.6344941956882255,2.613543394140409,False,True,True,True,True,True,True,True,True,False,,True,21,6,3
Eryth,overall,10,0.9,0.02,2000,75,500,978,137,137,130,137,0.0291306667836205,0.1631700289505005,0.0524903392013739,4.146683125805066,2.6872048089308715,False,True,True,True,True,True,True,True,True,False,,True,21,9,4
Eryth,overall,10,0.9,0.02,2000,75,1000,1967,138,138,137,138,0.0241552518621386,0.2674824785002543,0.1040410451708452,9.182587538347615,2.2413519517613456,False,True,True,True,True,True,True,True,True,False,,True,21,12,6
Eryth,overall,10,0.9,0.02,2000,100,100,195,103,103,73,87,0.0356684284391889,0.0803474937398409,0.0185608223872073,0.5115172282505235,1.997430039977156,False,True,True,True,True,True,True,True,True,False,,False,19,4,1
Eryth,overall,10,0.9,0.02,2000,100,250,492,135,135,112,128,0.0436443702214406,0.1306048998630124,0.0271973466003316,1.7006633499170811,2.7235489220563847,False,True,True,True,True,True,True,True,True,False,,True,21,7,4
Eryth,overall,10,0.9,0.02,2000,100,500,981,137,137,132,136,0.0454640147361957,0.1652839784890426,0.0526513525118076,4.199763847144697,2.727082438814942,False,True,True,True,True,True,True,True,True,False,,True,21,10,5
Eryth,overall,10,0.9,0.02,2000,100,1000,1968,138,138,137,138,0.0200195716445812,0.2668186287659554,0.1040939384322437,9.18105363376706,2.246165238548609,False,True,True,True,True,True,True,True,True,False,,True,21,12,6
Eryth,overall,10,0.9,0.02,3000,10,100,200,36,36,36,36,0.0323097102735234,0.3652822720031183,0.1587301587301587,3.549206349206349,2.3626984126984127,False,True,True,True,True,True,True,True,False,False,,False,13,7,3
Eryth,overall,10,0.9,0.02,3000,10,250,456,36,36,36,36,-0.0259981655993051,0.6147812393896435,0.3619047619047619,9.384920634920634,1.6857142857142855,False,True,True,True,True,True,True,True,False,False,,False,11,10,6
Eryth,overall,10,0.9,0.02,3000,10,500,407,36,36,36,36,-0.0149566140269848,0.5924364609876718,0.323015873015873,8.05,1.7785714285714285,False,True,True,True,True,True,True,True,False,False,,False,13,9,5
Eryth,overall,10,0.9,0.02,3000,10,1000,407,36,36,36,36,-0.0149566140269848,0.5924364609876718,0.323015873015873,8.05,1.7785714285714285,False,True,True,True,True,True,True,True,False,False,,False,13,9,5
Eryth,overall,10,0.9,0.02,3000,25,100,200,73,73,62,70,0.0496239193533285,0.1533875941410188,0.0380517503805175,1.354261796042618,2.71613394216134,False,True,True,True,True,True,True,True,True,False,,False,15,4,2
Eryth,overall,10,0.9,0.02,3000,25,250,500,76,76,72,76,0.0372103806898378,0.225269645275428,0.087719298245614,4.034561403508772,2.403684210526316,False,True,True,True,True,True,True,True,True,False,,False,16,6,2
Eryth,overall,10,0.9,0.02,3000,25,500,1000,75,75,75,75,0.0135270130738524,0.3951994140819445,0.1801801801801801,9.193873873873876,1.9985585585585584,False,True,True,True,True,True,True,True,True,False,,False,15,8,4
Eryth,overall,10,0.9,0.02,3000,25,1000,1521,75,75,75,75,-0.0057313676481927,0.5399520905122336,0.274054054054054,14.391351351351352,1.7922522522522522,False,True,True,True,True,True,True,True,True,False,,False,15,10,5
Eryth,overall,10,0.9,0.02,3000,50,100,199,103,103,77,94,0.0569758948137326,0.0700648326861919,0.0189415572054064,0.6621930325528269,2.8668379973348563,False,True,True,True,True,True,True,True,True,False,,False,19,3,1
Eryth,overall,10,0.9,0.02,3000,50,250,500,122,122,109,120,0.0367238592449465,0.1295417470020322,0.0338707492209727,2.1163121528248205,3.0182902045793254,False,True,True,True,True,True,True,True,True,False,,True,21,6,3
Eryth,overall,10,0.9,0.02,3000,50,500,1000,122,122,119,122,0.0292214549125984,0.1889387699677104,0.0677414984419455,5.131012057986723,2.5419319875355644,False,True,True,True,True,True,True,True,True,False,,True,21,9,5
Eryth,overall,10,0.9,0.02,3000,50,1000,2000,121,121,121,121,0.0050491393847621,0.3363426953349036,0.1377410468319559,11.112465564738292,2.087878787878788,False,True,True,True,True,True,True,True,True,False,,True,21,13,7
Eryth,overall,10,0.9,0.02,3000,75,100,198,113,113,82,101,0.050299488677867,0.0794966095851051,0.0156447534766118,0.5136694058154235,2.6099873577749686,False,True,True,True,True,True,True,True,True,False,,False,19,3,1
Eryth,overall,10,0.9,0.02,3000,75,250,494,138,138,118,135,0.0380963882282996,0.11928024200391,0.0261292711308579,1.7581191156246694,3.049455199407596,False,True,True,True,True,True,True,True,True,False,,False,20,5,2
Eryth,overall,10,0.9,0.02,3000,75,500,989,139,139,137,139,0.0381066942248025,0.1561121181216599,0.0515587529976019,4.335992075904493,2.815451986237097,False,True,True,True,True,True,True,True,True,False,,True,21,8,4
Eryth,overall,10,0.9,0.02,3000,75,1000,1971,139,139,139,139,0.0245274150763604,0.2650737878749035,0.1027525805442602,9.316807423626315,2.25377958502763,False,True,True,True,True,True,True,True,True,False,,True,21,13,7
Eryth,overall,10,0.9,0.02,3000,100,100,194,108,108,75,99,0.0558054582779857,0.0920614878948212,0.0167878158532364,0.5193838698511596,2.504672897196261,False,True,True,True,True,True,True,True,True,False,,False,19,3,1
Eryth,overall,10,0.9,0.02,3000,100,250,489,138,138,118,135,0.0467906790488358,0.1075807016677254,0.0258648048238654,1.7383899291230298,3.1327620861102297,False,True,True,True,True,True,True,True,True,False,,False,20,6,3
Eryth,overall,10,0.9,0.02,3000,100,500,976,139,139,135,139,0.0368334490165307,0.1565713597357426,0.0508810343029923,4.276717756229798,2.742727557084767,False,True,True,True,True,True,True,True,True,False,,True,21,8,4
Eryth,overall,10,0.9,0.02,3000,100,1000,1945,139,139,139,139,0.0296172856709073,0.26422628215568,0.1013971431550411,9.138098217078513,2.270878949014701,False,True,True,True,True,True,True,True,True,False,,True,21,13,7
Eryth,overall,10,0.9,0.02,4000,10,100,200,35,35,33,35,0.000961678037451,0.386490314197081,0.1680672268907563,3.6327731092436975,2.132773109243697,False,True,True,True,True,True,True,True,False,False,,False,13,7,3
Eryth,overall,10,0.9,0.02,4000,10,250,478,35,35,35,35,-0.0192677682209144,0.7163968145181314,0.4016806722689076,9.976470588235294,1.6504201680672268,False,True,True,True,True,True,True,True,False,False,,False,13,10,5
Eryth,overall,10,0.9,0.02,4000,10,500,477,35,35,35,35,-0.0187022222222222,0.7144731166728242,0.4008403361344538,9.963865546218488,1.6521008403361344,False,True,True,True,True,True,True,True,False,False,,False,13,10,5
Eryth,overall,10,0.9,0.02,4000,10,1000,486,36,36,36,36,-0.0211944999284199,0.7001306617706876,0.3857142857142857,9.731746031746033,1.6904761904761905,False,True,True,True,True,True,True,True,False,False,,False,13,10,5
Eryth,overall,10,0.9,0.02,4000,25,100,200,73,73,61,67,0.0368180596613813,0.127682598089528,0.0380517503805175,1.3352359208523592,2.698630136986301,False,True,True,True,True,True,True,True,True,False,,False,15,4,2
Eryth,overall,10,0.9,0.02,4000,25,250,500,74,74,70,74,0.0399740996294097,0.2623377913504791,0.0925583117363939,4.270085153646797,2.31673454276194,False,True,True,True,True,True,True,True,True,False,,False,15,7,3
Eryth,overall,10,0.9,0.02,4000,25,500,1000,74,74,74,74,0.01893900770829,0.4231363357881111,0.1851166234727878,9.312847093669012,1.9705664568678267,False,True,True,True,True,True,True,True,True,False,,False,15,8,4
Eryth,overall,10,0.9,0.02,4000,25,1000,1625,74,74,74,74,-0.0145832120424097,0.6201636674973073,0.3008145131432803,15.264716771566087,1.766197704553869,False,True,True,True,True,True,True,True,True,False,,False,15,13,7
Eryth,overall,10,0.9,0.02,4000,50,100,198,105,105,76,97,0.0418346322673116,0.0645449259734973,0.0181318681318681,0.5307692307692308,2.3,False,True,True,True,True,True,True,True,True,False,,False,18,2,1
Eryth,overall,10,0.9,0.02,4000,50,250,500,123,123,105,122,0.0309979521292724,0.1259884183825407,0.0333200053312008,2.079234972677596,2.854191656670665,False,True,True,True,True,True,True,True,True,False,,True,21,7,4
Eryth,overall,10,0.9,0.02,4000,50,500,1000,125,125,120,125,0.0223394007529073,0.2012204187346145,0.064516129032258,4.808258064516129,2.5544516129032258,False,True,True,True,True,True,True,True,True,False,,True,21,9,5
Eryth,overall,10,0.9,0.02,4000,50,1000,2000,124,124,124,124,0.0043836269591048,0.3206611791126259,0.1311303435615001,10.739902963545765,2.115919223708366,False,True,True,True,True,True,True,True,True,False,,True,21,12,7
Eryth,overall,10,0.9,0.02,4000,75,100,197,116,116,78,105,0.0321256391526662,0.0517191620639896,0.014767616191904,0.4902548725637181,2.3969265367316344,False,True,True,True,True,True,True,True,True,False,,True,20,2,1
Eryth,overall,10,0.9,0.02,4000,75,250,499,140,140,114,136,0.0482556318959641,0.0938269367371534,0.0256423432682425,1.6760020554984585,2.856628982528263,False,True,True,True,True,True,True,True,True,False,,True,21,4,2
Eryth,overall,10,0.9,0.02,4000,75,500,989,139,139,132,139,0.0331851944947744,0.1712701886757216,0.0515587529976019,4.238609112709832,2.744552184339485,False,True,True,True,True,True,True,True,True,False,,True,21,8,4
Eryth,overall,10,0.9,0.02,4000,75,1000,1971,139,139,139,139,0.0155894356209808,0.2656047396221118,0.1027525805442602,9.238087790637056,2.2533625273694087,False,True,True,True,True,True,True,True,True,False,,True,21,11,6
Eryth,overall,10,0.9,0.02,4000,100,100,198,120,120,79,107,0.0285824587491778,0.0471248196248196,0.0138655462184873,0.4362745098039216,2.2735994397759103,False,True,True,True,True,True,True,True,True,False,,True,20,2,1
Eryth,overall,10,0.9,0.02,4000,100,250,496,137,137,120,134,0.0290310339011637,0.0879119448192462,0.0266208673250322,1.8629776728209533,3.27871404036067,False,True,True,True,True,True,True,True,True,False,,True,21,6,4
Eryth,overall,10,0.9,0.02,4000,100,500,989,139,139,132,139,0.0419928646389685,0.1681005770042046,0.0515587529976019,4.252632676467521,2.727557084766969,False,True,True,True,True,True,True,True,True,False,,True,21,9,5
Eryth,overall,10,0.9,0.02,4000,100,1000,1971,139,139,139,139,0.0178358843793565,0.2651310640216131,0.1027525805442602,9.25821082264623,2.2525284120529663,False,True,True,True,True,True,True,True,True,False,,True,21,11,6
Eryth,overall,10,0.9,0.03,2000,10,100,200,36,36,35,36,0.0559708872275621,0.3101096028727608,0.1587301587301587,3.795238095238095,2.1880952380952383,False,True,True,True,True,True,True,True,False,False,,False,13,5,1
Eryth,overall,10,0.9,0.03,2000,10,250,425,36,36,36,36,0.0084722384322379,0.5455333956103651,0.3373015873015873,8.822222222222223,1.726984126984127,False,True,True,True,True,True,True,True,False,False,,False,13,11,7
Eryth,overall,10,0.9,0.03,2000,10,500,426,36,36,36,36,0.007800640917524,0.5488359645329891,0.3380952380952381,8.832539682539682,1.7261904761904765,False,True,True,True,True,True,True,True,False,False,,False,13,11,7
Eryth,overall,10,0.9,0.03,2000,10,1000,425,36,36,36,36,0.0084722384322379,0.5455333956103651,0.3373015873015873,8.822222222222223,1.726984126984127,False,True,True,True,True,True,True,True,False,False,,False,13,11,7
Eryth,overall,10,0.9,0.03,2000,25,100,199,67,67,52,66,0.0592067894015837,0.1857798917500409,0.0450022614201718,1.130031659882406,2.421754862053369,False,True,True,True,True,True,True,True,True,False,,False,14,5,1
Eryth,overall,10,0.9,0.03,2000,25,250,500,72,72,70,72,0.0609842248131007,0.2498144175652243,0.0978090766823161,4.409233176838811,2.28462441314554,False,True,True,True,True,True,True,True,True,False,,False,15,6,2
Eryth,overall,10,0.9,0.03,2000,25,500,1000,73,73,73,73,0.0276448661572472,0.3939288082597023,0.1902587519025875,9.601978691019786,1.9667047184170472,False,True,True,True,True,True,True,True,True,False,,False,15,11,7
Eryth,overall,10,0.9,0.03,2000,25,1000,1131,70,70,70,70,0.0098163326745444,0.4617536050376705,0.2341614906832298,11.443271221532092,1.8716356107660448,False,True,True,True,True,True,True,True,True,False,,False,15,11,7
Eryth,overall,10,0.9,0.03,2000,50,100,197,103,103,70,94,0.1520955025695042,0.088939000589486,0.0187511897963068,0.3996763754045307,1.2522368170569198,False,True,True,True,True,True,True,True,True,False,,False,16,4,1
Eryth,overall,10,0.9,0.03,2000,50,250,500,122,122,100,120,0.1226542688081149,0.1509124455749664,0.0338707492209727,1.8548977103373527,2.622341146186153,False,True,True,True,True,True,True,True,True,False,,True,20,5,1
Eryth,overall,10,0.9,0.03,2000,50,500,1000,123,123,118,123,0.0669430162701465,0.2162037136148296,0.0666400106624017,5.031587365053978,2.5343862455018,False,True,True,True,True,True,True,True,True,False,,True,20,6,1
Eryth,overall,10,0.9,0.03,2000,50,1000,2000,123,123,123,123,0.0374545489042271,0.3075546019654495,0.1332800213248034,11.162801546048248,2.090963614554178,False,True,True,True,True,True,True,True,True,False,,True,20,11,5
Eryth,overall,10,0.9,0.03,2000,75,100,197,115,115,73,102,0.1575574638429752,0.0418349766175853,0.0150266971777269,0.2758199847444699,1.054233409610984,False,True,True,True,True,True,True,True,True,False,,False,19,5,2
Eryth,overall,10,0.9,0.03,2000,75,250,497,135,135,111,130,0.1163022797331379,0.1311123073929735,0.0274737423991155,1.5039800995024877,2.762962962962963,False,True,True,True,True,True,True,True,True,False,,True,21,6,2
Eryth,overall,10,0.9,0.03,2000,75,500,1000,140,140,133,140,0.0668230268255397,0.1814215590585981,0.0513874614594039,4.239773895169579,2.7112538540596094,False,True,True,True,True,True,True,True,True,False,,True,21,8,3
Eryth,overall,10,0.9,0.03,2000,75,1000,2000,140,140,140,140,0.0395383934294507,0.2621838096320022,0.1027749229188078,9.456269270298048,2.244295991778006,False,True,True,True,True,True,True,True,True,False,,True,21,12,6
Eryth,overall,10,0.9,0.03,2000,100,100,197,115,115,72,102,0.1138745107940916,0.052696385739864,0.0150266971777269,0.3009916094584287,1.0501906941266208,False,True,True,True,True,True,True,True,True,False,,False,18,4,1
Eryth,overall,10,0.9,0.03,2000,100,250,500,137,137,113,132,0.1130577594338493,0.1298660313750173,0.0268355517389437,1.589630742808072,2.946865607556892,False,True,True,True,True,True,True,True,True,False,,True,21,6,2
Eryth,overall,10,0.9,0.03,2000,100,500,987,141,141,134,139,0.0998816369632999,0.172423928239201,0.05,4.122998986828774,2.6497973657548126,False,True,True,True,True,True,True,True,True,False,,True,21,7,2
Eryth,overall,10,0.9,0.03,2000,100,1000,1980,140,140,140,140,0.0483329365111945,0.257689375329057,0.1017471736896197,9.3775950668037,2.250513874614594,False,True,True,True,True,True,True,True,True,False,,True,21,11,5
Eryth,overall,10,0.9,0.03,3000,10,100,200,36,36,35,36,0.0408013923499861,0.2690724399057733,0.1587301587301587,3.811111111111111,2.238888888888889,False,True,True,True,True,True,True,True,False,False,,False,12,6,2
Eryth,overall,10,0.9,0.03,3000,10,250,482,36,36,36,36,-0.0002688409344429,0.6029878843757637,0.3825396825396825,10.323809523809524,1.6555555555555554,False,True,True,True,True,True,True,True,False,False,,False,12,11,7
Eryth,overall,10,0.9,0.03,3000,10,500,550,36,36,36,36,-0.0067433262759875,0.6692465839120026,0.4365079365079365,11.876984126984128,1.5809523809523809,False,True,True,True,True,True,True,True,False,False,,False,12,11,7
Eryth,overall,10,0.9,0.03,3000,10,1000,548,36,36,36,36,-0.0059350270720533,0.6676520839650497,0.4349206349206349,11.852380952380951,1.5833333333333333,False,True,True,True,True,True,True,True,False,False,,False,12,11,7
Eryth,overall,10,0.9,0.03,3000,25,100,200,71,71,54,69,0.0596655328798186,0.1213634277755849,0.0402414486921529,1.140040241448692,2.530583501006036,False,True,True,True,True,True,True,True,True,False,,False,15,5,1
Eryth,overall,10,0.9,0.03,3000,25,250,500,73,73,67,73,0.0581601013188924,0.254953775578696,0.0951293759512937,4.072488584474886,2.2060502283105023,False,True,True,True,True,True,True,True,True,False,,False,15,6,2
Eryth,overall,10,0.9,0.03,3000,25,500,1000,73,73,73,73,0.0160408625399725,0.4022432112585248,0.1902587519025875,9.55517503805175,1.978310502283105,False,True,True,True,True,True,True,True,True,False,,False,15,11,7
Eryth,overall,10,0.9,0.03,3000,25,1000,1595,73,73,73,73,0.0021070237917708,0.5508976001181636,0.3034627092846271,15.97659817351598,1.7340182648401827,False,True,True,True,True,True,True,True,True,False,,False,15,11,7
Eryth,overall,10,0.9,0.03,3000,50,100,198,103,103,66,97,0.101957967189014,0.0842124434357443,0.0188463735008566,0.4290881401104131,1.175709118598896,False,True,True,True,True,True,True,True,True,False,,False,19,3,1
Eryth,overall,10,0.9,0.03,3000,50,250,500,121,121,97,121,0.0916423179936693,0.1432077571903182,0.0344352617079889,2.0674242424242424,2.786501377410468,False,True,True,True,True,True,True,True,True,False,,True,21,6,3
Eryth,overall,10,0.9,0.03,3000,50,500,1000,122,122,115,122,0.0809214479248149,0.1953393891571623,0.0677414984419455,4.9777130470126,2.4697872916948924,False,True,True,True,True,True,True,True,True,False,,True,20,9,4
Eryth,overall,10,0.9,0.03,3000,50,1000,2000,121,121,121,121,0.0285925316082725,0.3077481191169732,0.1377410468319559,11.370936639118458,2.078994490358127,False,True,True,True,True,True,True,True,True,False,,True,21,12,6
Eryth,overall,10,0.9,0.03,3000,75,100,197,120,120,78,107,0.130536308415494,0.0426725589225589,0.0137955182072829,0.3488095238095238,1.6561624649859945,False,True,True,True,True,True,True,True,True,False,,False,18,4,1
Eryth,overall,10,0.9,0.03,3000,75,250,500,140,140,118,137,0.1017694111631702,0.0998121532995482,0.0256937307297019,1.6570914696813976,3.1247687564234328,False,True,True,True,True,True,True,True,True,False,,True,21,5,2
Eryth,overall,10,0.9,0.03,3000,75,500,1000,142,142,133,142,0.078019286661655,0.1607768927646945,0.0499450604335231,4.15353111577265,2.7354909599440616,False,True,True,True,True,True,True,True,True,False,,True,21,8,3
Eryth,overall,10,0.9,0.03,3000,75,1000,1981,141,141,141,141,0.0472126379076376,0.2474030201715935,0.100354609929078,9.327710233029382,2.276393110435664,False,True,True,True,True,True,True,True,True,False,,True,21,11,5
Eryth,overall,10,0.9,0.03,3000,100,100,199,114,114,72,102,0.1102025529789957,0.0673574963048647,0.0154479118149355,0.3455208818506443,1.1625523986958546,False,True,True,True,True,True,True,True,True,False,,False,18,3,1
Eryth,overall,10,0.9,0.03,3000,100,250,500,140,140,118,137,0.1164891028067708,0.1046428279323015,0.0256937307297019,1.6616649537512846,3.143473792394656,False,True,True,True,True,True,True,True,True,False,,True,21,5,2
Eryth,overall,10,0.9,0.03,3000,100,500,1000,142,142,132,142,0.0893753246581867,0.1655859123237073,0.0499450604335231,4.169363699930077,2.712166616721606,False,True,True,True,True,True,True,True,True,False,,True,21,8,3
Eryth,overall,10,0.9,0.03,3000,100,1000,2000,143,143,143,143,0.0449011270352546,0.2499674643546546,0.0984930562395351,9.370333891460652,2.2668669358810205,False,True,True,True,True,True,True,True,True,False,,True,21,9,4
Eryth,overall,10,0.9,0.03,4000,10,100,200,36,36,35,36,0.0406827261579842,0.3301316965532652,0.1587301587301587,3.684920634920634,2.2357142857142858,False,True,True,True,True,True,True,True,False,False,,False,13,5,1
Eryth,overall,10,0.9,0.03,4000,10,250,487,36,36,36,36,-0.006021901964802,0.6270425245139579,0.3865079365079365,10.377777777777778,1.6412698412698412,False,True,True,True,True,True,True,True,False,False,,False,13,11,7
Eryth,overall,10,0.9,0.03,4000,10,500,547,36,36,36,36,-0.0329264191765698,0.6820677971945108,0.4341269841269841,11.556349206349209,1.592063492063492,False,True,True,True,True,True,True,True,False,False,,False,12,11,7
Eryth,overall,10,0.9,0.03,4000,10,1000,548,36,36,36,36,-0.0336733920860584,0.6797730839062148,0.4349206349206349,11.643650793650794,1.5912698412698412,False,True,True,True,True,True,True,True,False,False,,False,12,11,7
Eryth,overall,10,0.9,0.03,4000,25,100,200,70,70,55,68,0.0869840292739646,0.1291936092312032,0.041407867494824,1.075569358178054,2.110351966873706,False,True,True,True,True,True,True,True,True,False,,False,15,5,1
Eryth,overall,10,0.9,0.03,4000,25,250,500,72,72,68,71,0.0783856138453218,0.2692770013783944,0.0978090766823161,4.301447574334898,2.345266040688576,False,True,True,True,True,True,True,True,True,False,,False,15,6,2
Eryth,overall,10,0.9,0.03,4000,25,500,1000,72,72,72,72,0.0313478540518277,0.4251370023424308,0.1956181533646322,9.710876369327073,1.965962441314554,False,True,True,True,True,True,True,True,True,False,,False,15,8,4
Eryth,overall,10,0.9,0.03,4000,25,1000,1782,72,72,72,72,0.0045252719697065,0.626826263203816,0.3485915492957746,18.25058685446009,1.6752738654147106,False,True,True,True,True,True,True,True,True,False,,False,15,11,6
Eryth,overall,10,0.9,0.03,4000,50,100,198,106,106,70,94,0.0913361006210792,0.0548170906661472,0.0177897574123989,0.4123090745732255,1.4952380952380953,False,True,True,True,True,True,True,True,True,False,,False,18,4,1
Eryth,overall,10,0.9,0.03,4000,50,250,494,122,122,104,122,0.1026915793460421,0.114840917300568,0.0334643002303211,2.136566860858962,2.926635957187373,False,True,True,True,True,True,True,True,True,False,,True,20,5,1
Eryth,overall,10,0.9,0.03,4000,50,500,1000,122,122,114,122,0.0733300620643746,0.19516447628309,0.0677414984419455,4.907736079122071,2.508061238314592,False,True,True,True,True,True,True,True,True,False,,True,20,6,2
Eryth,overall,10,0.9,0.03,4000,50,1000,2000,121,121,121,121,0.0331079319326902,0.3180372105076529,0.1377410468319559,11.353581267217631,2.0735537190082645,False,True,True,True,True,True,True,True,True,False,,True,20,10,4
Eryth,overall,10,0.9,0.03,4000,75,100,198,115,115,76,100,0.0608773095036831,0.0457625948930296,0.0151029748283752,0.2819221967963387,1.132418001525553,False,True,True,True,True,True,True,True,True,False,,False,19,4,1
Eryth,overall,10,0.9,0.03,4000,75,250,500,141,141,122,138,0.0800674171291219,0.1132871482766087,0.0253292806484295,1.5221377912867275,3.061043566362715,False,True,True,True,True,True,True,True,True,False,,True,21,4,1
Eryth,overall,10,0.9,0.03,4000,75,500,1000,141,141,131,141,0.0709331422258054,0.1597660788504891,0.0506585612968591,4.172948328267477,2.7444275582573456,False,True,True,True,True,True,True,True,True,False,,True,21,7,3
Eryth,overall,10,0.9,0.03,4000,75,1000,2000,141,141,141,141,0.0406343467118492,0.2513287238064136,0.1013171225937183,9.42355623100304,2.263525835866261,False,True,True,True,True,True,True,True,True,False,,True,21,7,3
Eryth,overall,10,0.9,0.03,4000,100,100,195,117,117,76,102,0.0827667656165214,0.0439276772610106,0.014367816091954,0.2608311229000884,1.1057323902151488,False,True,True,True,True,True,True,True,True,False,,False,19,4,1
Eryth,overall,10,0.9,0.03,4000,100,250,496,141,141,119,137,0.0820522022998903,0.0969519588385275,0.0251266464032421,1.5167679837892605,3.068693009118541,False,True,True,True,True,True,True,True,True,False,,True,21,4,1
Eryth,overall,10,0.9,0.03,4000,100,500,993,141,141,131,141,0.071326824651662,0.1596416440647835,0.0503039513677811,4.081155015197568,2.778267477203648,False,True,True,True,True,True,True,True,True,False,,True,21,7,3
Eryth,overall,10,0.9,0.03,4000,100,1000,1982,141,141,141,141,0.0484198370837364,0.244388261476473,0.1004052684903748,9.358409321175278,2.273758865248227,False,True,True,True,True,True,True,True,True,False,,True,21,7,3
Eryth,overall,5,0.5,0.005,2000,10,100,200,32,32,31,31,0.0054235537190082,0.4394157136078576,0.2016129032258064,3.867943548387097,1.907258064516129,False,True,True,False,False,True,True,True,True,False,,False,11,5,3
Eryth,overall,5,0.5,0.005,2000,10,250,281,32,32,32,31,-0.0209789035205589,0.5571793178227,0.283266129032258,5.880040322580645,1.839717741935484,False,True,True,False,False,True,True,True,True,False,,False,11,5,3
Eryth,overall,5,0.5,0.005,2000,10,500,280,32,32,32,31,-0.0197801825602465,0.551323702272791,0.282258064516129,5.86491935483871,1.841733870967742,False,True,True,False,False,True,True,True,True,False,,False,11,5,3
Eryth,overall,5,0.5,0.005,2000,10,1000,280,32,32,32,31,-0.0197801825602465,0.551323702272791,0.282258064516129,5.86491935483871,1.841733870967742,False,True,True,False,False,True,True,True,True,False,,False,11,5,3
Eryth,overall,5,0.5,0.005,2000,25,100,200,69,69,58,66,0.0390872566772295,0.0937110393632132,0.0426257459505541,1.4857203751065644,2.857203751065644,False,True,True,True,False,True,True,True,True,False,,False,16,3,3
Eryth,overall,5,0.5,0.005,2000,25,250,500,73,73,71,71,0.0143316279679916,0.2757559461243313,0.0951293759512937,3.855022831050228,2.4162861491628616,False,True,True,True,False,True,True,True,True,False,,False,16,5,3
Eryth,overall,5,0.5,0.005,2000,25,500,814,73,73,73,72,-0.0072194678370941,0.4284128186510171,0.1548706240487062,6.5095129375951295,2.1645738203957383,False,True,True,True,False,True,True,True,True,False,,False,16,7,4
Eryth,overall,5,0.5,0.005,2000,25,1000,825,75,75,75,73,-0.00731738495252,0.4141111101391458,0.1486486486486486,6.513153153153153,2.108828828828829,False,True,True,True,False,True,True,True,True,False,,True,17,11,9
Eryth,overall,5,0.5,0.005,2000,50,100,188,98,98,68,84,0.049779969414188,0.0661078717201166,0.0197769829581317,0.527666736797812,1.8121186618977487,False,True,True,True,True,True,True,True,True,False,,False,20,3,3
Eryth,overall,5,0.5,0.005,2000,50,250,470,117,117,97,113,0.0489208882892445,0.139621579340491,0.0346301208370173,1.865310934276452,2.527040966696139,False,True,True,True,True,True,True,True,True,False,,False,21,4,3
Eryth,overall,5,0.5,0.005,2000,50,500,938,121,121,113,118,0.0172126262619872,0.2151259681000074,0.0646005509641873,4.019490358126721,2.48099173553719,False,True,True,True,True,True,True,True,True,False,,True,22,6,4
Eryth,overall,5,0.5,0.005,2000,50,1000,1805,121,121,117,119,6.926729024942652e-05,0.3629942667506607,0.1243112947658402,8.285674931129476,2.0798209366391185,False,True,True,True,True,True,True,True,True,False,,True,22,11,9
Eryth,overall,5,0.5,0.005,2000,75,100,193,114,114,77,90,0.0553077741020794,0.0661514898357003,0.0149821456295606,0.3346530041918956,1.3297624592454589,False,True,True,True,True,True,True,True,True,False,,False,20,3,3
Eryth,overall,5,0.5,0.005,2000,75,250,470,133,133,109,126,0.0474530607027497,0.0901179939525803,0.0267714741398951,1.491114149008886,2.7094440647072227,False,True,True,True,True,True,True,True,True,False,,True,22,3,3
Eryth,overall,5,0.5,0.005,2000,75,500,934,138,138,128,134,0.0324523418760257,0.1893801246117191,0.0494023061461969,3.347085581296943,2.580503543848513,False,True,True,True,True,True,True,True,True,False,,True,22,8,6
Eryth,overall,5,0.5,0.005,2000,75,1000,1848,136,136,135,135,0.0089436047323092,0.3054146818114941,0.1006535947712418,7.4639433551198255,2.3386710239651416,False,True,True,True,True,True,True,True,True,False,,True,22,7,5
Eryth,overall,5,0.5,0.005,2000,100,100,193,115,115,79,91,0.0673630387143901,0.0710351966873705,0.0147215865751334,0.3235697940503432,1.2827612509534707,False,True,True,True,True,True,True,True,True,False,,False,21,3,3
Eryth,overall,5,0.5,0.005,2000,100,250,459,132,132,107,123,0.0490973411284393,0.0941904694882123,0.0265440666204025,1.4472588480222068,2.5949572056442287,False,True,True,True,True,True,True,True,True,False,,True,22,3,3
Eryth,overall,5,0.5,0.005,2000,100,500,912,138,138,126,133,0.0294213187021294,0.1924459735647386,0.04823865439543,3.2344758277795407,2.584787898021792,False,True,True,True,True,True,True,True,True,False,,True,22,5,3
Eryth,overall,5,0.5,0.005,2000,100,1000,1824,139,139,138,138,0.0177985758582264,0.2965800074271541,0.0950891460744448,7.100823688874987,2.382181211552497,False,True,True,True,True,True,True,True,True,False,,True,22,7,5
Eryth,overall,5,0.5,0.005,3000,10,100,200,32,32,31,31,0.0100496239193533,0.4488785667699173,0.2016129032258064,3.8336693548387095,1.8931451612903225,False,True,True,False,False,True,True,True,True,False,,False,11,5,3
Eryth,overall,5,0.5,0.005,3000,10,250,306,32,32,32,31,-0.0307226771092915,0.6205377867830336,0.3084677419354839,6.256048387096774,1.7983870967741935,False,True,True,False,False,True,True,True,True,False,,False,11,5,3
Eryth,overall,5,0.5,0.005,3000,10,500,267,33,33,33,30,-0.03203213610586,0.6247580157894773,0.2528409090909091,4.74905303030303,1.7424242424242424,False,True,True,True,False,True,True,True,False,False,,False,11,7,4
Eryth,overall,5,0.5,0.005,3000,10,1000,306,32,32,32,31,-0.0307226771092915,0.6205377867830336,0.3084677419354839,6.256048387096774,1.7983870967741935,False,True,True,False,False,True,True,True,True,False,,False,11,5,3
Eryth,overall,5,0.5,0.005,3000,25,100,200,69,69,55,66,0.0389773799651119,0.0987542248411813,0.0426257459505541,1.4262574595055413,2.665174765558397,False,True,True,True,False,True,True,True,True,False,,False,16,3,3
Eryth,overall,5,0.5,0.005,3000,25,250,500,74,74,72,72,0.0115329779174763,0.2775451399969764,0.0925583117363939,3.869307663828212,2.463717141799333,False,True,True,True,False,True,True,True,True,False,,False,16,7,5
Eryth,overall,5,0.5,0.005,3000,25,500,965,75,75,75,74,-0.0120987536068773,0.4881218538324438,0.1738738738738738,7.532252252252253,2.078918918918919,False,True,True,True,False,True,True,True,True,False,,False,16,9,7
Eryth,overall,5,0.5,0.005,3000,25,1000,896,74,74,74,73,-0.0103851283160323,0.4803427608659003,0.1658644946316179,7.005923731951129,2.1129211403184005,False,True,True,True,False,True,True,True,True,False,,False,16,7,4
Eryth,overall,5,0.5,0.005,3000,50,100,197,99,99,69,87,0.0513454774228602,0.1009707464252918,0.0203050917336631,0.5432900432900433,1.766955266955267,False,True,True,True,True,True,True,True,True,False,,False,20,2,2
Eryth,overall,5,0.5,0.005,3000,50,250,486,119,119,96,113,0.0298907441764584,0.1604936355185435,0.034610454351232,1.790058396239852,2.352585101837345,False,True,True,True,True,True,True,True,True,False,,True,22,3,3
Eryth,overall,5,0.5,0.005,3000,50,500,943,121,121,110,118,0.0140663399174435,0.2506731666898727,0.0649449035812672,3.858195592286501,2.337741046831956,False,True,True,True,True,True,True,True,True,False,,True,22,8,6
Eryth,overall,5,0.5,0.005,3000,50,1000,1942,124,124,120,123,-0.0061754317111459,0.3912703587742131,0.1273275635982166,8.444531864673486,2.104248623131393,False,True,True,True,True,True,True,True,True,False,,True,22,8,5
Eryth,overall,5,0.5,0.005,3000,75,100,192,116,116,80,91,0.0620569470699432,0.0975779967159277,0.0143928035982009,0.35,1.6336581709145428,False,True,True,True,True,True,True,True,True,False,,True,22,2,2
Eryth,overall,5,0.5,0.005,3000,75,250,473,135,135,113,124,0.032102403091414,0.1027994018832224,0.026147042564953,1.3656716417910448,2.6100608070757323,False,True,True,True,True,True,True,True,True,False,,True,22,5,5
Eryth,overall,5,0.5,0.005,3000,75,500,938,138,138,129,132,0.0399431501116071,0.1944838825095255,0.0496138791917909,3.4146302761028244,2.5927747804929653,False,True,True,True,True,True,True,True,True,False,,True,22,7,6
Eryth,overall,5,0.5,0.005,3000,75,1000,1876,140,140,140,139,0.0081208049607195,0.3210076337801112,0.0964028776978417,7.468242548818089,2.35693730729702,False,True,True,True,True,True,True,True,True,False,,True,22,10,8
Eryth,overall,5,0.5,0.005,3000,100,100,189,115,115,87,90,0.0759567901234568,0.0618884497145366,0.01441647597254,0.4282990083905416,2.1292906178489703,False,True,True,True,True,True,True,True,True,False,,True,21,3,3
Eryth,overall,5,0.5,0.005,3000,100,250,469,137,137,116,125,0.0465804002930172,0.1052812736441354,0.0251717475311292,1.3122048089308715,2.5790575354229284,False,True,True,True,True,True,True,True,True,False,,True,22,5,5
Eryth,overall,5,0.5,0.005,3000,100,500,930,140,140,129,134,0.0464761636636636,0.1862597732406578,0.0477903391572456,3.3182425488180884,2.5664953751284685,False,True,True,True,True,True,True,True,True,False,,True,22,6,5
Eryth,overall,5,0.5,0.005,3000,100,1000,1828,138,138,138,137,0.0089790267695704,0.3135098352075469,0.096688881836454,7.299322966254099,2.35316830635777,False,True,True,True,True,True,True,True,True,False,,True,22,6,4
Eryth,overall,5,0.5,0.005,4000,10,100,200,32,32,31,31,0.0041977466371211,0.4391135921611927,0.2016129032258064,3.8296370967741935,1.8971774193548387,False,True,True,False,False,True,True,True,True,False,,False,11,5,3
Eryth,overall,5,0.5,0.005,4000,10,250,295,32,32,32,30,-0.0273817762399077,0.6319202825571031,0.2973790322580645,5.912298387096774,1.748991935483871,False,True,True,False,False,True,True,True,True,False,,False,11,5,3
Eryth,overall,5,0.5,0.005,4000,10,500,295,32,32,32,30,-0.0273817762399077,0.631920282557103,0.2973790322580645,5.912298387096774,1.748991935483871,False,True,True,False,False,True,True,True,True,False,,False,11,5,3
Eryth,overall,5,0.5,0.005,4000,10,1000,295,32,32,32,30,-0.0273817762399077,0.631920282557103,0.2973790322580645,5.912298387096774,1.748991935483871,False,True,True,False,False,True,True,True,True,False,,False,11,5,3
Eryth,overall,5,0.5,0.005,4000,25,100,200,69,69,55,66,0.0393062426720809,0.0996611279219974,0.0426257459505541,1.4245524296675192,2.6297953964194374,False,True,True,True,False,True,True,True,True,False,,False,16,2,2
Eryth,overall,5,0.5,0.005,4000,25,250,500,74,74,72,71,0.0103604491744196,0.2632983310095837,0.0925583117363939,3.820807108478341,2.3687523139577933,False,True,True,True,False,True,True,True,True,False,,False,16,5,3
Eryth,overall,5,0.5,0.005,4000,25,500,896,74,74,74,73,-0.0103851283160323,0.4803427608659003,0.1658644946316179,7.005923731951129,2.1129211403184005,False,True,True,True,False,True,True,True,True,False,,False,16,7,4
Eryth,overall,5,0.5,0.005,4000,25,1000,896,74,74,74,73,-0.0103851283160323,0.4803427608659003,0.1658644946316179,7.005923731951129,2.1129211403184005,False,True,True,True,False,True,True,True,True,False,,False,16,7,4
Eryth,overall,5,0.5,0.005,4000,50,100,197,100,100,68,87,0.061225657010495,0.1078708513708514,0.0198989898989899,0.50010101010101,1.6547474747474749,False,True,True,True,True,True,True,True,True,False,,False,20,2,2
Eryth,overall,5,0.5,0.005,4000,50,250,486,119,119,95,114,0.0295885571859597,0.1462130715442628,0.034610454351232,1.7449793476712718,2.334140435835351,False,True,True,True,True,True,True,True,True,False,,True,22,3,3
Eryth,overall,5,0.5,0.005,4000,50,500,968,124,124,112,120,0.0099942189848537,0.270552084952551,0.063467086283766,3.9383031733543135,2.321007081038552,False,True,True,True,True,True,True,True,True,False,,True,22,6,4
Eryth,overall,5,0.5,0.005,4000,50,1000,1942,124,124,120,123,-0.004694954216682,0.3957813219266675,0.1273275635982166,8.421911880409127,2.102084972462628,False,True,True,True,True,True,True,True,True,False,,True,22,8,5
Eryth,overall,5,0.5,0.005,4000,75,100,193,116,116,79,93,0.0526223520818115,0.0939997263273125,0.0144677661169415,0.347151424287856,1.6772113943028486,False,True,True,True,True,True,True,True,True,False,,True,22,2,2
Eryth,overall,5,0.5,0.005,4000,75,250,468,130,130,108,123,0.0236282024178839,0.1206493275188201,0.027906976744186,1.5263565891472868,2.607036374478235,False,True,True,True,True,True,True,True,True,False,,True,22,3,3
Eryth,overall,5,0.5,0.005,4000,75,500,927,135,135,126,131,0.0266029379235456,0.2139977994388789,0.0512437810945273,3.45583195135434,2.669264787175235,False,True,True,True,True,True,True,True,True,False,,True,22,4,3
Eryth,overall,5,0.5,0.005,4000,75,1000,1876,140,140,139,139,0.0092761344587393,0.322926637556627,0.0964028776978417,7.414491264131552,2.332682425488181,False,True,True,True,True,True,True,True,True,False,,True,22,11,9
Eryth,overall,5,0.5,0.005,4000,100,100,192,117,117,80,93,0.0593777061124548,0.0572174738841405,0.0141467727674624,0.2918508694370763,1.2272325375773652,False,True,True,True,True,True,True,True,True,False,,True,22,2,2
Eryth,overall,5,0.5,0.005,4000,100,250,462,133,133,108,124,0.0264205167924422,0.1010981608871457,0.0263157894736842,1.4620642515379358,2.5345750740487585,False,True,True,True,True,True,True,True,True,False,,True,22,3,3
Eryth,overall,5,0.5,0.005,4000,100,500,916,137,137,128,134,0.0300066609891503,0.2053685339034596,0.0491627307857449,3.367969085444397,2.647434521253757,False,True,True,True,True,True,True,True,True,False,,True,22,4,3
Eryth,overall,5,0.5,0.005,4000,100,1000,1826,138,138,137,137,0.0121041572437351,0.310123471707816,0.096583095313657,7.263249761980323,2.334126732254311,False,True,True,True,True,True,True,True,True,False,,True,22,6,4
Eryth,overall,5,0.5,0.01,2000,10,100,200,33,33,32,32,0.0218001935020754,0.4277965548019024,0.1893939393939394,3.7755681818181817,2.0,False,True,True,False,True,True,True,True,False,False,,False,10,5,4
Eryth,overall,5,0.5,0.01,2000,10,250,251,31,31,31,30,-0.0108333884370384,0.5133319624880597,0.2698924731182796,5.191397849462366,1.8505376344086024,False,True,True,False,True,True,True,True,False,False,,False,10,5,4
Eryth,overall,5,0.5,0.01,2000,10,500,249,31,31,31,30,-0.0097454610181559,0.5128996886686891,0.267741935483871,5.127956989247312,1.8634408602150536,False,True,True,False,True,True,True,True,False,False,,False,10,5,4
Eryth,overall,5,0.5,0.01,2000,10,1000,250,31,31,31,30,-0.0143623175507297,0.5142188035451793,0.2688172043010752,5.166666666666667,1.8516129032258064,False,True,True,False,True,True,True,True,False,False,,False,10,5,4
Eryth,overall,5,0.5,0.01,2000,25,100,199,68,68,59,67,0.0561052693761814,0.1363211951447245,0.0436786654960491,1.5177787532923617,2.805531167690957,False,True,True,True,True,True,True,True,True,False,,False,17,6,5
Eryth,overall,5,0.5,0.01,2000,25,250,500,71,71,69,69,0.0395607963448317,0.290015422281039,0.1006036217303823,4.300603621730383,2.3511066398390343,False,True,True,True,True,True,True,True,True,False,,False,17,8,6
Eryth,overall,5,0.5,0.01,2000,25,500,929,72,72,72,70,0.0090267023391272,0.4333524176640779,0.1817292644757433,8.264280125195619,1.995109546165884,False,True,True,True,True,True,True,True,True,False,,False,17,9,6
Eryth,overall,5,0.5,0.01,2000,25,1000,1034,73,73,73,71,-0.0009249384274127,0.4439178169583711,0.1967275494672755,9.259703196347033,1.9360730593607305,False,True,True,True,True,True,True,True,True,False,,False,17,9,6
Eryth,overall,5,0.5,0.01,2000,50,100,196,109,109,78,97,0.0041308284291534,0.0703205051828905,0.0166496772001359,0.5536017669045192,2.2564559972816856,False,True,True,True,True,True,True,True,True,False,,True,21,3,3
Eryth,overall,5,0.5,0.01,2000,50,250,493,123,123,107,119,0.0352646502835539,0.1361859163263678,0.032853525256564,1.9303611888577905,2.758763161402106,False,True,True,True,True,True,True,True,True,False,,True,21,6,5
Eryth,overall,5,0.5,0.01,2000,50,500,981,125,125,118,123,0.022631371599717,0.2035930403439088,0.0632903225806451,4.417483870967742,2.5061935483870967,False,True,True,True,True,True,True,True,True,False,,True,21,10,6
Eryth,overall,5,0.5,0.01,2000,50,1000,1964,126,126,126,126,0.0070491542016711,0.3442013356329192,0.1246984126984127,9.608825396825395,2.2142222222222223,False,True,True,True,True,True,True,True,True,False,,True,21,11,6
Eryth,overall,5,0.5,0.01,2000,75,100,181,109,109,81,94,0.0039965649359228,0.066031216489932,0.0153754672103295,0.5054366292898403,2.8855759429153927,False,True,True,True,True,True,True,True,True,False,,False,21,3,3
Eryth,overall,5,0.5,0.01,2000,75,250,478,146,146,124,134,0.052385549884531,0.0938200309828665,0.022579121398205,1.410533774208786,2.6773736419461502,False,True,True,True,True,True,True,True,True,False,,True,22,6,5
Eryth,overall,5,0.5,0.01,2000,75,500,963,150,150,142,149,0.0472090492808634,0.1474960267893027,0.0430872483221476,3.4626398210290827,2.8740044742729305,False,True,True,True,True,True,True,True,True,False,,True,22,8,6
Eryth,overall,5,0.5,0.01,2000,75,1000,1881,148,148,145,148,0.0238901731699103,0.2504646179478967,0.0864589078874793,7.544447508733223,2.3268523625666484,False,True,True,True,True,True,True,True,True,False,,True,22,11,6
Eryth,overall,5,0.5,0.01,2000,100,100,184,110,110,82,93,-0.0137795918367346,0.0711380034107306,0.0153461217681401,0.4576313594662218,2.5165971643035863,False,True,True,True,True,True,True,True,True,False,,True,22,3,3
Eryth,overall,5,0.5,0.01,2000,100,250,474,145,145,121,134,0.0519324144412248,0.1065081312647236,0.0227011494252873,1.3863505747126437,2.655699233716476,False,True,True,True,True,True,True,True,True,False,,True,22,5,4
Eryth,overall,5,0.5,0.01,2000,100,500,939,150,150,141,148,0.0486473217844394,0.1504055872006479,0.0420134228187919,3.30662192393736,2.8473825503355705,False,True,True,True,True,True,True,True,True,False,,True,22,7,5
Eryth,overall,5,0.5,0.01,2000,100,1000,1876,150,150,147,150,0.0222281840974958,0.2477659575008649,0.0839373601789709,7.360313199105145,2.3553467561521253,False,True,True,True,True,True,True,True,True,False,,True,22,11,6
Eryth,overall,5,0.5,0.01,3000,10,100,200,32,32,30,31,0.0351431580963324,0.4569775594954582,0.2016129032258064,4.129032258064516,1.7641129032258065,False,True,True,True,True,True,True,True,False,False,,False,12,7,5
Eryth,overall,5,0.5,0.01,3000,10,250,308,32,32,32,31,-0.0017348812329222,0.599106851790486,0.3104838709677419,6.594758064516129,1.7318548387096775,False,True,True,True,True,True,True,True,False,False,,False,12,8,6
Eryth,overall,5,0.5,0.01,3000,10,500,304,31,31,31,30,0.003711930352857,0.6088803768857742,0.3268817204301075,6.879569892473119,1.6709677419354838,False,True,True,True,True,True,True,True,False,False,,False,12,8,6
Eryth,overall,5,0.5,0.01,3000,10,1000,309,32,32,32,31,-0.002503730486685,0.5996455241538908,0.3114919354838709,6.613911290322581,1.7308467741935485,False,True,True,True,True,True,True,True,False,False,,False,12,8,6
Eryth,overall,5,0.5,0.01,3000,25,100,199,69,69,58,67,0.0621455576559546,0.1401711010406662,0.0424126172208013,1.479539641943734,2.5769394714407503,False,True,True,True,True,True,True,True,True,False,,False,17,6,5
Eryth,overall,5,0.5,0.01,3000,25,250,500,72,72,69,71,0.0523727669273015,0.2773412482301072,0.0978090766823161,4.181338028169014,2.386737089201878,False,True,True,True,True,True,True,True,True,False,,False,17,9,6
Eryth,overall,5,0.5,0.01,3000,25,500,999,72,72,72,71,0.0119713316667397,0.4691106825365793,0.1954225352112676,8.966744913928013,2.0066510172143976,False,True,True,True,True,True,True,True,True,False,,False,17,10,7
Eryth,overall,5,0.5,0.01,3000,25,1000,1191,74,74,74,73,0.0059487405045978,0.5108003705168608,0.2204738985560903,10.342095520177711,1.9329877823028507,False,True,True,True,True,True,True,True,True,False,,False,17,10,7
Eryth,overall,5,0.5,0.01,3000,50,100,200,113,113,73,100,0.0442248848980525,0.0785382267683152,0.0158027812895069,0.4148230088495575,1.5415613147914031,False,True,True,True,True,True,True,True,True,False,,True,21,3,3
Eryth,overall,5,0.5,0.01,3000,50,250,493,126,126,106,121,0.0277906427221172,0.1340704148587828,0.0313015873015873,1.892126984126984,2.7705396825396824,False,True,True,True,True,True,True,True,True,False,,True,22,8,7
Eryth,overall,5,0.5,0.01,3000,50,500,986,128,128,123,126,0.0295532909979763,0.1923173922600418,0.0606545275590551,4.443220964566929,2.656003937007874,False,True,True,True,True,True,True,True,True,False,,True,22,9,7
Eryth,overall,5,0.5,0.01,3000,50,1000,1979,128,128,127,127,0.0086509634446401,0.3298558478531264,0.1217396653543307,9.607098917322835,2.1561884842519685,False,True,True,True,True,True,True,True,True,False,,True,22,12,7
Eryth,overall,5,0.5,0.01,3000,75,100,194,125,125,82,101,0.0597753894457191,0.069231746031746,0.012516129032258,0.2490322580645161,1.034,False,True,True,True,True,True,True,True,True,False,,True,22,3,3
Eryth,overall,5,0.5,0.01,3000,75,250,480,145,145,117,138,0.0490451198534177,0.0850941235792308,0.0229885057471264,1.5290708812260536,2.7563697318007665,False,True,True,True,True,True,True,True,True,False,,True,22,5,4
Eryth,overall,5,0.5,0.01,3000,75,500,952,147,147,139,145,0.0310298267495207,0.1502304971362337,0.0443574690150032,3.619513558848197,2.8576087969434347,False,True,True,True,True,True,True,True,True,False,,True,22,9,7
Eryth,overall,5,0.5,0.01,3000,75,1000,1925,149,149,146,148,0.0174693848710338,0.2534381807861416,0.0872936695084346,7.710955922365319,2.316705967712679,False,True,True,True,True,True,True,True,True,False,,True,22,10,7
Eryth,overall,5,0.5,0.01,3000,100,100,195,129,129,85,103,0.0531368147448015,0.047457409085316,0.0118095930232558,0.241703003875969,1.0661942829457365,False,True,True,True,True,True,True,True,True,False,,True,22,3,3
Eryth,overall,5,0.5,0.01,3000,100,250,486,148,148,119,140,0.0586056191467221,0.0864219335968561,0.022338665195808,1.472237543666115,2.857510571796286,False,True,True,True,True,True,True,True,True,False,,True,22,4,3
Eryth,overall,5,0.5,0.01,3000,100,500,967,150,150,143,146,0.0270202131315786,0.1467324117667172,0.0432662192393736,3.590738255033557,2.861029082774049,False,True,True,True,True,True,True,True,True,False,,True,22,9,7
Eryth,overall,5,0.5,0.01,3000,100,1000,1899,150,150,147,149,0.0210519428679096,0.2479635693884286,0.0849664429530201,7.508456375838926,2.34662192393736,False,True,True,True,True,True,True,True,True,False,,True,22,10,7
Eryth,overall,5,0.5,0.01,4000,10,100,200,31,31,30,29,0.0345632653061224,0.433861995057441,0.2150537634408602,4.362365591397849,1.696774193548387,False,True,True,True,True,True,True,True,False,False,,False,12,7,5
Eryth,overall,5,0.5,0.01,4000,10,250,343,31,31,31,30,-0.0087039239001189,0.682450755585832,0.3688172043010753,7.598924731182795,1.6021505376344083,False,True,True,True,True,True,True,True,False,False,,False,12,9,7
Eryth,overall,5,0.5,0.01,4000,10,500,343,31,31,31,30,-0.0087039239001189,0.6824507555858319,0.3688172043010753,7.598924731182795,1.6021505376344083,False,True,True,True,True,True,True,True,False,False,,False,12,9,7
Eryth,overall,5,0.5,0.01,4000,10,1000,343,31,31,31,30,-0.0087039239001189,0.682450755585832,0.3688172043010753,7.598924731182795,1.6021505376344083,False,True,True,True,True,True,True,True,False,False,,False,12,9,7
Eryth,overall,5,0.5,0.01,4000,25,100,200,71,71,60,67,0.0481352085759502,0.1274759669125866,0.0402414486921529,1.2949698189134808,2.5014084507042256,False,True,True,True,True,True,True,True,True,False,,False,17,5,4
Eryth,overall,5,0.5,0.01,4000,25,250,500,73,73,68,73,0.0317485822306238,0.2935463016156898,0.0951293759512937,3.974315068493152,2.374048706240487,False,True,True,True,True,True,True,True,True,False,,False,17,8,6
Eryth,overall,5,0.5,0.01,4000,25,500,1000,73,73,73,73,0.0088075364192084,0.4728605060541993,0.1902587519025875,8.8015601217656,2.057648401826484,False,True,True,True,True,True,True,True,True,False,,False,17,9,6
Eryth,overall,5,0.5,0.01,4000,25,1000,1309,73,73,73,73,-0.0023629108755264,0.579670058015087,0.249048706240487,11.563546423135463,1.9033485540334856,False,True,True,True,True,True,True,True,True,False,,False,17,11,8
Eryth,overall,5,0.5,0.01,4000,50,100,199,113,113,81,96,-0.0190997229916897,0.0795125719904481,0.0157237673830594,0.577117572692794,2.515170670037927,False,True,True,True,True,True,True,True,True,False,,True,22,4,3
Eryth,overall,5,0.5,0.01,4000,50,250,493,127,127,102,123,0.0216779896267075,0.1241163486300123,0.0308086489188851,1.768341457317835,2.6996000499937507,False,True,True,True,True,True,True,True,True,False,,True,22,6,5
Eryth,overall,5,0.5,0.01,4000,50,500,984,130,130,121,128,0.0237513007284078,0.1887782825623518,0.0586762075134168,4.25742397137746,2.543530113297555,False,True,True,True,True,True,True,True,True,False,,True,22,9,7
Eryth,overall,5,0.5,0.01,4000,50,1000,1975,130,130,129,130,0.0077779368938021,0.3147227049279027,0.1177698270721526,9.49505068574836,2.216457960644007,False,True,True,True,True,True,True,True,True,False,,True,22,11,7
Eryth,overall,5,0.5,0.01,4000,75,100,195,120,120,80,99,0.034872169466764,0.0594630832130832,0.0136554621848739,0.384593837535014,1.97296918767507,False,True,True,True,True,True,True,True,True,False,,False,20,3,3
Eryth,overall,5,0.5,0.01,4000,75,250,484,145,145,119,134,0.031589819359028,0.088406701598225,0.0231800766283524,1.4698275862068966,2.802394636015326,False,True,True,True,True,True,True,True,True,False,,True,22,6,5
Eryth,overall,5,0.5,0.01,4000,75,500,967,147,147,136,145,0.0339744553679367,0.1562228257655516,0.0450563787158699,3.616857701984904,2.683067747647004,False,True,True,True,True,True,True,True,True,False,,True,22,7,5
Eryth,overall,5,0.5,0.01,4000,75,1000,1932,150,150,145,149,0.0112286256128363,0.25868397324101,0.0864429530201342,7.60586129753915,2.295346756152125,False,True,True,True,True,True,True,True,True,False,,True,22,9,7
Eryth,overall,5,0.5,0.01,4000,100,100,190,120,120,79,98,0.0301578095906718,0.0819155844155844,0.0133053221288515,0.3573529411764706,1.9318627450980392,False,True,True,True,True,True,True,True,True,False,,False,20,3,3
Eryth,overall,5,0.5,0.01,4000,100,250,481,145,145,118,134,0.0263724948036841,0.0874277515421958,0.0230363984674329,1.4294061302681993,2.7353927203065136,False,True,True,True,True,True,True,True,True,False,,True,22,6,5
Eryth,overall,5,0.5,0.01,4000,100,500,957,146,146,134,144,0.033976334927222,0.1564622961455944,0.0452054794520547,3.482144544166273,2.566414737836561,False,True,True,True,True,True,True,True,True,False,,True,22,7,5
Eryth,overall,5,0.5,0.01,4000,100,1000,1932,151,151,147,150,0.0122739736933289,0.2599919132274679,0.0852980132450331,7.545739514348786,2.3283885209713024,False,True,True,True,True,True,True,True,True,False,,True,22,9,7
Eryth,overall,5,0.5,0.02,2000,10,100,200,33,33,33,33,0.0737226012483669,0.3833212390699022,0.1893939393939394,4.198863636363637,2.265151515151515,False,True,True,True,True,True,True,True,False,False,,False,13,8,4
Eryth,overall,5,0.5,0.02,2000,10,250,346,33,33,33,33,-0.0019998304030753,0.5496035444609216,0.3276515151515151,7.983901515151516,1.7481060606060606,False,True,True,True,True,True,True,True,False,False,,False,13,11,6
Eryth,overall,5,0.5,0.02,2000,10,500,344,33,33,33,33,-0.0011107155571377,0.5470663785205081,0.3257575757575757,7.927083333333333,1.7604166666666667,False,True,True,True,True,True,True,True,False,False,,False,13,11,6
Eryth,overall,5,0.5,0.02,2000,10,1000,346,33,33,33,33,-0.0011107155571377,0.5470663785205081,0.3276515151515151,7.990530303030303,1.7481060606060606,False,True,True,True,True,True,True,True,False,False,,False,13,11,6
Eryth,overall,5,0.5,0.02,2000,25,100,200,75,75,56,73,0.0918958463973244,0.1307650127650127,0.036036036036036,0.9783783783783784,2.1594594594594594,False,True,True,True,True,True,True,True,True,False,,False,17,5,3
Eryth,overall,5,0.5,0.02,2000,25,250,500,78,78,76,78,0.0728121418086026,0.2138554544981756,0.0832500832500832,4.08058608058608,2.5779220779220777,False,True,True,True,True,True,True,True,True,False,,False,17,9,4
Eryth,overall,5,0.5,0.02,2000,25,500,1000,78,78,78,78,0.0277118957188887,0.3797880086022919,0.1665001665001665,8.685814185814186,2.0884115884115886,False,True,True,True,True,True,True,True,True,False,,False,17,12,5
Eryth,overall,5,0.5,0.02,2000,25,1000,1235,79,79,79,79,0.0117828632548709,0.4375715530697293,0.20042194092827,10.508276533592989,1.9827977929243752,False,True,True,True,True,True,True,True,True,False,,True,18,14,6
Eryth,overall,5,0.5,0.02,2000,50,100,198,113,113,72,99,0.0517834431726211,0.0584744222172645,0.0156447534766118,0.3546934260429835,1.2753634639696587,False,True,True,True,True,True,True,True,True,False,,True,20,5,3
Eryth,overall,5,0.5,0.02,2000,50,250,500,130,130,108,125,0.0847693071719045,0.103463373681878,0.0298151460942158,1.8361359570661897,2.756231365533691,False,True,True,True,True,True,True,True,True,False,,True,20,7,3
Eryth,overall,5,0.5,0.02,2000,50,500,1000,133,133,126,133,0.0764482795588887,0.1764314798539347,0.0569605832763727,4.508088402825245,2.6052631578947367,False,True,True,True,True,True,True,True,True,False,,True,21,8,3
Eryth,overall,5,0.5,0.02,2000,50,1000,2000,133,133,133,133,0.0344800281569874,0.293871813730437,0.1139211665527455,9.884711779448622,2.1932672590567326,False,True,True,True,True,True,True,True,True,False,,True,21,15,6
Eryth,overall,5,0.5,0.02,2000,75,100,193,119,119,73,103,0.0524537037037037,0.0461374293307066,0.0137444808431847,0.2093006694203105,0.7168494516450648,False,True,True,True,True,True,True,True,True,False,,True,21,5,3
Eryth,overall,5,0.5,0.02,2000,75,250,500,151,151,127,144,0.0635762788592123,0.1041595071314383,0.0220750551876379,1.4335540838852097,3.086225165562914,False,True,True,True,True,True,True,True,True,False,,True,22,8,4
Eryth,overall,5,0.5,0.02,2000,75,500,1000,157,157,150,157,0.0551849936837862,0.1432954071256221,0.0408296586640535,3.648048342315858,2.908704883227176,False,True,True,True,True,True,True,True,True,False,,True,22,13,7
Eryth,overall,5,0.5,0.02,2000,75,1000,1985,155,155,153,155,0.0301808210902222,0.2228065589061011,0.0831587767071638,8.261834939254294,2.3213238374528697,False,True,True,True,True,True,True,True,True,False,,True,22,14,7
Eryth,overall,5,0.5,0.02,2000,100,100,192,118,118,75,102,0.0289521076890205,0.0432668085210458,0.0139069969578444,0.2897291032884253,1.1739823265246994,False,True,True,True,True,True,True,True,True,False,,True,21,5,3
Eryth,overall,5,0.5,0.02,2000,100,250,494,154,154,121,147,0.0610824088216845,0.0992777759323133,0.0209659621424327,1.2582548170783463,2.587810881928529,False,True,True,True,True,True,True,True,True,False,,True,22,9,6
Eryth,overall,5,0.5,0.02,2000,100,500,991,161,161,153,159,0.0622536048613852,0.1422905849804313,0.0384704968944099,3.438276397515528,2.880395962732919,False,True,True,True,True,True,True,True,True,False,,True,22,14,7
Eryth,overall,5,0.5,0.02,2000,100,1000,1963,156,156,154,156,0.0326691411333159,0.2227561475066829,0.0811827956989247,8.038792390405293,2.340984284532672,False,True,True,True,True,True,True,True,True,False,,True,22,14,7
Eryth,overall,5,0.5,0.02,3000,10,100,200,33,33,33,33,0.044256153496026,0.3655718662403154,0.1893939393939394,4.1893939393939394,2.2490530303030303,False,True,True,True,True,True,True,True,False,False,,False,12,8,4
Eryth,overall,5,0.5,0.02,3000,10,250,404,33,33,33,33,-0.0334139581758629,0.6241669996337208,0.3825757575757575,9.232954545454543,1.6799242424242424,False,True,True,True,True,True,True,True,False,False,,False,12,11,7
Eryth,overall,5,0.5,0.02,3000,10,500,403,33,33,33,33,-0.0334139581758629,0.6241669996337208,0.3816287878787879,9.212121212121213,1.6808712121212122,False,True,True,True,True,True,True,True,False,False,,False,12,11,7
Eryth,overall,5,0.5,0.02,3000,10,1000,403,33,33,33,33,-0.0334139581758629,0.6241669996337208,0.3816287878787879,9.212121212121213,1.6808712121212122,False,True,True,True,True,True,True,True,False,False,,False,12,11,7
Eryth,overall,5,0.5,0.02,3000,25,100,200,76,76,62,72,0.1021529457433784,0.1553535409379063,0.0350877192982456,0.995438596491228,2.481578947368421,False,True,True,True,True,True,True,True,True,False,,False,17,6,3
Eryth,overall,5,0.5,0.02,3000,25,250,500,79,79,76,79,0.0579112499021066,0.2214100059714195,0.0811424862057773,3.953099642973061,2.5840636157091854,False,True,True,True,True,True,True,True,True,False,,False,17,9,4
Eryth,overall,5,0.5,0.02,3000,25,500,1000,79,79,78,79,0.0259629835208855,0.3469187933397746,0.1622849724115546,8.782051282051283,2.0261278805582603,False,True,True,True,True,True,True,True,True,False,,False,17,9,4
Eryth,overall,5,0.5,0.02,3000,25,1000,1662,79,79,79,79,0.001421260741265,0.5308146330265143,0.2697176241480039,14.75365141187926,1.8078545926647192,False,True,True,True,True,True,True,True,True,False,,False,17,13,6
Eryth,overall,5,0.5,0.02,3000,50,100,200,119,119,79,107,0.0404092958723552,0.061999264260757,0.0142429853297251,0.3852727531690642,1.609386127332289,False,True,True,True,True,True,True,True,True,False,,True,22,6,4
Eryth,overall,5,0.5,0.02,3000,50,250,500,129,129,113,126,0.0675040178245306,0.1319056815250236,0.0302810077519379,1.939498546511628,2.923994670542636,False,True,True,True,True,True,True,True,True,False,,True,22,9,4
Eryth,overall,5,0.5,0.02,3000,50,500,1000,132,132,124,132,0.0605870584370987,0.1688069786641154,0.0578302105019662,4.615313439740921,2.5552278510293776,False,True,True,True,True,True,True,True,True,False,,True,22,10,5
Eryth,overall,5,0.5,0.02,3000,50,1000,2000,132,132,131,132,0.0267050517704872,0.2863704268040836,0.1156604210039324,10.253701133472124,2.140064769835762,False,True,True,True,True,True,True,True,True,False,,True,22,14,8
Eryth,overall,5,0.5,0.02,3000,75,100,196,126,126,80,112,0.0934934674528847,0.0219513731418493,0.0124444444444444,0.2598095238095238,1.2133968253968257,False,True,True,True,True,True,True,True,True,False,,False,21,3,1
Eryth,overall,5,0.5,0.02,3000,75,250,493,149,149,126,144,0.0354412251771478,0.104908611045431,0.0223562488663159,1.4205967712679122,2.858017413386541,False,True,True,True,True,True,True,True,True,False,,True,22,8,3
Eryth,overall,5,0.5,0.02,3000,75,500,995,156,156,143,155,0.0558567674066735,0.1389827337453496,0.0411497105045492,3.604466501240695,2.825268817204301,False,True,True,True,True,True,True,True,True,False,,True,22,13,6
Eryth,overall,5,0.5,0.02,3000,75,1000,1976,154,154,152,154,0.0260754925000368,0.2239846248695166,0.0838638485697309,8.276844070961719,2.3394873100755453,False,True,True,True,True,True,True,True,True,False,,True,22,13,7
Eryth,overall,5,0.5,0.02,3000,100,100,193,126,126,83,112,0.082251539669122,0.0217103002817288,0.0122539682539682,0.2201269841269841,0.9135873015873016,False,True,True,True,True,True,True,True,True,False,,False,21,3,1
Eryth,overall,5,0.5,0.02,3000,100,250,488,150,150,128,146,0.063916537324201,0.0955093185208274,0.0218344519015659,1.4130201342281878,3.0514093959731543,False,True,True,True,True,True,True,True,True,False,,True,22,8,3
Eryth,overall,5,0.5,0.02,3000,100,500,974,157,157,148,155,0.0453466011416012,0.1273078852689373,0.0397680875387881,3.5772905438510536,2.8297811530295607,False,True,True,True,True,True,True,True,True,False,,True,22,10,4
Eryth,overall,5,0.5,0.02,3000,100,1000,1952,157,157,154,157,0.0292916352604412,0.2137750169662027,0.0796994937122325,8.011187326473951,2.3449289563939244,False,True,True,True,True,True,True,True,True,False,,True,22,12,6
Eryth,overall,5,0.5,0.02,4000,10,100,200,35,35,35,35,0.0638927335640138,0.3558183504048164,0.1680672268907563,3.795798319327731,2.3529411764705883,False,True,True,True,True,True,True,True,False,False,,False,13,8,4
Eryth,overall,5,0.5,0.02,4000,10,250,454,35,35,35,35,-0.0199549634077688,0.6637059892050183,0.3815126050420168,9.491596638655462,1.6899159663865546,False,True,True,True,True,True,True,True,False,False,,False,13,11,7
Eryth,overall,5,0.5,0.02,4000,10,500,473,35,35,35,35,-0.0242786468014526,0.6751493511029307,0.3974789915966386,9.95546218487395,1.6630252100840337,False,True,True,True,True,True,True,True,False,False,,False,13,12,7
Eryth,overall,5,0.5,0.02,4000,10,1000,472,35,35,35,35,-0.0236974318797662,0.6721214278445977,0.3966386554621848,9.941176470588236,1.6638655462184877,False,True,True,True,True,True,True,True,False,False,,False,13,12,8
Eryth,overall,5,0.5,0.02,4000,25,100,200,75,75,61,73,0.0976388888888888,0.1784866963102256,0.036036036036036,1.0657657657657658,2.795495495495496,False,True,True,True,True,True,True,True,True,False,,False,17,5,3
Eryth,overall,5,0.5,0.02,4000,25,250,500,78,78,74,78,0.0770508774144678,0.2344464105742174,0.0832500832500832,4.019813519813519,2.521811521811522,False,True,True,True,True,True,True,True,True,False,,False,17,8,3
Eryth,overall,5,0.5,0.02,4000,25,500,1000,78,78,78,78,0.0130971039002637,0.3550842840439723,0.1665001665001665,8.833333333333334,2.071761571761572,False,True,True,True,True,True,True,True,True,False,,False,17,9,4
Eryth,overall,5,0.5,0.02,4000,25,1000,1840,78,78,78,78,0.0016777452522247,0.5882458199580682,0.3063603063603063,16.836829836829835,1.7447552447552448,False,True,True,True,True,True,True,True,True,False,,False,17,15,6
Eryth,overall,5,0.5,0.02,4000,50,100,198,118,118,72,104,0.1049683114531462,0.0643607597122053,0.014341590612777,0.3368100825727944,1.654642908880197,False,True,True,True,True,True,True,True,True,False,,False,21,6,4
Eryth,overall,5,0.5,0.02,4000,50,250,500,134,134,116,130,0.0897629783790033,0.0925181518640693,0.0280552126585119,1.840365839973067,2.940915722141174,False,True,True,True,True,True,True,True,True,False,,True,22,9,4
Eryth,overall,5,0.5,0.02,4000,50,500,1000,135,135,133,135,0.0648218818119382,0.1523859456043445,0.0552791597567716,4.671862907683804,2.786622443338861,False,True,True,True,True,True,True,True,True,False,,True,22,13,7
Eryth,overall,5,0.5,0.02,4000,50,1000,2000,136,136,134,136,0.030351675689169,0.2599892748157095,0.1089324618736383,9.985729847494554,2.1524509803921568,False,True,True,True,True,True,True,True,True,False,,True,22,14,8
Eryth,overall,5,0.5,0.02,4000,75,100,193,128,128,81,113,0.0786079011018543,0.0415854978354978,0.0118725393700787,0.1658464566929134,0.6968503937007874,False,True,True,True,True,True,True,True,True,False,,False,21,3,1
Eryth,overall,5,0.5,0.02,4000,75,250,487,152,152,134,145,0.0508199492814877,0.0777944058865111,0.0212181944928546,1.4822237713489022,3.3183164865806902,False,True,True,True,True,True,True,True,True,False,,True,22,9,4
Eryth,overall,5,0.5,0.02,4000,75,500,969,155,155,144,155,0.043728188260315,0.1193534271322146,0.0405948889819857,3.67867616254713,2.8795559279430245,False,True,True,True,True,True,True,True,True,False,,True,22,11,5
Eryth,overall,5,0.5,0.02,4000,75,1000,1935,155,155,152,155,0.0287409467108039,0.2048487895270578,0.0810640971931294,8.169250104733976,2.33778801843318,False,True,True,True,True,True,True,True,True,False,,True,22,13,7
Eryth,overall,5,0.5,0.02,4000,100,100,194,133,133,83,118,0.1069234404536862,0.0263795936728267,0.0110503531556163,0.1556732740943267,0.6704260651629073,False,True,True,True,True,True,True,True,True,False,,False,21,3,1
Eryth,overall,5,0.5,0.02,4000,100,250,496,157,157,130,149,0.0800418903852702,0.081389512216886,0.0202515106973705,1.2177445696553977,2.6887146823452555,False,True,True,True,True,True,True,True,True,False,,True,22,9,5
Eryth,overall,5,0.5,0.02,4000,100,500,992,160,160,146,159,0.0556556763802165,0.1196828237091225,0.0389937106918239,3.4870283018867925,2.82122641509434,False,True,True,True,True,True,True,True,True,False,,True,22,13,7
Eryth,overall,5,0.5,0.02,4000,100,1000,1935,156,156,154,156,0.0274110249289795,0.2031853958109285,0.0800248138957816,8.13961952026468,2.3686104218362285,False,True,True,True,True,True,True,True,True,False,,True,22,13,7
Eryth,overall,5,0.5,0.03,2000,10,100,200,35,35,32,35,0.0543184183142559,0.4008483368810658,0.1680672268907563,3.625210084033613,1.980672268907563,False,True,True,True,False,True,True,True,False,False,,False,12,7,3
Eryth,overall,5,0.5,0.03,2000,10,250,385,35,35,35,35,-0.00316522868309,0.5706492821804632,0.3235294117647059,8.183193277310924,1.7478991596638656,False,True,True,True,True,True,True,True,False,False,,False,13,13,7
Eryth,overall,5,0.5,0.03,2000,10,500,384,35,35,35,35,-0.0025212514461043,0.572063121343086,0.3226890756302521,8.145378151260504,1.753781512605042,False,True,True,True,True,True,True,True,False,False,,False,13,13,7
Eryth,overall,5,0.5,0.03,2000,10,1000,383,35,35,35,35,-0.0014374184724104,0.5675933061810993,0.3218487394957983,8.145378151260504,1.7529411764705882,False,True,True,True,True,True,True,True,False,False,,False,13,13,7
Eryth,overall,5,0.5,0.03,2000,25,100,200,75,75,57,74,0.1258418717482204,0.1914524995701466,0.036036036036036,0.9225225225225224,2.0581981981981983,False,True,True,True,True,True,True,True,True,False,,False,17,5,2
Eryth,overall,5,0.5,0.03,2000,25,250,500,77,77,74,77,0.1043776552829198,0.2869366131080508,0.0854408749145591,3.934552289815448,2.5047846889952154,False,True,True,True,True,True,True,True,True,False,,False,17,8,4
Eryth,overall,5,0.5,0.03,2000,25,500,1000,77,77,76,77,0.0458301294165178,0.4095858476655784,0.1708817498291182,8.70933014354067,2.00974025974026,False,True,True,True,True,True,True,True,True,False,,False,17,11,6
Eryth,overall,5,0.5,0.03,2000,25,1000,1225,77,77,77,77,0.0246949755584762,0.4502248039314896,0.2093301435406698,10.866028708133973,1.932330827067669,False,True,True,True,True,True,True,True,True,False,,False,16,14,7
Eryth,overall,5,0.5,0.03,2000,50,100,199,112,112,69,103,0.135108024691358,0.056269325912183,0.0160070785070785,0.337033462033462,1.1282175032175032,False,True,True,True,True,True,True,True,True,False,,False,19,5,2
Eryth,overall,5,0.5,0.03,2000,50,250,500,130,130,108,130,0.1131139964896927,0.1461913710728645,0.0298151460942158,1.8438282647584967,2.961478831246273,False,True,True,True,True,True,True,True,True,False,,True,20,6,2
Eryth,overall,5,0.5,0.03,2000,50,500,1000,131,131,128,131,0.0734986998628201,0.1868497401157211,0.0587199060481503,4.591544333529066,2.703640634174985,False,True,True,True,True,True,True,True,True,False,,True,20,10,5
Eryth,overall,5,0.5,0.03,2000,50,1000,2000,131,131,131,131,0.0511492425019663,0.3002216546851735,0.1174398120963006,10.150322959483264,2.155431591309454,False,True,True,True,True,True,True,True,True,False,,True,20,11,6
Eryth,overall,5,0.5,0.03,2000,75,100,189,115,115,70,103,0.1161415349660864,0.0369795904578513,0.01441647597254,0.2567505720823798,1.036231884057971,False,True,True,True,True,True,True,True,True,False,,False,21,4,2
Eryth,overall,5,0.5,0.03,2000,75,250,481,151,151,116,146,0.0936199068958836,0.1147520810385134,0.0212362030905077,1.2501545253863136,2.651169977924945,False,True,True,True,True,True,True,True,True,False,,True,22,8,4
Eryth,overall,5,0.5,0.03,2000,75,500,965,151,151,143,149,0.081864309604723,0.1690874805372218,0.0426048565121412,3.5671081677704195,2.7567328918322294,False,True,True,True,True,True,True,True,True,False,,True,22,11,6
Eryth,overall,5,0.5,0.03,2000,75,1000,1936,152,152,152,152,0.0507626867030742,0.2303357492289397,0.0843499477169745,8.200984663645869,2.3487277797141863,False,True,True,True,True,True,True,True,True,False,,True,22,13,8
Eryth,overall,5,0.5,0.03,2000,100,100,190,115,115,72,102,0.1146379765444886,0.068531323748715,0.0144927536231884,0.2604118993135011,0.9574370709382152,False,True,True,True,True,True,True,True,True,False,,False,21,5,3
Eryth,overall,5,0.5,0.03,2000,100,250,484,151,151,116,147,0.1107014803783708,0.1524170037307346,0.0213686534216335,1.2122295805739514,2.596600441501104,False,True,True,True,True,True,True,True,True,False,,True,22,8,4
Eryth,overall,5,0.5,0.03,2000,100,500,972,155,155,146,154,0.0883969301133846,0.1561347202562533,0.0407205697528278,3.532551319648094,2.8098031001256807,False,True,True,True,True,True,True,True,True,False,,True,22,10,5
Eryth,overall,5,0.5,0.03,2000,100,1000,1932,154,154,154,154,0.0538951945754716,0.2268151309134851,0.0819964349376114,8.089635854341736,2.369493251846193,False,True,True,True,True,True,True,True,True,False,,True,22,13,8
Eryth,overall,5,0.5,0.03,3000,10,100,200,35,35,33,35,0.0588647652619772,0.3367279545850974,0.1680672268907563,3.88655462184874,2.038655462184874,False,True,True,True,True,True,True,True,False,False,,False,13,9,5
Eryth,overall,5,0.5,0.03,3000,10,250,449,35,35,35,35,-0.0088854610673505,0.618653696802919,0.3773109243697479,9.78655462184874,1.6596638655462186,False,True,True,True,False,True,True,True,False,False,,False,12,12,8
Eryth,overall,5,0.5,0.03,3000,10,500,511,36,36,36,36,0.0031831714649092,0.6375511079321681,0.4055555555555555,11.033333333333331,1.623015873015873,False,True,True,True,True,True,True,True,False,False,,False,13,14,8
Eryth,overall,5,0.5,0.03,3000,10,1000,500,35,35,35,35,-0.0080054012345679,0.6412117587550544,0.4201680672268907,11.250420168067228,1.6033613445378152,False,True,True,True,True,True,True,True,False,False,,False,13,14,8
Eryth,overall,5,0.5,0.03,3000,25,100,199,75,75,54,72,0.117736311983471,0.1248794168794168,0.0358558558558558,0.9796396396396396,1.9906306306306307,False,True,True,True,True,True,True,True,True,False,,False,17,6,2
Eryth,overall,5,0.5,0.03,3000,25,250,500,81,81,76,81,0.1034620697747601,0.2345005298845436,0.0771604938271604,3.699074074074074,2.525771604938272,False,True,True,True,True,True,True,True,True,False,,False,17,8,3
Eryth,overall,5,0.5,0.03,3000,25,500,1000,80,80,78,80,0.0512997292201053,0.3517344765802812,0.1582278481012658,8.456962025316455,2.017088607594937,False,True,True,True,True,True,True,True,True,False,,False,17,11,6
Eryth,overall,5,0.5,0.03,3000,25,1000,1784,80,80,80,80,0.0160262511671733,0.5286462475743064,0.2822784810126582,16.076898734177217,1.7718354430379746,False,True,True,True,True,True,True,True,True,False,,False,17,15,9
Eryth,overall,5,0.5,0.03,3000,50,100,200,116,116,75,108,0.0783612948960302,0.0457552744190675,0.0149925037481259,0.2500749625187406,0.9243628185907048,False,True,True,True,True,True,True,True,True,False,,False,19,5,2
Eryth,overall,5,0.5,0.03,3000,50,250,500,131,131,108,129,0.0801734330008962,0.1272835107159073,0.0293599530240751,1.6827363476218438,2.910275983558426,False,True,True,True,True,True,True,True,True,False,,True,20,6,2
Eryth,overall,5,0.5,0.03,3000,50,500,1000,132,132,128,132,0.0568986878137275,0.1779838921634137,0.0578302105019662,4.576567198704604,2.641279204256304,False,True,True,True,True,True,True,True,True,False,,True,20,9,4
Eryth,overall,5,0.5,0.03,3000,50,1000,2000,131,131,130,131,0.0302840997988693,0.2755779002377276,0.1174398120963006,10.398766881972987,2.1314151497357603,False,True,True,True,True,True,True,True,True,False,,True,20,11,5
Eryth,overall,5,0.5,0.03,3000,75,100,196,126,126,76,115,0.1229060288452924,0.0392384731670445,0.0124444444444444,0.1963174603174603,0.7961904761904762,False,True,True,True,True,True,True,True,True,False,,False,21,4,2
Eryth,overall,5,0.5,0.03,3000,75,250,497,154,154,124,149,0.0859047564801761,0.0801918321449099,0.0210932857991681,1.2774382480264834,3.0034377387318565,False,True,True,True,True,True,True,True,True,False,,True,22,8,4
Eryth,overall,5,0.5,0.03,3000,75,500,981,153,153,146,153,0.0847877001876453,0.1481581704772988,0.0421826625386996,3.688940488476092,2.954936360509116,False,True,True,True,True,True,True,True,True,False,,True,21,8,3
Eryth,overall,5,0.5,0.03,3000,75,1000,1986,154,154,152,154,0.0522822390897055,0.2139171489671412,0.0842882607588489,8.427383074441899,2.321874204227145,False,True,True,True,True,True,True,True,True,False,,True,22,12,6
Eryth,overall,5,0.5,0.03,3000,100,100,194,128,128,82,114,0.1664404746875394,0.0367373511904761,0.0119340551181102,0.0954109251968503,0.3255413385826771,False,True,True,True,True,True,True,True,True,False,,True,22,4,2
Eryth,overall,5,0.5,0.03,3000,100,250,492,155,155,125,149,0.0939568010246657,0.0841009292296314,0.020611646418098,1.2305823209049016,2.915333054042732,False,True,True,True,True,True,True,True,True,False,,True,22,7,3
Eryth,overall,5,0.5,0.03,3000,100,500,973,157,157,147,157,0.0817512438320263,0.1356938289075902,0.0397272578801241,3.4875877837661275,2.952841744243018,False,True,True,True,True,True,True,True,True,False,,True,22,10,5
Eryth,overall,5,0.5,0.03,3000,100,1000,1972,156,156,154,156,0.0557412821737391,0.2051677455783914,0.0815550041356493,8.287510339123243,2.337551695616212,False,True,True,True,True,True,True,True,True,False,,True,22,11,6
Eryth,overall,5,0.5,0.03,4000,10,100,200,35,35,33,35,0.0507596253902185,0.3784933460563712,0.1680672268907563,3.7,2.0327731092436974,False,True,True,True,True,True,True,True,False,False,,False,13,8,4
Eryth,overall,5,0.5,0.03,4000,10,250,477,35,35,35,35,-0.0095229549639524,0.6359732542139724,0.4008403361344538,10.43529411764706,1.6445378151260504,False,True,True,True,True,True,True,True,False,False,,False,13,13,9
Eryth,overall,5,0.5,0.03,4000,10,500,555,35,35,35,35,-0.0216755890002777,0.7040545404062604,0.4663865546218487,12.51764705882353,1.5487394957983194,False,True,True,True,True,True,True,True,False,False,,False,13,14,9
Eryth,overall,5,0.5,0.03,4000,10,1000,554,35,35,35,35,-0.0207663758800122,0.7024532212294219,0.4655462184873949,12.484873949579832,1.5495798319327732,False,True,True,True,True,True,True,True,False,False,,False,13,14,9
Eryth,overall,5,0.5,0.03,4000,25,100,200,77,77,59,72,0.11490950876185,0.1420368083660673,0.0341763499658236,0.8931989063568011,1.9201982228298016,False,True,True,True,True,True,True,True,True,False,,False,16,6,2
Eryth,overall,5,0.5,0.03,4000,25,250,500,78,78,75,78,0.0832997090615642,0.2139030070788667,0.0832500832500832,3.9735264735264737,2.4975024975024973,False,True,True,True,True,True,True,True,True,False,,False,16,9,4
Eryth,overall,5,0.5,0.03,4000,25,500,1000,78,78,76,78,0.036686184037408,0.3526164342958102,0.1665001665001665,8.97968697968698,1.969030969030969,False,True,True,True,True,True,True,True,True,False,,False,16,11,6
Eryth,overall,5,0.5,0.03,4000,25,1000,2000,79,79,79,79,0.0108605323102126,0.5825087937959333,0.3245699448231093,18.944173969490425,1.698961376176566,False,True,True,True,True,True,True,True,True,False,,False,16,15,9
Eryth,overall,5,0.5,0.03,4000,50,100,200,119,119,75,103,0.1063939979283894,0.0801153794851274,0.0142429853297251,0.3257370744908133,1.3256658595641646,False,True,True,True,True,True,True,True,True,False,,False,20,5,2
Eryth,overall,5,0.5,0.03,4000,50,250,500,131,131,111,129,0.0888630615616273,0.1109856557756729,0.0293599530240751,1.929477392836172,2.950029359953024,False,True,True,True,True,True,True,True,True,False,,True,22,8,4
Eryth,overall,5,0.5,0.03,4000,50,500,1000,132,132,128,132,0.0630254265037545,0.1609390008973503,0.0578302105019662,4.814480684709692,2.686155447605829,False,True,True,True,True,True,True,True,True,False,,True,21,10,4
Eryth,overall,5,0.5,0.03,4000,50,1000,2000,134,134,134,134,0.0374221405044797,0.257217349602565,0.1122208506340478,10.31635057793738,2.170744024239704,False,True,True,True,True,True,True,True,True,False,,True,22,14,8
Eryth,overall,5,0.5,0.03,4000,75,100,196,126,126,80,107,0.1345945945945946,0.0749118165784832,0.0124444444444444,0.1343492063492063,0.5111111111111111,False,True,True,True,True,True,True,True,True,False,,False,20,5,3
Eryth,overall,5,0.5,0.03,4000,75,250,494,153,153,121,150,0.0942135266113223,0.0756288256576607,0.0212418300653594,1.2378310973512212,2.6489508083935327,False,True,True,True,True,True,True,True,True,False,,True,22,6,4
Eryth,overall,5,0.5,0.03,4000,75,500,981,157,157,145,156,0.0986284528459821,0.1205327244190649,0.0400538951494365,3.5476073820022864,2.8392944634982853,False,True,True,True,True,True,True,True,True,False,,True,22,9,5
Eryth,overall,5,0.5,0.03,4000,75,1000,1947,153,153,150,153,0.0587232601156912,0.2037470829544237,0.0837203302373581,8.392414860681114,2.303405572755418,False,True,True,True,True,True,True,True,True,False,,True,22,13,7
Eryth,overall,5,0.5,0.03,4000,100,100,193,124,124,76,106,0.1467063156623596,0.0767123557446138,0.0126540781536847,0.1005769735116706,0.3156963021243115,False,True,True,True,True,True,True,True,True,False,,False,20,5,3
Eryth,overall,5,0.5,0.03,4000,100,250,487,154,154,122,152,0.0963392787219046,0.0869723975625426,0.02066887361005,1.1787624140565316,2.5298361768950004,False,True,True,True,True,True,True,True,True,False,,True,22,6,4
Eryth,overall,5,0.5,0.03,4000,100,500,977,159,159,148,158,0.0845316937673606,0.117328957860952,0.0388902157471538,3.4677971499084466,2.839224584029934,False,True,True,True,True,True,True,True,True,False,,True,22,9,5
Eryth,overall,5,0.5,0.03,4000,100,1000,1958,156,156,155,156,0.0584488203828635,0.2004963919409715,0.0809760132340777,8.32535153019024,2.370306038047973,False,True,True,True,True,True,True,True,True,False,,True,22,12,6
Eryth,overall,5,0.75,0.005,2000,10,100,200,32,32,31,29,-0.0106751470632147,0.4398213907695332,0.2016129032258064,3.629032258064516,1.8911290322580645,False,True,True,False,False,True,True,True,True,False,,False,10,4,3
Eryth,overall,5,0.75,0.005,2000,10,250,270,32,32,32,29,-0.0249894075277169,0.5675763002099193,0.2721774193548387,5.181451612903226,1.7570564516129032,False,True,True,False,False,True,True,True,True,False,,False,10,4,3
Eryth,overall,5,0.75,0.005,2000,10,500,248,33,33,33,31,-0.0141947144525997,0.5458804296265597,0.2348484848484848,4.62405303030303,1.8721590909090908,False,True,True,False,False,True,True,True,False,False,,False,7,4,3
Eryth,overall,5,0.75,0.005,2000,10,1000,269,32,32,32,29,-0.0238387722765226,0.5617939447332705,0.2711693548387097,5.167338709677419,1.7580645161290325,False,True,True,False,False,True,True,True,True,False,,False,10,4,3
Eryth,overall,5,0.75,0.005,2000,25,100,200,70,70,58,67,0.0387772026652177,0.127780869923727,0.041407867494824,1.3407867494824015,2.503105590062112,False,True,True,True,False,True,True,True,True,False,,False,15,4,3
Eryth,overall,5,0.75,0.005,2000,25,250,500,72,72,70,69,0.0039514716562005,0.3036510666389838,0.0978090766823161,3.785211267605634,2.2942097026604067,False,True,True,True,False,True,True,True,True,False,,False,16,6,4
Eryth,overall,5,0.75,0.005,2000,25,500,840,73,73,73,71,-0.0085053808662086,0.4707340108802693,0.1598173515981735,6.5608828006088284,2.060692541856925,False,True,True,True,False,True,True,True,True,False,,False,16,9,6
Eryth,overall,5,0.75,0.005,2000,25,1000,813,73,73,73,71,-0.0111022222222222,0.4482562400906614,0.1546803652968036,6.331240487062405,2.0918949771689497,False,True,True,True,False,True,True,True,True,False,,False,16,7,3
Eryth,overall,5,0.75,0.005,2000,50,100,197,101,101,68,85,0.0718282548476454,0.0858364407869358,0.0195049504950495,0.478019801980198,1.3809900990099009,False,True,True,True,True,True,True,True,True,False,,False,20,3,3
Eryth,overall,5,0.75,0.005,2000,50,250,480,118,118,101,112,0.0406805293005671,0.1503335386466028,0.034767492394611,1.771258872953788,2.524554541503694,False,True,True,True,True,True,True,True,True,False,,True,22,4,3
Eryth,overall,5,0.75,0.005,2000,50,500,953,122,122,117,118,0.0141015231525289,0.2335257647592665,0.0645576480151741,4.06299959355101,2.5541931987535564,False,True,True,True,True,True,True,True,True,False,,True,22,6,4
Eryth,overall,5,0.75,0.005,2000,50,1000,1858,123,123,122,122,-0.0001196469043324,0.3687208948192574,0.1238171398107423,8.4073037451686,2.1943889111022257,False,True,True,True,True,True,True,True,True,False,,True,22,9,5
Eryth,overall,5,0.75,0.005,2000,75,100,195,112,112,78,91,0.0857854232684472,0.0523455215419501,0.0156853281853281,0.3688063063063063,1.3400096525096523,False,True,True,True,True,True,True,True,True,False,,False,21,3,3
Eryth,overall,5,0.75,0.005,2000,75,250,471,130,130,108,123,0.0367105422050477,0.113820701869642,0.0280858676207513,1.4796660703637448,2.5619558735837806,False,True,True,True,True,True,True,True,True,False,,True,22,4,3
Eryth,overall,5,0.75,0.005,2000,75,500,934,137,137,128,133,0.0486873704559949,0.1889373285698969,0.0501288106483469,3.3171425504508374,2.692303563761271,False,True,True,True,True,True,True,True,True,False,,True,22,4,3
Eryth,overall,5,0.75,0.005,2000,75,1000,1864,138,138,136,137,0.0151894348498187,0.3082331249998836,0.0985930392467999,7.351369935470221,2.336189569448852,False,True,True,True,True,True,True,True,True,False,,True,22,8,5
Eryth,overall,5,0.75,0.005,2000,100,100,187,101,101,77,86,0.0743890640117349,0.0702831272138202,0.0185148514851485,0.6111881188118812,2.4422772277227724,False,True,True,True,True,True,True,True,True,False,,False,17,4,4
Eryth,overall,5,0.75,0.005,2000,100,250,446,127,127,103,119,0.0648582845663376,0.1288471941100551,0.0278715160604924,1.484251968503937,2.6857892763404574,False,True,True,True,True,True,True,True,True,False,,True,21,5,5
Eryth,overall,5,0.75,0.005,2000,100,500,927,137,137,127,132,0.0409637349886944,0.1936806980689642,0.0497531129240017,3.2638471446972948,2.6503864319450408,False,True,True,True,True,True,True,True,True,False,,True,22,4,3
Eryth,overall,5,0.75,0.005,2000,100,1000,1838,138,138,137,137,0.0186696787412676,0.3079875100392938,0.097217814450439,7.230561726436052,2.357981593145033,False,True,True,True,True,True,True,True,True,False,,True,22,8,5
Eryth,overall,5,0.75,0.005,3000,10,100,200,32,32,32,29,-0.0185213138509841,0.4733073782512637,0.2016129032258064,3.654233870967742,1.9778225806451613,False,True,True,False,False,True,True,True,True,False,,False,10,4,3
Eryth,overall,5,0.75,0.005,3000,10,250,252,33,33,33,31,-0.0182613168724279,0.5761534496776608,0.2386363636363636,4.559659090909091,1.875,False,True,True,False,False,True,True,True,False,False,,False,7,4,3
Eryth,overall,5,0.75,0.005,3000,10,500,289,32,32,32,29,-0.0304097861238263,0.6199880542461982,0.2913306451612903,5.430443548387097,1.717741935483871,False,True,True,False,False,True,True,True,True,False,,False,10,4,3
Eryth,overall,5,0.75,0.005,3000,10,1000,289,32,32,32,29,-0.0304097861238263,0.6199880542461981,0.2913306451612903,5.430443548387097,1.717741935483871,False,True,True,False,False,True,True,True,True,False,,False,10,4,3
Eryth,overall,5,0.75,0.005,3000,25,100,200,69,69,57,63,0.0216209966470112,0.1308707395663917,0.0426257459505541,1.3352514919011085,2.445225916453538,False,True,True,True,False,True,True,True,True,False,,False,15,4,4
Eryth,overall,5,0.75,0.005,3000,25,250,500,73,73,71,69,0.0107573272820884,0.3025126378647405,0.0951293759512937,3.638318112633181,2.218036529680365,False,True,True,True,False,True,True,True,True,False,,False,16,6,4
Eryth,overall,5,0.75,0.005,3000,25,500,869,73,73,73,71,-0.0107588845844242,0.4883462234250837,0.1653348554033485,6.695966514459665,2.0487062404870624,False,True,True,True,False,True,True,True,True,False,,False,16,9,6
Eryth,overall,5,0.75,0.005,3000,25,1000,868,73,73,73,71,-0.0146038547942488,0.4839900889698738,0.1651445966514459,6.695776255707763,2.054223744292237,False,True,True,True,False,True,True,True,True,False,,False,16,7,3
Eryth,overall,5,0.75,0.005,3000,50,100,199,100,100,68,86,0.061896363483665,0.1044473304473304,0.0201010101010101,0.59,2.1174747474747475,False,True,True,True,True,True,True,True,True,False,,False,20,2,2
Eryth,overall,5,0.75,0.005,3000,50,250,489,116,116,98,108,0.0371625940536197,0.152887758020741,0.0366566716641679,1.8306596701649176,2.4041229385307346,False,True,True,True,True,True,True,True,True,False,,True,22,4,3
Eryth,overall,5,0.75,0.005,3000,50,500,973,122,122,112,120,0.0109983768094676,0.2599114452445524,0.065912477984013,4.01287088470397,2.4072618886329766,False,True,True,True,True,True,True,True,True,False,,True,22,5,3
Eryth,overall,5,0.75,0.005,3000,50,1000,1944,122,122,118,121,-0.0065660473904627,0.4027548330554,0.1316894729711421,8.65980219482455,2.080409158650589,False,True,True,True,True,True,True,True,True,False,,True,22,9,5
Eryth,overall,5,0.75,0.005,3000,75,100,196,111,111,76,93,0.0769109782950614,0.0881504881504881,0.016052416052416,0.335954135954136,1.3055692055692056,False,True,True,True,True,True,True,True,True,False,,False,20,2,2
Eryth,overall,5,0.75,0.005,3000,75,250,456,129,129,106,118,0.0579142428222931,0.1273069127960549,0.0276162790697674,1.419937015503876,2.501998546511628,False,True,True,True,True,True,True,True,True,False,,True,21,5,5
Eryth,overall,5,0.75,0.005,3000,75,500,941,138,138,128,133,0.0300796573022029,0.2078756761267748,0.0497725589759864,3.2406114461017665,2.55564371099122,False,True,True,True,True,True,True,True,True,False,,True,22,4,3
Eryth,overall,5,0.75,0.005,3000,75,1000,1887,138,138,137,137,0.0079729362745478,0.3223678084974959,0.0998095842589654,7.475669099756691,2.347614513910928,False,True,True,True,True,True,True,True,True,False,,True,22,7,4
Eryth,overall,5,0.75,0.005,3000,100,100,192,111,111,75,92,0.0609005942249693,0.0834334334334334,0.0157248157248157,0.3183456183456183,1.2226863226863227,False,True,True,True,True,True,True,True,True,False,,False,20,2,2
Eryth,overall,5,0.75,0.005,3000,100,250,468,130,130,110,120,0.0217802469135802,0.122307792363758,0.027906976744186,1.479308288610614,2.625700655933214,False,True,True,True,True,True,True,True,True,False,,True,22,3,3
Eryth,overall,5,0.75,0.005,3000,100,500,929,138,138,126,133,0.0320302112917824,0.2101928678900205,0.0491378398392044,3.1736485771712686,2.5311012377023165,False,True,True,True,True,True,True,True,True,False,,True,22,4,3
Eryth,overall,5,0.75,0.005,3000,100,1000,1860,138,138,137,137,0.0062019469201651,0.3218417578391188,0.0983814662012059,7.369036284777319,2.3590923516344016,False,True,True,True,True,True,True,True,True,False,,True,22,7,4
Eryth,overall,5,0.75,0.005,4000,10,100,200,32,32,32,29,-0.0187930201666465,0.4698165700076497,0.2016129032258064,3.627016129032258,1.9879032258064515,False,True,True,False,False,True,True,True,True,False,,False,10,4,3
Eryth,overall,5,0.75,0.005,4000,10,250,252,33,33,33,31,-0.0182613168724279,0.5761534496776608,0.2386363636363636,4.559659090909091,1.875,False,True,True,False,False,True,True,True,False,False,,False,7,4,3
Eryth,overall,5,0.75,0.005,4000,10,500,252,33,33,33,31,-0.0182613168724279,0.5761534496776608,0.2386363636363636,4.559659090909091,1.875,False,True,True,False,False,True,True,True,False,False,,False,7,4,3
Eryth,overall,5,0.75,0.005,4000,10,1000,289,32,32,32,29,-0.0304097861238263,0.6199880542461982,0.2913306451612903,5.430443548387097,1.717741935483871,False,True,True,False,False,True,True,True,True,False,,False,10,4,3
Eryth,overall,5,0.75,0.005,4000,25,100,200,69,69,58,64,0.0461650840029218,0.1224648137691615,0.0426257459505541,1.3316283034953111,2.4307331628303497,False,True,True,True,False,True,True,True,True,False,,False,15,4,3
Eryth,overall,5,0.75,0.005,4000,25,250,500,73,73,70,70,-0.0026072803815221,0.3184498202467285,0.0951293759512937,3.6851217656012176,2.2482876712328768,False,True,True,True,False,True,True,True,True,False,,False,16,5,3
Eryth,overall,5,0.75,0.005,4000,25,500,868,73,73,73,71,-0.0146038547942488,0.4839900889698739,0.1651445966514459,6.695776255707763,2.054223744292237,False,True,True,True,False,True,True,True,True,False,,False,16,7,3
Eryth,overall,5,0.75,0.005,4000,25,1000,868,73,73,73,71,-0.0146038547942488,0.4839900889698739,0.1651445966514459,6.695776255707763,2.054223744292237,False,True,True,True,False,True,True,True,True,False,,False,16,7,3
Eryth,overall,5,0.75,0.005,4000,50,100,199,100,100,68,86,0.0579211108311637,0.1049711399711399,0.0201010101010101,0.59,2.058989898989899,False,True,True,True,True,True,True,True,True,False,,False,20,2,2
Eryth,overall,5,0.75,0.005,4000,50,250,489,117,117,97,109,0.0369388742786178,0.1452395308825929,0.0360300618921308,1.79192455054524,2.3768788682581787,False,True,True,True,True,True,True,True,True,False,,True,22,3,3
Eryth,overall,5,0.75,0.005,4000,50,500,951,117,117,112,115,0.0206635144292091,0.247953098720935,0.0700707338638373,4.341511936339523,2.457338638373121,False,True,True,True,True,True,True,True,True,False,,True,22,6,5
Eryth,overall,5,0.75,0.005,4000,50,1000,1864,117,117,117,116,-0.0011380550815294,0.4253466495133129,0.1373415856174477,9.052092543471854,2.138225758915414,False,True,True,True,True,True,True,True,True,False,,True,22,11,8
Eryth,overall,5,0.75,0.005,4000,75,100,196,112,112,76,93,0.0713775057908433,0.08703231292517,0.0157657657657657,0.319980694980695,1.2462194337194337,False,True,True,True,True,True,True,True,True,False,,False,20,2,2
Eryth,overall,5,0.75,0.005,4000,75,250,477,131,131,113,122,0.031277144118359,0.1244701861054991,0.0280093951849677,1.5172636523781562,2.6776277157956545,False,True,True,True,True,True,True,True,True,False,,True,22,4,3
Eryth,overall,5,0.75,0.005,4000,75,500,942,138,138,128,133,0.0297873090467501,0.2040264923446735,0.0498254522373849,3.278271448217497,2.662964138368772,False,True,True,True,True,True,True,True,True,False,,True,22,4,3
Eryth,overall,5,0.75,0.005,4000,75,1000,1887,138,138,137,137,0.0076279668841799,0.323048333014217,0.0998095842589654,7.464720194647202,2.3489897387072887,False,True,True,True,True,True,True,True,True,False,,True,22,8,5
Eryth,overall,5,0.75,0.005,4000,100,100,192,110,110,76,92,0.0534055958672997,0.0893506493506493,0.0160133444537114,0.3329441201000834,1.294495412844037,False,True,True,True,True,True,True,True,True,False,,False,19,2,2
Eryth,overall,5,0.75,0.005,4000,100,250,469,131,131,112,120,0.031300239428518,0.1239400686940449,0.0275396359365825,1.4739870816206695,2.65713446858485,False,True,True,True,True,True,True,True,True,False,,True,22,4,3
Eryth,overall,5,0.75,0.005,4000,100,500,929,138,138,128,133,0.0333249503275628,0.2142091708600524,0.0491378398392044,3.2077647307733,2.576483655982228,False,True,True,True,True,True,True,True,True,False,,True,22,4,3
Eryth,overall,5,0.75,0.005,4000,100,1000,1861,138,138,137,137,0.0044378325624489,0.321384249375744,0.0984343594626044,7.375383476145139,2.355918755950492,False,True,True,True,True,True,True,True,True,False,,True,22,7,4
Eryth,overall,5,0.75,0.01,2000,10,100,200,33,33,33,32,0.0362816391498392,0.4451976078981426,0.1893939393939394,3.836174242424242,2.114583333333333,False,True,True,False,True,True,True,True,False,False,,False,11,5,4
Eryth,overall,5,0.75,0.01,2000,10,250,270,33,33,33,32,0.0081562128418549,0.5061828818920192,0.2556818181818182,5.221590909090909,1.9005681818181817,False,True,True,False,True,True,True,True,False,False,,False,11,5,4
Eryth,overall,5,0.75,0.01,2000,10,500,264,33,33,33,32,0.0010188437578839,0.498229793212906,0.25,5.113636363636363,1.9034090909090908,False,True,True,False,True,True,True,True,False,False,,False,10,5,4
Eryth,overall,5,0.75,0.01,2000,10,1000,270,33,33,33,32,0.0081562128418549,0.5061828818920192,0.2556818181818182,5.221590909090909,1.9005681818181817,False,True,True,False,True,True,True,True,False,False,,False,11,5,4
Eryth,overall,5,0.75,0.01,2000,25,100,200,68,68,58,65,0.0590942293644996,0.1400783040488922,0.0438981562774363,1.4771729587357332,2.698858647936787,False,True,True,True,True,True,True,True,True,False,,True,17,5,5
Eryth,overall,5,0.75,0.01,2000,25,250,500,69,69,66,67,0.0361105860113421,0.2673318206531466,0.1065643648763853,4.449275362318841,2.259164535379369,False,True,True,True,True,True,True,True,True,False,,True,18,9,6
Eryth,overall,5,0.75,0.01,2000,25,500,921,69,69,69,67,-0.0023868639670749,0.4458322642680047,0.1962915601023017,8.605072463768115,1.9509803921568627,False,True,True,True,True,True,True,True,True,False,,True,17,9,7
Eryth,overall,5,0.75,0.01,2000,25,1000,946,69,69,69,67,-0.004599886536132,0.4530623707240076,0.201619778346121,8.910912190963343,1.9317988064791127,False,True,True,True,True,True,True,True,True,False,,True,18,10,7
Eryth,overall,5,0.75,0.01,2000,50,100,195,102,102,75,89,0.0176734531912945,0.0741377359024417,0.0189283634245777,0.5983304212774219,2.4538924480683364,False,True,True,True,True,True,True,True,True,False,,False,19,3,3
Eryth,overall,5,0.75,0.01,2000,50,250,494,123,123,107,118,0.040406961827503,0.1368468403486903,0.0329201652672264,1.9055711048913768,2.6241503398640544,False,True,True,True,True,True,True,True,True,False,,True,21,6,5
Eryth,overall,5,0.75,0.01,2000,50,500,988,126,126,122,125,0.0366747600878714,0.2115966998997207,0.0627301587301587,4.539746031746032,2.6164444444444444,False,True,True,True,True,True,True,True,True,False,,True,21,8,6
Eryth,overall,5,0.75,0.01,2000,50,1000,1966,126,126,126,126,0.0106051703788218,0.3286164136413654,0.1248253968253968,9.667174603174605,2.2182222222222223,False,True,True,True,True,True,True,True,True,False,,True,21,10,6
Eryth,overall,5,0.75,0.01,2000,75,100,191,106,106,83,91,0.0384006688763474,0.0625248441286177,0.0171608265947888,0.5957771787960467,2.65759209344115,False,True,True,True,True,True,True,True,True,False,,False,20,2,2
Eryth,overall,5,0.75,0.01,2000,75,250,475,141,141,117,129,0.0501287195996051,0.1088683542705016,0.0240628166160081,1.4699594731509624,2.544326241134752,False,True,True,True,True,True,True,True,True,False,,True,22,5,5
Eryth,overall,5,0.75,0.01,2000,75,500,939,145,145,132,144,0.0400681548289346,0.151501628516831,0.044971264367816,3.39808429118774,2.6877394636015324,False,True,True,True,True,True,True,True,True,False,,True,22,7,5
Eryth,overall,5,0.75,0.01,2000,75,1000,1906,146,146,143,146,0.0137592338182964,0.280483392624611,0.0900330656589513,7.728153046764289,2.3312234293812,False,True,True,True,True,True,True,True,True,False,,True,22,11,8
Eryth,overall,5,0.75,0.01,2000,100,100,188,105,105,80,88,0.0243438094940856,0.08289356146499,0.0172161172161172,0.5436813186813186,2.581043956043956,False,True,True,True,True,True,True,True,True,False,,False,20,2,2
Eryth,overall,5,0.75,0.01,2000,100,250,472,140,140,116,126,0.0395558553777014,0.0901309913610886,0.0242548818088386,1.5097122302158272,2.6355601233299075,False,True,True,True,True,True,True,True,True,False,,True,22,5,5
Eryth,overall,5,0.75,0.01,2000,100,500,945,145,145,133,145,0.0453001366304821,0.1575103588786837,0.0452586206896551,3.4779214559386973,2.78544061302682,False,True,True,True,True,True,True,True,True,False,,True,22,8,6
Eryth,overall,5,0.75,0.01,2000,100,1000,1873,148,148,145,148,0.0228677551020407,0.2601621598680644,0.0860911932340503,7.510571796286082,2.351489244346387,False,True,True,True,True,True,True,True,True,False,,True,22,10,7
Eryth,overall,5,0.75,0.01,3000,10,100,200,32,32,31,31,0.0525576604974875,0.4184587369330017,0.2016129032258064,4.230846774193548,1.878024193548387,False,True,True,True,True,True,True,True,False,False,,False,12,7,5
Eryth,overall,5,0.75,0.01,3000,10,250,317,32,32,32,31,-0.0002432958477508,0.5995920561020172,0.3195564516129032,6.858870967741935,1.689516129032258,False,True,True,True,True,True,True,True,False,False,,False,12,8,6
Eryth,overall,5,0.75,0.01,3000,10,500,317,32,32,32,31,-0.0006708797917589,0.6039037188045089,0.3195564516129032,6.839717741935484,1.689516129032258,False,True,True,True,True,True,True,True,False,False,,False,12,8,6
Eryth,overall,5,0.75,0.01,3000,10,1000,316,32,32,32,31,-0.0002432958477508,0.6037713303965072,0.3185483870967742,6.830645161290323,1.690524193548387,False,True,True,True,True,True,True,True,False,False,,False,12,8,6
Eryth,overall,5,0.75,0.01,3000,25,100,199,66,66,56,64,0.067458640260838,0.1396148043875316,0.0463869463869463,1.495104895104895,2.737296037296037,False,True,True,True,True,True,True,True,True,False,,False,16,4,3
Eryth,overall,5,0.75,0.01,3000,25,250,500,70,70,66,69,0.0405217291813657,0.2914007023355234,0.10351966873706,4.322360248447205,2.303933747412008,False,True,True,True,True,True,True,True,True,False,,False,16,8,6
Eryth,overall,5,0.75,0.01,3000,25,500,997,70,70,70,69,0.0031255987015631,0.4856853536959308,0.2064182194616977,9.208902691511389,1.982608695652174,False,True,True,True,True,True,True,True,True,False,,False,16,9,7
Eryth,overall,5,0.75,0.01,3000,25,1000,1114,70,70,70,69,0.001611774838548,0.5307649934803496,0.2306418219461697,10.321946169772255,1.9180124223602484,False,True,True,True,True,True,True,True,True,False,,False,16,9,7
Eryth,overall,5,0.75,0.01,3000,50,100,195,107,107,76,92,0.0024933560273522,0.0580248412024112,0.0171927349673778,0.501675189560924,1.837153941103861,False,True,True,True,True,True,True,True,True,False,,True,21,5,5
Eryth,overall,5,0.75,0.01,3000,50,250,491,125,125,103,120,0.0340510859991379,0.1207554876496052,0.0316774193548387,1.826774193548387,2.526,False,True,True,True,True,True,True,True,True,False,,True,22,8,6
Eryth,overall,5,0.75,0.01,3000,50,500,1000,130,130,123,128,0.0397807438661023,0.1912678191520666,0.0596302921884317,4.283780560524747,2.576684555754323,False,True,True,True,True,True,True,True,True,False,,True,22,8,6
Eryth,overall,5,0.75,0.01,3000,50,1000,1975,127,127,126,127,0.0133286673461621,0.3358225526754334,0.1234220722409698,9.681914760654918,2.169103862017248,False,True,True,True,True,True,True,True,True,False,,True,22,12,8
Eryth,overall,5,0.75,0.01,3000,75,100,195,123,123,88,100,0.059567045097086,0.0515925808608735,0.0129948020791683,0.258296681327469,1.2596961215513796,False,True,True,True,True,True,True,True,True,False,,True,21,3,3
Eryth,overall,5,0.75,0.01,3000,75,250,481,143,143,119,136,0.0398730782557515,0.0794243910315918,0.0236875800256081,1.5954890180242294,2.7467251058800355,False,True,True,True,True,True,True,True,True,False,,True,22,4,4
Eryth,overall,5,0.75,0.01,3000,75,500,980,149,149,139,147,0.0332300845737956,0.1413726643615115,0.0444404135679303,3.615409033194268,2.7456013060039908,False,True,True,True,True,True,True,True,True,False,,True,22,6,5
Eryth,overall,5,0.75,0.01,3000,75,1000,1940,148,148,146,147,0.0234144085734444,0.2633829439500884,0.0891708034565177,7.88265306122449,2.3252436109578967,False,True,True,True,True,True,True,True,True,False,,True,22,9,7
Eryth,overall,5,0.75,0.01,3000,100,100,194,122,122,88,100,0.0733382030679328,0.0479236155465663,0.0131418506977374,0.2980625931445603,1.4260940251998375,False,True,True,True,True,True,True,True,True,False,,True,21,3,3
Eryth,overall,5,0.75,0.01,3000,100,250,490,147,147,119,139,0.0445283599774221,0.0858177098415298,0.0228310502283105,1.45829838784829,2.8487559407324574,False,True,True,True,True,True,True,True,True,False,,True,22,3,3
Eryth,overall,5,0.75,0.01,3000,100,500,964,148,148,136,145,0.0406890802472145,0.1438309409325168,0.0443096157381871,3.5935374149659864,2.716721823864681,False,True,True,True,True,True,True,True,True,False,,True,22,9,7
Eryth,overall,5,0.75,0.01,3000,100,1000,1939,149,149,147,148,0.0311953254609942,0.2569228678940988,0.087928532559405,7.796934518411028,2.332441501904589,False,True,True,True,True,True,True,True,True,False,,True,22,10,8
Eryth,overall,5,0.75,0.01,4000,10,100,200,32,32,31,30,0.0435379360975454,0.3925316003441004,0.2016129032258064,4.232862903225806,1.7893145161290325,False,True,True,True,True,True,True,True,False,False,,False,12,7,5
Eryth,overall,5,0.75,0.01,4000,10,250,350,32,32,32,31,-0.0139520742308905,0.6546093293791293,0.3528225806451613,7.351814516129032,1.6381048387096775,False,True,True,True,True,True,True,True,False,False,,False,12,9,6
Eryth,overall,5,0.75,0.01,4000,10,500,350,32,32,32,31,-0.0139520742308905,0.6546093293791293,0.3528225806451613,7.351814516129032,1.6381048387096775,False,True,True,True,True,True,True,True,False,False,,False,12,9,6
Eryth,overall,5,0.75,0.01,4000,10,1000,350,32,32,32,31,-0.0139520742308905,0.6546093293791293,0.3528225806451613,7.351814516129032,1.6381048387096775,False,True,True,True,True,True,True,True,False,False,,False,12,9,6
Eryth,overall,5,0.75,0.01,4000,25,100,200,68,68,58,66,0.0448074196597353,0.1628584650643474,0.0438981562774363,1.4582967515364356,2.739464442493415,False,True,True,True,True,True,True,True,True,False,,False,16,5,3
Eryth,overall,5,0.75,0.01,4000,25,250,500,69,69,67,69,0.0325675521061764,0.2940534874221308,0.1065643648763853,4.42924126172208,2.48231031543052,False,True,True,True,True,True,True,True,True,False,,False,16,7,4
Eryth,overall,5,0.75,0.01,4000,25,500,1000,70,70,70,70,0.0035438478678917,0.4873281772335528,0.2070393374741201,9.41656314699793,2.0111801242236025,False,True,True,True,True,True,True,True,True,False,,False,16,9,7
Eryth,overall,5,0.75,0.01,4000,25,1000,1235,70,70,70,70,-0.0054051745017435,0.5820304356324485,0.2556935817805383,11.438095238095238,1.898136645962733,False,True,True,True,True,True,True,True,True,False,,False,16,10,8
Eryth,overall,5,0.75,0.01,4000,50,100,200,111,111,79,96,0.0005208190564951,0.0464600964600964,0.0163800163800163,0.4144963144963145,1.4876330876330877,False,True,True,True,True,True,True,True,True,False,,True,20,3,3
Eryth,overall,5,0.75,0.01,4000,50,250,493,125,125,106,122,0.0261791583671146,0.1149495285797345,0.0318064516129032,1.956064516129032,2.7811612903225806,False,True,True,True,True,True,True,True,True,False,,True,22,5,5
Eryth,overall,5,0.75,0.01,4000,50,500,985,128,128,120,126,0.0255966981869922,0.1980322659341503,0.0605930118110236,4.338521161417323,2.550442913385827,False,True,True,True,True,True,True,True,True,False,,True,22,9,7
Eryth,overall,5,0.75,0.01,4000,50,1000,1976,128,128,128,128,0.0033527161623117,0.3277035071543838,0.1215551181102362,9.67433562992126,2.220841535433071,False,True,True,True,True,True,True,True,True,False,,True,22,9,7
Eryth,overall,5,0.75,0.01,4000,75,100,194,122,122,85,99,0.0438489998843796,0.0602932131620656,0.0131418506977374,0.2501693537461049,1.155534480422707,False,True,True,True,True,True,True,True,True,False,,True,20,3,3
Eryth,overall,5,0.75,0.01,4000,75,250,481,139,139,116,133,0.0397898804492211,0.0877917622416141,0.0250755917005526,1.5979042852674383,2.810655823167553,False,True,True,True,True,True,True,True,True,False,,True,22,5,5
Eryth,overall,5,0.75,0.01,4000,75,500,962,146,146,134,144,0.0254119004639715,0.1466008305505247,0.0454416627302787,3.631412376003779,2.739159187529523,False,True,True,True,True,True,True,True,True,False,,True,22,7,6
Eryth,overall,5,0.75,0.01,4000,75,1000,1933,148,148,146,147,0.0140652640770745,0.2608813832144806,0.0888490531347674,7.862336826622541,2.345559845559845,False,True,True,True,True,True,True,True,True,False,,True,22,9,7
Eryth,overall,5,0.75,0.01,4000,100,100,195,123,123,85,100,0.044725328147788,0.0596798413871584,0.0129948020791683,0.258629881380781,1.2525656404105026,False,True,True,True,True,True,True,True,True,False,,True,20,3,3
Eryth,overall,5,0.75,0.01,4000,100,250,481,140,140,118,133,0.0433833375380853,0.0793060093010336,0.0247173689619732,1.6083761562178829,2.833196300102775,False,True,True,True,True,True,True,True,True,False,,True,22,5,5
Eryth,overall,5,0.75,0.01,4000,100,500,961,146,146,132,145,0.0367192158057701,0.1401186723079497,0.0453944260746339,3.630278696268304,2.69248937175248,False,True,True,True,True,True,True,True,True,False,,True,22,7,6
Eryth,overall,5,0.75,0.01,4000,100,1000,1958,150,150,147,149,0.0178225425330813,0.2671179836043297,0.0876062639821029,7.728143176733781,2.338836689038031,False,True,True,True,True,True,True,True,True,False,,True,22,8,6
Eryth,overall,5,0.75,0.02,2000,10,100,200,33,33,32,33,0.0407198796342733,0.3409670493895093,0.1893939393939394,4.309659090909091,2.1041666666666665,False,True,True,True,True,True,True,True,False,False,,False,12,7,4
Eryth,overall,5,0.75,0.02,2000,10,250,328,33,33,33,33,-0.0112015497820618,0.5422645104292579,0.3106060606060606,7.340909090909091,1.7878787878787878,False,True,True,True,True,True,True,True,False,False,,False,12,10,6
Eryth,overall,5,0.75,0.02,2000,10,500,329,33,33,33,33,-0.0112015497820618,0.5422645104292579,0.3115530303030303,7.366477272727272,1.786931818181818,False,True,True,True,True,True,True,True,False,False,,False,12,10,5
Eryth,overall,5,0.75,0.02,2000,10,1000,329,33,33,33,33,-0.0112015497820618,0.5422645104292579,0.3115530303030303,7.366477272727272,1.786931818181818,False,True,True,True,True,True,True,True,False,False,,False,12,10,5
Eryth,overall,5,0.75,0.02,2000,25,100,200,78,78,58,76,0.0672161008092209,0.1273524877203807,0.0333000333000333,1.0742590742590743,3.2987012987012987,False,True,True,True,True,True,True,True,True,False,,True,17,4,2
Eryth,overall,5,0.75,0.02,2000,25,250,500,77,77,73,76,0.0498527016429045,0.2226997190676689,0.0854408749145591,4.000854408749146,2.3834586466165413,False,True,True,True,True,True,True,True,True,False,,False,16,8,4
Eryth,overall,5,0.75,0.02,2000,25,500,1000,76,76,76,76,0.0272862938033524,0.394095409178967,0.175438596491228,8.741929824561403,2.072280701754386,False,True,True,True,True,True,True,True,True,False,,False,17,14,6
Eryth,overall,5,0.75,0.02,2000,25,1000,1211,78,78,78,78,0.0030102804922028,0.4441634481751736,0.2016317016317016,10.414085914085916,1.9795204795204795,False,True,True,True,True,True,True,True,True,False,,True,17,13,5
Eryth,overall,5,0.75,0.02,2000,50,100,199,114,114,74,101,0.0671593740376809,0.0706377186986605,0.0154479118149355,0.2845831392640894,1.021347616829685,False,True,True,True,True,True,True,True,True,False,,True,20,4,2
Eryth,overall,5,0.75,0.02,2000,50,250,500,129,129,105,125,0.0514491790049016,0.1118358416249312,0.0302810077519379,1.8125,2.510234980620155,False,True,True,True,True,True,True,True,True,False,,True,21,6,3
Eryth,overall,5,0.75,0.02,2000,50,500,1000,130,130,122,130,0.0598802035241612,0.1897163873794176,0.0596302921884317,4.653428741800835,2.536434108527132,False,True,True,True,True,True,True,True,True,False,,True,21,9,3
Eryth,overall,5,0.75,0.02,2000,50,1000,2000,132,132,132,132,0.0326976188413698,0.2967160529039649,0.1156604210039324,9.938295165394402,2.203041869072404,False,True,True,True,True,True,True,True,True,False,,True,21,13,6
Eryth,overall,5,0.75,0.02,2000,75,100,195,118,118,76,102,0.055411030176899,0.0618216778236718,0.0141242937853107,0.196870925684485,0.6780385339707373,False,True,True,True,True,True,True,True,True,False,,True,21,4,2
Eryth,overall,5,0.75,0.02,2000,75,250,500,151,151,124,146,0.0461543684925305,0.0852908886864396,0.0220750551876379,1.3999558498896247,2.9091390728476823,False,True,True,True,True,True,True,True,True,False,,True,22,6,3
Eryth,overall,5,0.75,0.02,2000,75,500,1000,154,154,145,153,0.0464452537865649,0.1548805265605026,0.0424412189118071,3.742763772175537,2.8568033273915625,False,True,True,True,True,True,True,True,True,False,,True,22,9,4
Eryth,overall,5,0.75,0.02,2000,75,1000,2000,155,155,152,155,0.0303039192588131,0.2297926998958743,0.0837871805613741,8.203477167993297,2.307582739840804,False,True,True,True,True,True,True,True,True,False,,True,22,12,6
Eryth,overall,5,0.75,0.02,2000,100,100,194,120,120,77,102,0.0736501654064272,0.0396640591377433,0.0135854341736694,0.2280812324929972,0.8618347338935575,False,True,True,True,True,True,True,True,True,False,,True,21,4,2
Eryth,overall,5,0.75,0.02,2000,100,250,495,150,150,123,145,0.0354538096889813,0.086897740755356,0.0221476510067114,1.4058165548098434,3.0151677852349,False,True,True,True,True,True,True,True,True,False,,True,22,6,3
Eryth,overall,5,0.75,0.02,2000,100,500,992,155,155,147,155,0.0595566157275793,0.1419817793105329,0.0415584415584415,3.540720569752828,2.8119815668202763,False,True,True,True,True,True,True,True,True,False,,True,22,13,5
Eryth,overall,5,0.75,0.02,2000,100,1000,1980,156,156,152,156,0.0277074208461267,0.2309727501227988,0.0818858560794044,8.03639371381307,2.3009098428453267,False,True,True,True,True,True,True,True,True,False,,True,22,12,6
Eryth,overall,5,0.75,0.02,3000,10,100,200,33,33,33,33,0.0444619742550826,0.3645938583104359,0.1893939393939394,4.350378787878788,2.203598484848485,False,True,True,True,True,True,True,True,False,False,,False,11,8,5
Eryth,overall,5,0.75,0.02,3000,10,250,412,33,33,33,33,-0.0304441921177007,0.6303862479376536,0.3901515151515151,9.588068181818182,1.6534090909090908,False,True,True,True,True,True,True,True,False,False,,False,12,11,5
Eryth,overall,5,0.75,0.02,3000,10,500,396,33,33,33,33,-0.0345094835621746,0.6251025780941102,0.375,9.046401515151516,1.6808712121212122,False,True,True,True,True,True,True,True,False,False,,False,11,10,5
Eryth,overall,5,0.75,0.02,3000,10,1000,396,33,33,33,33,-0.0345094835621746,0.6251025780941102,0.375,9.046401515151516,1.6808712121212122,False,True,True,True,True,True,True,True,False,False,,False,11,10,5
Eryth,overall,5,0.75,0.02,3000,25,100,200,73,73,58,68,0.0881957633308984,0.1697991550932727,0.0380517503805175,1.077054794520548,2.8970700152207,False,True,True,True,True,True,True,True,True,False,,False,17,7,4
Eryth,overall,5,0.75,0.02,3000,25,250,500,78,78,75,78,0.0512300116705227,0.2285879935823417,0.0832500832500832,4.058275058275059,2.526640026640026,False,True,True,True,True,True,True,True,True,False,,False,16,7,3
Eryth,overall,5,0.75,0.02,3000,25,500,1000,78,78,78,78,0.0194971438324381,0.3664870813688684,0.1665001665001665,8.824175824175825,2.067599067599068,False,True,True,True,True,True,True,True,True,False,,False,16,10,5
Eryth,overall,5,0.75,0.02,3000,25,1000,1594,78,78,78,78,0.0037746622194584,0.5323172428153031,0.2654012654012654,14.228937728937728,1.8125208125208123,False,True,True,True,True,True,True,True,True,False,,False,17,13,5
Eryth,overall,5,0.75,0.02,3000,50,100,200,120,120,75,112,0.0957980685763889,0.0453013847750689,0.0140056022408963,0.3662464985994397,1.6070028011204482,False,True,True,True,True,True,True,True,True,False,,True,22,5,3
Eryth,overall,5,0.75,0.02,3000,50,250,500,130,130,113,127,0.0610964083175803,0.1322404463035513,0.0298151460942158,1.94865831842576,3.0887298747763863,False,True,True,True,True,True,True,True,True,False,,True,22,8,4
Eryth,overall,5,0.75,0.02,3000,50,500,1000,132,132,125,132,0.0540912597236478,0.172484301063635,0.0578302105019662,4.609530418690724,2.5601434189220447,False,True,True,True,True,True,True,True,True,False,,True,22,13,6
Eryth,overall,5,0.75,0.02,3000,50,1000,2000,133,133,132,133,0.0376112785203375,0.2754798028489021,0.1139211665527455,10.135110503531555,2.1679197994987467,False,True,True,True,True,True,True,True,True,False,,True,22,15,7
Eryth,overall,5,0.75,0.02,3000,75,100,196,127,127,79,115,0.0953000346860909,0.03568385065606,0.0122484689413823,0.3373953255843019,1.5370578677665292,False,True,True,True,True,True,True,True,True,False,,True,21,5,3
Eryth,overall,5,0.75,0.02,3000,75,250,486,145,145,120,142,0.0433814315921372,0.0956073635666888,0.0232758620689655,1.4915708812260535,2.9152298850574714,False,True,True,True,True,True,True,True,True,False,,True,22,7,3
Eryth,overall,5,0.75,0.02,3000,75,500,977,152,152,139,150,0.0355916391758152,0.1450782812223236,0.0425670965493203,3.641469153014988,2.7644649703729525,False,True,True,True,True,True,True,True,True,False,,True,22,10,5
Eryth,overall,5,0.75,0.02,3000,75,1000,1944,151,151,147,151,0.0264740559353354,0.2306905814269233,0.0858278145695364,8.243708609271524,2.281280353200883,False,True,True,True,True,True,True,True,True,False,,True,22,12,6
Eryth,overall,5,0.75,0.02,3000,100,100,195,119,119,79,108,0.0841534838787586,0.0751018356060372,0.0138869106964819,0.2085173052271756,0.6956274035037744,False,True,True,True,True,True,True,True,True,False,,True,21,6,2
Eryth,overall,5,0.75,0.02,3000,100,250,497,149,149,121,143,0.0577785931926278,0.097124418711466,0.0225376383094503,1.44549247233811,2.969209142027934,False,True,True,True,True,True,True,True,True,False,,True,22,10,5
Eryth,overall,5,0.75,0.02,3000,100,500,977,155,155,141,154,0.0426625274101339,0.1370328349792704,0.0409300377042312,3.5677838290741515,2.744700460829493,False,True,True,True,True,True,True,True,True,False,,True,22,10,5
Eryth,overall,5,0.75,0.02,3000,100,1000,1932,154,154,152,154,0.0271935390809557,0.2192424312956828,0.0819964349376114,8.092267209914269,2.3561667091078857,False,True,True,True,True,True,True,True,True,False,,True,22,12,6
Eryth,overall,5,0.75,0.02,4000,10,100,200,36,36,35,36,0.0425601039636127,0.3218308833504912,0.1587301587301587,3.5912698412698414,2.305555555555556,False,True,True,True,True,True,True,True,False,False,,False,13,8,4
Eryth,overall,5,0.75,0.02,4000,10,250,452,36,36,36,36,-0.0199704142011834,0.6258444135601411,0.3587301587301587,9.001587301587302,1.7333333333333334,False,True,True,True,True,True,True,True,False,False,,False,13,11,6
Eryth,overall,5,0.75,0.02,4000,10,500,462,36,36,36,36,-0.0227366845634658,0.6328867088409645,0.3666666666666666,9.209523809523809,1.7230158730158731,False,True,True,True,True,True,True,True,False,False,,False,13,12,7
Eryth,overall,5,0.75,0.02,4000,10,1000,462,36,36,36,36,-0.0224424408424815,0.6372647744741716,0.3666666666666666,9.205555555555556,1.7206349206349207,False,True,True,True,True,True,True,True,False,False,,False,13,12,7
Eryth,overall,5,0.75,0.02,4000,25,100,200,73,73,58,69,0.1123505615263857,0.1633926173209009,0.0380517503805175,1.1067351598173516,2.7324961948249618,False,True,True,True,True,True,True,True,True,False,,False,16,4,2
Eryth,overall,5,0.75,0.02,4000,25,250,500,76,76,73,76,0.0578986051166572,0.2385806295648238,0.087719298245614,4.25280701754386,2.4985964912280703,False,True,True,True,True,True,True,True,True,False,,False,16,7,3
Eryth,overall,5,0.75,0.02,4000,25,500,1000,76,76,76,76,0.0214116792178623,0.3707718878025935,0.175438596491228,9.149122807017545,2.0385964912280703,False,True,True,True,True,True,True,True,True,False,,False,16,8,4
Eryth,overall,5,0.75,0.02,4000,25,1000,1751,76,76,76,76,-0.0012131114002215,0.5918057788666173,0.3071929824561403,16.284736842105264,1.7535087719298246,False,True,True,True,True,True,True,True,True,False,,False,16,13,6
Eryth,overall,5,0.75,0.02,4000,50,100,198,114,114,72,105,0.0944464241660041,0.0593514328808446,0.015370284117373,0.339931687626145,1.403586399627387,False,True,True,True,True,True,True,True,True,False,,False,21,4,2
Eryth,overall,5,0.75,0.02,4000,50,250,500,132,132,109,131,0.0732111549419241,0.108719568949187,0.0289151052509831,1.8998959056210964,2.8381332408049964,False,True,True,True,True,True,True,True,True,False,,True,22,9,5
Eryth,overall,5,0.75,0.02,4000,50,500,1000,134,134,127,134,0.0362876813761088,0.1634592198398403,0.0561104253170239,4.536471776456065,2.6450454494445066,False,True,True,True,True,True,True,True,True,False,,True,22,12,7
Eryth,overall,5,0.75,0.02,4000,50,1000,2000,134,134,133,134,0.0225788935061808,0.2703834653148217,0.1122208506340478,10.052070474694196,2.1633935585231736,False,True,True,True,True,True,True,True,True,False,,True,22,15,9
Eryth,overall,5,0.75,0.02,4000,75,100,196,123,123,79,109,0.0752977222800323,0.0476467501499593,0.0130614420898307,0.2018525922964147,0.7618286018925763,False,True,True,True,True,True,True,True,True,False,,False,21,4,2
Eryth,overall,5,0.75,0.02,4000,75,250,490,150,150,123,146,0.0666782286969591,0.0825370917734178,0.0219239373601789,1.4795525727069352,3.2254586129753915,False,True,True,True,True,True,True,True,True,False,,True,22,5,3
Eryth,overall,5,0.75,0.02,4000,75,500,979,153,153,140,153,0.0301101559873104,0.1268607622703532,0.0420966632266941,3.7552889576883386,2.8066305469556245,False,True,True,True,True,True,True,True,True,False,,True,22,10,5
Eryth,overall,5,0.75,0.02,4000,75,1000,1959,153,153,152,153,0.0211492352263208,0.2148265936109097,0.0842363261093911,8.391296869625043,2.35109219126247,False,True,True,True,True,True,True,True,True,False,,True,22,13,7
Eryth,overall,5,0.75,0.02,4000,100,100,196,125,125,79,113,0.0858625274598219,0.0291804055593529,0.0126451612903225,0.2356774193548387,1.0115483870967743,False,True,True,True,True,True,True,True,True,False,,False,21,4,2
Eryth,overall,5,0.75,0.02,4000,100,250,496,154,154,124,150,0.089306740740404,0.0805695379425828,0.0210508445802563,1.5317884729649436,3.173584585349291,False,True,True,True,True,True,True,True,True,False,,True,22,5,3
Eryth,overall,5,0.75,0.02,4000,100,500,990,155,155,143,154,0.0456527646502835,0.1344679523257892,0.0414746543778801,3.671219103477168,2.7927943024717217,False,True,True,True,True,True,True,True,True,False,,True,22,11,6
Eryth,overall,5,0.75,0.02,4000,100,1000,1957,156,156,154,156,0.028397128863017,0.2058402949625046,0.0809346567411083,8.161745244003308,2.3550454921422665,False,True,True,True,True,True,True,True,True,False,,True,22,13,7
Eryth,overall,5,0.75,0.03,2000,10,100,200,35,35,32,35,0.0645751150558842,0.3869023123910341,0.1680672268907563,3.709243697478992,2.015126050420168,False,True,True,True,True,True,True,True,False,False,,False,13,8,4
Eryth,overall,5,0.75,0.03,2000,10,250,379,35,35,35,35,-0.0119523665811579,0.5647562407451838,0.3184873949579831,8.045378151260504,1.7605042016806722,False,True,True,True,True,True,True,True,False,False,,False,13,12,7
Eryth,overall,5,0.75,0.03,2000,10,500,374,35,35,35,35,0.0024714041716267,0.5745681608320111,0.3142857142857143,7.819327731092437,1.780672268907563,False,True,True,True,True,True,True,True,False,False,,False,13,12,7
Eryth,overall,5,0.75,0.03,2000,10,1000,381,35,35,35,35,-0.0133406070224161,0.5656872186244146,0.3201680672268907,8.098319327731092,1.757983193277311,False,True,True,True,True,True,True,True,False,False,,False,13,12,7
Eryth,overall,5,0.75,0.03,2000,25,100,200,75,75,58,73,0.126101920057964,0.1857474856298385,0.036036036036036,1.069009009009009,2.5045045045045047,False,True,True,True,True,True,True,True,True,False,,False,16,5,2
Eryth,overall,5,0.75,0.03,2000,25,250,500,77,77,73,77,0.0815529411764705,0.2667201137175912,0.0854408749145591,3.810663021189337,2.476076555023924,False,True,True,True,True,True,True,True,True,False,,False,16,8,4
Eryth,overall,5,0.75,0.03,2000,25,500,1000,76,76,76,76,0.0352982081086148,0.4026465136108694,0.175438596491228,8.928070175438597,2.038421052631579,False,True,True,True,True,True,True,True,True,False,,False,16,8,4
Eryth,overall,5,0.75,0.03,2000,25,1000,1239,77,77,77,77,0.0227358804558652,0.4500075212825791,0.2117224880382775,11.031613123718389,1.9215652768284348,False,True,True,True,True,True,True,True,True,False,,False,17,13,7
Eryth,overall,5,0.75,0.03,2000,50,100,197,112,112,68,99,0.1056786619973433,0.0638652999078419,0.0158462033462033,0.3300353925353925,0.9607464607464608,False,True,True,True,True,True,True,True,True,False,,False,19,4,2
Eryth,overall,5,0.75,0.03,2000,50,250,500,131,131,104,129,0.0973650525298877,0.1518403904030228,0.0293599530240751,1.7055783910745743,2.675572519083969,False,True,True,True,True,True,True,True,True,False,,True,20,6,2
Eryth,overall,5,0.75,0.03,2000,50,500,1000,131,131,122,131,0.0766501654257667,0.2047945830968994,0.0587199060481503,4.387492660011744,2.4989430416911333,False,True,True,True,True,True,True,True,True,False,,True,20,8,4
Eryth,overall,5,0.75,0.03,2000,50,1000,2000,131,131,131,131,0.0456913182096586,0.2896886483905782,0.1174398120963006,10.220728126834995,2.1534351145038166,False,True,True,True,True,True,True,True,True,False,,False,19,9,4
Eryth,overall,5,0.75,0.03,2000,75,100,196,118,118,72,102,0.1107975753232404,0.0469702005095823,0.0141967260611328,0.2892945096334927,1.1250181080689556,False,True,True,True,True,True,True,True,True,False,,False,20,4,2
Eryth,overall,5,0.75,0.03,2000,75,250,490,147,147,117,139,0.0914433577474672,0.1130234992502004,0.0228310502283105,1.3272761159258224,2.806541794800112,False,True,True,True,True,True,True,True,True,False,,True,21,7,3
Eryth,overall,5,0.75,0.03,2000,75,500,976,150,150,140,149,0.0722536947875505,0.1825904217489042,0.0436689038031319,3.654675615212528,2.751319910514541,False,True,True,True,True,True,True,True,True,False,,True,21,7,3
Eryth,overall,5,0.75,0.03,2000,75,1000,1951,149,149,147,149,0.0519644658785021,0.2513700512678183,0.0884727008888082,8.357699981861055,2.2858697623798294,False,True,True,True,True,True,True,True,True,False,,True,21,8,4
Eryth,overall,5,0.75,0.03,2000,100,100,196,121,121,68,110,0.1281327049717549,0.0749377018515774,0.0134986225895316,0.256060606060606,0.9517217630853996,False,True,True,True,True,True,True,True,True,False,,True,21,4,2
Eryth,overall,5,0.75,0.03,2000,100,250,485,149,149,118,141,0.074887009216008,0.122211872340802,0.0219934699800471,1.3127607473245058,2.861690549610013,False,True,True,True,True,True,True,True,True,False,,True,21,6,2
Eryth,overall,5,0.75,0.03,2000,100,500,977,153,153,142,151,0.0790100249819302,0.174149381876875,0.0420106639146886,3.4895080839353283,2.7610079119367046,False,True,True,True,True,True,True,True,True,False,,True,21,8,4
Eryth,overall,5,0.75,0.03,2000,100,1000,1930,152,152,150,152,0.0536638302665539,0.2436078320788763,0.0840885325897525,8.03337399790868,2.3164430115022654,False,True,True,True,True,True,True,True,True,False,,True,21,8,4
Eryth,overall,5,0.75,0.03,3000,10,100,200,35,35,31,35,0.0550825401546698,0.3879632738876436,0.1680672268907563,3.6983193277310926,1.899159663865546,False,True,True,False,True,True,True,True,False,False,,False,12,4,2
Eryth,overall,5,0.75,0.03,3000,10,250,464,36,36,36,36,0.0088513891932695,0.5992549892888321,0.3682539682539683,9.76984126984127,1.680952380952381,False,True,True,True,True,True,True,True,False,False,,False,13,12,8
Eryth,overall,5,0.75,0.03,3000,10,500,507,36,36,36,36,-0.001057097812425,0.6354958044919258,0.4023809523809524,10.865079365079366,1.626984126984127,False,True,True,True,True,True,True,True,False,False,,False,13,14,9
Eryth,overall,5,0.75,0.03,3000,10,1000,506,36,36,36,36,-0.001057097812425,0.6354958044919258,0.4015873015873016,10.831746031746032,1.6277777777777778,False,True,True,True,True,True,True,True,False,False,,False,13,14,9
Eryth,overall,5,0.75,0.03,3000,25,100,200,79,79,56,78,0.0850968750997478,0.1055192346331586,0.0324569944823109,0.8959753326841935,2.1531970139565075,False,True,True,True,True,True,True,True,True,False,,False,17,6,2
Eryth,overall,5,0.75,0.03,3000,25,250,500,80,80,76,80,0.0771956066031967,0.2104237502693384,0.0791139240506329,3.871518987341773,2.529746835443038,False,True,True,True,True,True,True,True,True,False,,False,17,6,2
Eryth,overall,5,0.75,0.03,3000,25,500,1000,80,80,80,80,0.0523790739201725,0.3477969332388187,0.1582278481012658,8.575791139240506,2.101898734177216,False,True,True,True,True,True,True,True,True,False,,False,17,8,4
Eryth,overall,5,0.75,0.03,3000,25,1000,1855,80,80,80,80,0.0140946027184624,0.5319068185978851,0.2935126582278481,16.946835443037976,1.7495253164556963,False,True,True,True,True,True,True,True,True,False,,False,17,15,9
Eryth,overall,5,0.75,0.03,3000,50,100,199,114,114,75,100,0.1186299963772491,0.0535700167279114,0.0154479118149355,0.3068622884645241,1.058143145474305,False,True,True,True,True,True,True,True,True,False,,True,19,4,2
Eryth,overall,5,0.75,0.03,3000,50,250,500,130,130,114,128,0.0813634215500945,0.1172183067917766,0.0298151460942158,1.7617769827072152,2.8476446034585567,False,True,True,True,True,True,True,True,True,False,,True,20,6,2
Eryth,overall,5,0.75,0.03,3000,50,500,1000,129,129,126,129,0.073779012345679,0.1965107030680924,0.0605620155038759,4.747577519379845,2.67296511627907,False,True,True,True,True,True,True,True,True,False,,True,20,6,2
Eryth,overall,5,0.75,0.03,3000,50,1000,2000,129,129,129,129,0.0405351888002931,0.2925924219803238,0.1211240310077519,10.547298934108529,2.1490431201550386,False,True,True,True,True,True,True,True,True,False,,True,20,9,4
Eryth,overall,5,0.75,0.03,3000,75,100,196,122,122,74,113,0.134781427363845,0.0539597657244716,0.0132773336946213,0.1235604931581086,0.3949329359165425,False,True,True,True,True,True,True,True,True,False,,True,20,3,2
Eryth,overall,5,0.75,0.03,3000,75,250,488,151,151,123,145,0.0827727209610771,0.0874758656461647,0.0215452538631346,1.2721412803532008,2.8701986754966886,False,True,True,True,True,True,True,True,True,False,,True,21,4,2
Eryth,overall,5,0.75,0.03,3000,75,500,974,152,152,144,151,0.0706355819807916,0.1421316205044661,0.0424363889857093,3.608530846985013,2.8840623910770304,False,True,True,True,True,True,True,True,True,False,,True,21,6,2
Eryth,overall,5,0.75,0.03,3000,75,1000,1948,151,151,148,151,0.0566188453260471,0.2214548565293267,0.0860044150110375,8.341324503311258,2.2925386313465785,False,True,True,True,True,True,True,True,True,False,,True,21,7,3
Eryth,overall,5,0.75,0.03,3000,100,100,198,125,125,80,112,0.1186495746691871,0.0590045416571732,0.012774193548387,0.1315483870967742,0.4763870967741935,False,True,True,True,True,True,True,True,True,False,,True,20,4,2
Eryth,overall,5,0.75,0.03,3000,100,250,490,150,150,121,144,0.0775827032136105,0.0799112917812607,0.0219239373601789,1.3546308724832214,2.9755704697986576,False,True,True,True,True,True,True,True,True,False,,True,21,4,2
Eryth,overall,5,0.75,0.03,3000,100,500,974,152,152,143,152,0.075011043044985,0.1476998391352139,0.0424363889857093,3.601951899616591,2.9095939351690485,False,True,True,True,True,True,True,True,True,False,,True,21,6,2
Eryth,overall,5,0.75,0.03,3000,100,1000,1950,151,151,148,151,0.0656753368621121,0.2230850991698728,0.086092715231788,8.359779249448124,2.282295805739514,False,True,True,True,True,True,True,True,True,False,,True,21,7,3
Eryth,overall,5,0.75,0.03,4000,10,100,200,34,34,32,34,0.0240694592777184,0.3840419576578746,0.17825311942959,3.9046345811051695,2.001782531194296,False,True,True,True,True,True,True,True,False,False,,False,13,7,3
Eryth,overall,5,0.75,0.03,4000,10,250,472,34,34,34,34,-0.0215988506586797,0.6677138138493158,0.4206773618538324,10.60071301247772,1.6229946524064172,False,True,True,True,True,True,True,True,False,False,,False,13,13,9
Eryth,overall,5,0.75,0.03,4000,10,500,549,35,35,35,35,-0.0258163755808364,0.7052736098721424,0.4613445378151261,12.27983193277311,1.5554621848739496,False,True,True,True,True,True,True,True,False,False,,False,13,14,9
Eryth,overall,5,0.75,0.03,4000,10,1000,532,35,35,35,35,-0.0288043587124171,0.6935131881756003,0.4470588235294118,11.754621848739497,1.5773109243697478,False,True,True,True,True,True,True,True,False,False,,False,13,14,9
Eryth,overall,5,0.75,0.03,4000,25,100,200,76,76,59,74,0.107037037037037,0.1554647837542574,0.0350877192982456,1.0005263157894737,2.2542105263157897,False,True,True,True,True,True,True,True,True,False,,False,16,5,2
Eryth,overall,5,0.75,0.03,4000,25,250,500,80,80,77,80,0.082232570408246,0.2156126423194669,0.0791139240506329,3.9401898734177214,2.60996835443038,False,True,True,True,True,True,True,True,True,False,,False,16,6,2
Eryth,overall,5,0.75,0.03,4000,25,500,1000,79,79,78,79,0.0330744721823465,0.343144967019971,0.1622849724115546,8.86222005842259,2.0235313209996755,False,True,True,True,True,True,True,True,True,False,,False,16,9,5
Eryth,overall,5,0.75,0.03,4000,25,1000,1999,79,79,79,79,0.006034914400004,0.5875822571579178,0.3244076598506978,18.7682570593963,1.7056150600454398,False,True,True,True,True,True,True,True,True,False,,False,16,13,8
Eryth,overall,5,0.75,0.03,4000,50,100,199,112,112,74,106,0.102629513343799,0.0685564435564435,0.0160070785070785,0.3301962676962677,1.7353603603603605,False,True,True,True,True,True,True,True,True,False,,False,19,3,2
Eryth,overall,5,0.75,0.03,4000,50,250,500,130,130,106,127,0.08554679585183,0.1183879850931529,0.0298151460942158,1.7079904591532498,2.6060226595110314,False,True,True,True,True,True,True,True,True,False,,True,22,6,3
Eryth,overall,5,0.75,0.03,4000,50,500,1000,130,130,126,130,0.0588518614783672,0.1710009443229508,0.0596302921884317,4.794215861657722,2.654561717352415,False,True,True,True,True,True,True,True,True,False,,True,21,7,2
Eryth,overall,5,0.75,0.03,4000,50,1000,2000,130,130,130,130,0.041336657923672,0.271805470853221,0.1192605843768634,10.642456768038164,2.141144901610018,False,True,True,True,True,True,True,True,True,False,,True,22,11,6
Eryth,overall,5,0.75,0.03,4000,75,100,197,123,123,80,114,0.1492120516845791,0.0320484844875088,0.0131280821004931,0.1903238704518192,0.7619618819139011,False,True,True,True,True,True,True,True,True,False,,False,19,3,2
Eryth,overall,5,0.75,0.03,4000,75,250,492,148,148,120,144,0.1091012162440734,0.0959472733786234,0.0226144511858797,1.3513053870196727,2.831494760066189,False,True,True,True,True,True,True,True,True,False,,True,22,5,3
Eryth,overall,5,0.75,0.03,4000,75,500,982,151,151,142,151,0.0863137775080272,0.1392930864442652,0.0433554083885209,3.805827814569537,2.87355408388521,False,True,True,True,True,True,True,True,True,False,,True,22,6,3
Eryth,overall,5,0.75,0.03,4000,75,1000,1956,151,151,149,151,0.0563336904472461,0.2082268759902651,0.0863576158940397,8.614657836644591,2.2960264900662253,False,True,True,True,True,True,True,True,True,False,,True,22,10,5
Eryth,overall,5,0.75,0.03,4000,100,100,193,124,124,78,108,0.1097375257547254,0.0426235279057859,0.0126540781536847,0.1396538158929976,0.5729740361919748,False,True,True,True,True,True,True,True,True,False,,True,20,3,2
Eryth,overall,5,0.75,0.03,4000,100,250,488,152,152,123,147,0.0788745582789465,0.0891209772656326,0.0212617636807249,1.2390641338445452,2.665301498780063,False,True,True,True,True,True,True,True,True,False,,True,22,5,3
Eryth,overall,5,0.75,0.03,4000,100,500,964,153,153,143,153,0.0821672265742598,0.140617248876411,0.0414516683866529,3.611885104919161,2.888071895424837,False,True,True,True,True,True,True,True,True,False,,True,22,7,3
Eryth,overall,5,0.75,0.03,4000,100,1000,1939,154,154,154,154,0.0535405694535878,0.2054566867763486,0.082293523469994,8.343434343434344,2.3739920210508445,False,True,True,True,True,True,True,True,True,False,,True,22,10,5
Eryth,overall,5,0.9,0.005,2000,10,100,200,33,33,31,31,-0.0013576355294778,0.423544696539349,0.1893939393939394,3.482007575757576,1.737689393939394,False,True,True,False,False,True,True,True,True,False,,False,9,3,2
Eryth,overall,5,0.9,0.005,2000,10,250,266,33,33,33,31,-0.0200061557402277,0.5295957720081853,0.2518939393939394,4.96969696969697,1.834280303030303,False,True,True,False,False,True,True,True,True,False,,False,9,3,2
Eryth,overall,5,0.9,0.005,2000,10,500,256,33,33,33,32,-0.0163858882030178,0.5795572157614645,0.2424242424242424,4.627840909090909,1.915719696969697,False,True,True,False,False,True,True,True,True,False,,False,7,3,2
Eryth,overall,5,0.9,0.005,2000,10,1000,256,33,33,33,32,-0.0163858882030178,0.5795572157614645,0.2424242424242424,4.627840909090909,1.915719696969697,False,True,True,False,False,True,True,True,True,False,,False,7,3,2
Eryth,overall,5,0.9,0.005,2000,25,100,200,65,65,52,64,0.0196173753896308,0.1588250211327134,0.048076923076923,1.3490384615384616,2.5372596153846154,False,True,True,True,True,True,True,True,True,False,,False,14,3,2
Eryth,overall,5,0.9,0.005,2000,25,250,500,74,74,71,72,0.0048653023470921,0.3026899630740069,0.0925583117363939,3.625694187338023,2.383931877082562,False,True,True,True,True,True,True,True,True,False,,False,16,3,2
Eryth,overall,5,0.9,0.005,2000,25,500,777,73,73,73,72,-0.0130744224214114,0.4393362501901881,0.1478310502283105,6.153729071537291,2.1957762557077625,False,True,True,True,True,True,True,True,True,False,,False,16,6,3
Eryth,overall,5,0.9,0.005,2000,25,1000,777,73,73,73,72,-0.0130744224214114,0.4393362501901881,0.1478310502283105,6.153729071537291,2.1957762557077625,False,True,True,True,True,True,True,True,True,False,,False,16,6,3
Eryth,overall,5,0.9,0.005,2000,50,100,199,101,101,66,86,0.0059071845618266,0.0717543732395217,0.0197029702970297,0.4906930693069307,1.7068316831683168,False,True,True,True,True,True,True,True,True,False,,True,19,2,1
Eryth,overall,5,0.9,0.005,2000,50,250,477,112,112,94,106,0.0290018398181826,0.1801147849684111,0.0383687258687258,1.8262548262548264,2.531290218790218,False,True,True,True,True,True,True,True,True,False,,True,21,4,2
Eryth,overall,5,0.9,0.005,2000,50,500,994,119,119,113,116,0.0052128425333452,0.2655861772633089,0.0707876370887338,4.352798746617291,2.5247827944737216,False,True,True,True,True,True,True,True,True,False,,True,21,3,2
Eryth,overall,5,0.9,0.005,2000,50,1000,1718,119,119,119,118,-0.0096738082425863,0.3569648517317176,0.1223472439823387,8.213359920239283,2.263851303233157,False,True,True,True,True,True,True,True,True,False,,True,21,7,4
Eryth,overall,5,0.9,0.005,2000,75,100,192,108,108,72,91,0.0466617969320672,0.0655101585657141,0.0166147455867082,0.4201280719972309,1.818276220145379,False,True,True,True,True,True,True,True,True,False,,True,19,2,1
Eryth,overall,5,0.9,0.005,2000,75,250,474,125,125,104,115,0.0246852989480437,0.1443226043276655,0.0305806451612903,1.5323225806451612,2.54,False,True,True,True,True,True,True,True,True,False,,True,21,2,1
Eryth,overall,5,0.9,0.005,2000,75,500,957,129,129,119,125,0.0205635633270321,0.2534469582869167,0.0579578488372093,3.7336482558139537,2.575278585271318,False,True,True,True,True,True,True,True,True,False,,True,21,3,2
Eryth,overall,5,0.9,0.005,2000,75,1000,1837,127,127,127,126,-0.0021177354798036,0.3644379734780226,0.1147981502312211,8.11779777527809,2.30302462192226,False,True,True,True,True,True,True,True,True,False,,True,21,8,4
Eryth,overall,5,0.9,0.005,2000,100,100,192,107,107,72,89,0.0277428780131483,0.0717435731454423,0.0169282313524951,0.4411038617527772,1.5806736025392347,False,True,True,True,True,True,True,True,True,False,,True,19,2,1
Eryth,overall,5,0.9,0.005,2000,100,250,491,125,125,103,116,0.0290329185137709,0.1418738160993968,0.0316774193548387,1.5920645161290323,2.5785161290322582,False,True,True,True,True,True,True,True,True,False,,True,21,3,2
Eryth,overall,5,0.9,0.005,2000,100,500,958,129,129,119,125,0.0225814361720313,0.2549499403784958,0.0580184108527131,3.731044089147287,2.5690406976744184,False,True,True,True,True,True,True,True,True,False,,True,21,3,2
Eryth,overall,5,0.9,0.005,2000,100,1000,1915,129,129,129,128,-0.0023783178573076,0.3442319143164716,0.1159762596899224,8.429929748062015,2.2844597868217056,False,True,True,True,True,True,True,True,True,False,,True,21,7,4
Eryth,overall,5,0.9,0.005,3000,10,100,200,33,33,31,31,-0.0018569957242283,0.4279443274095681,0.1893939393939394,3.4857954545454546,1.7414772727272727,False,True,True,False,False,True,True,True,True,False,,False,9,3,2
Eryth,overall,5,0.9,0.005,3000,10,250,256,33,33,33,32,-0.0163858882030178,0.5795572157614645,0.2424242424242424,4.627840909090909,1.915719696969697,False,True,True,False,False,True,True,True,True,False,,False,7,3,2
Eryth,overall,5,0.9,0.005,3000,10,500,266,33,33,33,31,-0.0200061557402277,0.5295957720081853,0.2518939393939394,4.96969696969697,1.834280303030303,False,True,True,False,False,True,True,True,True,False,,False,9,3,2
Eryth,overall,5,0.9,0.005,3000,10,1000,266,33,33,33,31,-0.0200061557402277,0.5295957720081853,0.2518939393939394,4.96969696969697,1.834280303030303,False,True,True,False,False,True,True,True,True,False,,False,9,3,2
Eryth,overall,5,0.9,0.005,3000,25,100,200,69,69,55,62,-0.016990153915799,0.1487449959990005,0.0426257459505541,1.0360187553282183,1.959931798806479,False,True,True,True,True,True,True,True,True,False,,False,16,2,1
Eryth,overall,5,0.9,0.005,3000,25,250,500,74,74,71,72,0.0066463691428728,0.3003310293806441,0.0925583117363939,3.645131432802666,2.3913365420214734,False,True,True,True,True,True,True,True,True,False,,False,16,3,2
Eryth,overall,5,0.9,0.005,3000,25,500,745,73,73,73,72,-0.0193713037455378,0.4273435992109089,0.1417427701674277,5.846461187214612,2.2357305936073057,False,True,True,True,True,True,True,True,True,False,,False,16,5,2
Eryth,overall,5,0.9,0.005,3000,25,1000,760,74,74,74,73,-0.0120267895994285,0.427411480783649,0.1406886338393187,5.8659755646057015,2.238245094409478,False,True,True,True,True,True,True,True,True,False,,False,16,5,2
Eryth,overall,5,0.9,0.005,3000,50,100,199,101,101,67,85,0.0064142978536772,0.059083106112809,0.0197029702970297,0.5054455445544555,1.7166336633663366,False,True,True,True,True,True,True,True,True,False,,True,19,2,1
Eryth,overall,5,0.9,0.005,3000,50,250,496,116,116,97,110,-0.0088049925852694,0.1895179888272949,0.0371814092953523,1.782758620689655,2.4976011994003,False,True,True,True,True,True,True,True,True,False,,True,21,3,2
Eryth,overall,5,0.9,0.005,3000,50,500,994,119,119,113,116,0.0023888231763293,0.2629231240640722,0.0707876370887338,4.358709585529127,2.518231021222048,False,True,True,True,True,True,True,True,True,False,,True,21,3,2
Eryth,overall,5,0.9,0.005,3000,50,1000,1733,117,117,117,116,-0.0062156476740517,0.3852901952170573,0.1276893604479811,8.459401709401709,2.239095195991748,False,True,True,True,True,True,True,True,True,False,,True,21,9,4
Eryth,overall,5,0.9,0.005,3000,75,100,189,101,101,71,84,0.0453581773119531,0.0444147161968944,0.0187128712871287,0.4569306930693069,1.887920792079208,False,True,True,True,True,True,True,True,True,False,,True,16,3,2
Eryth,overall,5,0.9,0.005,3000,75,250,492,126,126,104,116,0.0289108033240997,0.1429743596924977,0.0312380952380952,1.5925714285714283,2.564888888888889,False,True,True,True,True,True,True,True,True,False,,True,21,2,1
Eryth,overall,5,0.9,0.005,3000,75,500,957,129,129,119,125,0.0212822770887047,0.2548982100968112,0.0579578488372093,3.7252906976744176,2.5735222868217056,False,True,True,True,True,True,True,True,True,False,,True,21,3,2
Eryth,overall,5,0.9,0.005,3000,75,1000,1837,127,127,127,126,-9.62277389822188e-05,0.3626215018810165,0.1147981502312211,8.139170103737033,2.293338332708412,False,True,True,True,True,True,True,True,True,False,,True,21,8,4
Eryth,overall,5,0.9,0.005,3000,100,100,192,106,106,70,90,0.0304163623082542,0.0695838752442526,0.0172506738544474,0.4210242587601078,1.819766397124888,False,True,True,True,True,True,True,True,True,False,,True,19,2,1
Eryth,overall,5,0.9,0.005,3000,100,250,464,121,121,100,108,0.045311111111111,0.1904154281804689,0.0319559228650137,1.584779614325069,2.599380165289256,False,True,True,True,True,True,True,True,True,False,,True,20,4,2
Eryth,overall,5,0.9,0.005,3000,100,500,957,129,129,119,125,0.0259126890359168,0.2548397376360337,0.0579578488372093,3.727228682170544,2.5701308139534884,False,True,True,True,True,True,True,True,True,False,,True,21,3,2
Eryth,overall,5,0.9,0.005,3000,100,1000,1915,129,129,129,128,-0.0015923698258293,0.3471169258950501,0.1159762596899224,8.410489341085272,2.2854287790697674,False,True,True,True,True,True,True,True,True,False,,True,21,7,4
Eryth,overall,5,0.9,0.005,4000,10,100,200,33,33,31,31,-0.0015917106207671,0.4203918481993349,0.1893939393939394,3.478219696969697,1.7395833333333333,False,True,True,False,False,True,True,True,True,False,,False,9,3,2
Eryth,overall,5,0.9,0.005,4000,10,250,266,33,33,33,31,-0.0200061557402277,0.5295957720081853,0.2518939393939394,4.96969696969697,1.834280303030303,False,True,True,False,False,True,True,True,True,False,,False,9,3,2
Eryth,overall,5,0.9,0.005,4000,10,500,266,33,33,33,31,-0.0200061557402277,0.5295957720081853,0.2518939393939394,4.96969696969697,1.834280303030303,False,True,True,False,False,True,True,True,True,False,,False,9,3,2
Eryth,overall,5,0.9,0.005,4000,10,1000,256,33,33,33,32,-0.0163858882030178,0.5795572157614645,0.2424242424242424,4.627840909090909,1.915719696969697,False,True,True,False,False,True,True,True,True,False,,False,7,3,2
Eryth,overall,5,0.9,0.005,4000,25,100,200,70,70,56,63,-0.0102770083102492,0.1354048624725316,0.041407867494824,1.0356107660455487,2.008281573498965,False,True,True,True,True,True,True,True,True,False,,False,16,2,1
Eryth,overall,5,0.9,0.005,4000,25,250,500,74,74,71,72,0.0066795299231888,0.3026987674065008,0.0925583117363939,3.624953720844132,2.3863383931877085,False,True,True,True,True,True,True,True,True,False,,False,16,3,2
Eryth,overall,5,0.9,0.005,4000,25,500,745,73,73,73,72,-0.0193713037455378,0.4273435992109089,0.1417427701674277,5.846461187214612,2.2357305936073057,False,True,True,True,True,True,True,True,True,False,,False,16,5,2
Eryth,overall,5,0.9,0.005,4000,25,1000,745,73,73,73,72,-0.0193713037455378,0.4273435992109089,0.1417427701674277,5.846461187214612,2.2357305936073057,False,True,True,True,True,True,True,True,True,False,,False,16,5,2
Eryth,overall,5,0.9,0.005,4000,50,100,199,101,101,67,86,0.0029056221046571,0.0718386124326718,0.0197029702970297,0.4879207920792079,1.6687128712871286,False,True,True,True,True,True,True,True,True,False,,True,19,2,1
Eryth,overall,5,0.9,0.005,4000,50,250,497,117,117,97,113,-0.0066892571935885,0.1687178181474614,0.0366195107574417,1.7547155909224874,2.5330828175655764,False,True,True,True,True,True,True,True,True,False,,True,21,3,2
Eryth,overall,5,0.9,0.005,4000,50,500,948,117,117,111,113,0.0102677872190461,0.2639092811897409,0.0698496905393457,4.207559681697613,2.507589154140878,False,True,True,True,True,True,True,True,True,False,,True,21,5,3
Eryth,overall,5,0.9,0.005,4000,50,1000,1718,119,119,119,118,-0.0096738082425863,0.3569648517317176,0.1223472439823387,8.213359920239283,2.263851303233157,False,True,True,True,True,True,True,True,True,False,,True,21,7,4
Eryth,overall,5,0.9,0.005,4000,75,100,192,107,107,71,90,0.0351789627465303,0.0681913621165957,0.0169282313524951,0.4395168400634808,1.559689649091871,False,True,True,True,True,True,True,True,True,False,,True,19,2,1
Eryth,overall,5,0.9,0.005,4000,75,250,473,125,125,105,114,0.0254405201600492,0.1442923833917237,0.030516129032258,1.5493548387096774,2.5624516129032258,False,True,True,True,True,True,True,True,True,False,,True,21,2,1
Eryth,overall,5,0.9,0.005,4000,75,500,957,129,129,119,125,0.0228011949403299,0.2529609190049687,0.0579578488372093,3.730075096899225,2.5803052325581395,False,True,True,True,True,True,True,True,True,False,,True,21,3,2
Eryth,overall,5,0.9,0.005,4000,75,1000,1911,129,129,129,128,-0.0001121845289707,0.3458783111589175,0.1157340116279069,8.390746124031008,2.286579457364341,False,True,True,True,True,True,True,True,True,False,,True,21,7,4
Eryth,overall,5,0.9,0.005,4000,100,100,193,107,107,72,90,0.0401202451150422,0.0642138754288287,0.0170163992241227,0.4354611179686122,1.7871627578910243,False,True,True,True,True,True,True,True,True,False,,True,19,2,1
Eryth,overall,5,0.9,0.005,4000,100,250,474,126,126,104,115,0.0303603031702062,0.1415164658549655,0.030095238095238,1.5061587301587305,2.517714285714286,False,True,True,True,True,True,True,True,True,False,,True,21,3,2
Eryth,overall,5,0.9,0.005,4000,100,500,921,127,127,116,121,0.0233855054378702,0.2467746787040424,0.0575553055868016,3.5434945631796024,2.427946506686664,False,True,True,True,True,True,True,True,True,False,,True,21,5,3
Eryth,overall,5,0.9,0.005,4000,100,1000,1915,129,129,129,128,-0.0016395817118571,0.3469184194611442,0.1159762596899224,8.415515988372093,2.283611918604651,False,True,True,True,True,True,True,True,True,False,,True,21,7,4
Eryth,overall,5,0.9,0.01,2000,10,100,200,32,32,32,32,0.0233567923553719,0.4280168054984232,0.2016129032258064,4.285282258064516,2.1471774193548385,False,True,True,True,True,True,True,True,False,False,,False,11,6,4
Eryth,overall,5,0.9,0.01,2000,10,250,250,32,32,32,32,0.013316571733713,0.5028037048306011,0.252016129032258,5.378024193548387,1.996975806451613,False,True,True,True,True,True,True,True,False,False,,False,11,6,4
Eryth,overall,5,0.9,0.01,2000,10,500,250,32,32,32,32,0.0183895514417942,0.5049541292793033,0.252016129032258,5.319556451612903,2.0100806451612905,False,True,True,True,True,True,True,True,False,False,,False,11,6,4
Eryth,overall,5,0.9,0.01,2000,10,1000,251,32,32,32,32,0.017115210826776,0.5034020929942948,0.2530241935483871,5.392137096774194,1.995967741935484,False,True,True,True,True,True,True,True,False,False,,False,11,6,4
Eryth,overall,5,0.9,0.01,2000,25,100,200,70,70,59,68,0.0590380050902227,0.1452596936210382,0.041407867494824,1.2490683229813664,2.3631469979296065,False,True,True,True,True,True,True,True,True,False,,False,15,4,2
Eryth,overall,5,0.9,0.01,2000,25,250,500,75,75,73,74,0.0567451820128479,0.2453575654566008,0.09009009009009,4.138198198198198,2.548828828828829,False,True,True,True,True,True,True,True,True,False,,False,15,6,4
Eryth,overall,5,0.9,0.01,2000,25,500,936,75,75,75,74,0.0242686302766559,0.4153792645653682,0.1686486486486486,8.012972972972973,2.0675675675675675,False,True,True,True,True,True,True,True,True,False,,False,15,6,4
Eryth,overall,5,0.9,0.01,2000,25,1000,940,72,72,72,71,0.0153706140319272,0.4350980608826627,0.1838810641627543,8.349178403755868,2.031494522691706,False,True,True,True,True,True,True,True,True,False,,False,15,6,4
Eryth,overall,5,0.9,0.01,2000,50,100,198,109,109,80,94,0.02774162516976,0.0618425407416233,0.0168195718654434,0.5866462793068298,2.366377845735644,False,True,True,True,True,True,True,True,True,False,,True,20,2,2
Eryth,overall,5,0.9,0.01,2000,50,250,500,120,120,102,115,0.0266234020946561,0.1570429423691974,0.0350140056022409,2.035924369747899,2.6768207282913163,False,True,True,True,True,True,True,True,True,False,,True,21,4,3
Eryth,overall,5,0.9,0.01,2000,50,500,986,123,123,118,123,0.0325157950966125,0.2053495166826497,0.065707050513128,4.598427295748367,2.585299213647874,False,True,True,True,True,True,True,True,True,False,,True,21,7,5
Eryth,overall,5,0.9,0.01,2000,50,1000,2000,124,124,124,124,0.005605870979124,0.3435755881137046,0.1311303435615001,10.08739837398374,2.1648964070285865,False,True,True,True,True,True,True,True,True,False,,True,21,11,8
Eryth,overall,5,0.9,0.01,2000,75,100,194,111,111,83,95,0.0261401228733459,0.0607101107101107,0.0158886158886158,0.498034398034398,2.203849303849304,False,True,True,True,True,True,True,True,True,False,,True,20,2,2
Eryth,overall,5,0.9,0.01,2000,75,250,484,134,134,113,127,0.0085016956742812,0.1211363315980809,0.0271574458534395,1.6352822354393446,2.810122320727192,False,True,True,True,True,True,True,True,True,False,,True,21,2,2
Eryth,overall,5,0.9,0.01,2000,75,500,951,139,139,127,139,0.0229357966559636,0.1722877837997126,0.0495777291210509,3.763163382337608,2.65347721822542,False,True,True,True,True,True,True,True,True,False,,True,21,7,5
Eryth,overall,5,0.9,0.01,2000,75,1000,1883,137,137,136,137,0.0044332355944834,0.2783164908517534,0.1010626878488621,8.388525118076428,2.2949763847144697,False,True,True,True,True,True,True,True,True,False,,True,21,9,7
Eryth,overall,5,0.9,0.01,2000,100,100,193,111,111,83,94,0.0182149362477231,0.0592514092514092,0.0158067158067158,0.4797706797706798,2.07968877968878,False,True,True,True,True,True,True,True,True,False,,True,20,2,2
Eryth,overall,5,0.9,0.01,2000,100,250,492,134,134,110,128,-0.0130918967858759,0.1244342365924186,0.0276063292559757,1.657165301312984,2.7171473459768825,False,True,True,True,True,True,True,True,True,False,,True,21,4,3
Eryth,overall,5,0.9,0.01,2000,100,500,969,139,139,129,139,0.0197789147261121,0.1745423277084259,0.0505161088520488,3.8774371806902304,2.6818892711917424,False,True,True,True,True,True,True,True,True,False,,True,21,7,5
Eryth,overall,5,0.9,0.01,2000,100,1000,1925,139,139,139,139,0.0075498798350827,0.2804961273580698,0.100354499009488,8.44927536231884,2.3199874882702534,False,True,True,True,True,True,True,True,True,False,,True,21,9,7
Eryth,overall,5,0.9,0.01,3000,10,100,200,31,31,29,30,0.0139196654286695,0.4668181860307097,0.2150537634408602,4.32258064516129,1.81505376344086,False,True,True,False,True,True,True,True,True,False,,False,12,4,3
Eryth,overall,5,0.9,0.01,3000,10,250,326,31,31,31,31,-0.0079043041352922,0.6735060871847183,0.3505376344086021,7.165591397849463,1.7978494623655914,False,True,True,False,True,True,True,True,True,False,,False,12,6,5
Eryth,overall,5,0.9,0.01,3000,10,500,326,31,31,31,31,-0.0079043041352922,0.6735060871847183,0.3505376344086021,7.165591397849463,1.7978494623655914,False,True,True,False,True,True,True,True,True,False,,False,12,6,5
Eryth,overall,5,0.9,0.01,3000,10,1000,326,31,31,31,31,-0.0079043041352922,0.6735060871847183,0.3505376344086021,7.165591397849463,1.7978494623655914,False,True,True,False,True,True,True,True,True,False,,False,12,6,5
Eryth,overall,5,0.9,0.01,3000,25,100,200,71,71,61,70,0.0582430503065423,0.1392037498783236,0.0402414486921529,1.392354124748491,3.011066398390342,False,True,True,True,True,True,True,True,True,False,,False,14,2,2
Eryth,overall,5,0.9,0.01,3000,25,250,500,75,75,70,75,0.0222886704700773,0.24789562654881,0.09009009009009,3.8897297297297295,2.2738738738738737,False,True,True,True,True,True,True,True,True,False,,False,14,6,4
Eryth,overall,5,0.9,0.01,3000,25,500,1000,75,75,74,75,0.0169439936292859,0.4553842719149887,0.1801801801801801,8.425225225225224,2.0495495495495497,False,True,True,True,True,True,True,True,True,False,,False,14,8,6
Eryth,overall,5,0.9,0.01,3000,25,1000,1185,75,75,75,75,0.011981710236522,0.5086796295852917,0.2135135135135135,10.142522522522524,1.976216216216216,False,True,True,True,True,True,True,True,True,False,,False,14,8,6
Eryth,overall,5,0.9,0.01,3000,50,100,198,106,106,80,90,0.0140621145253693,0.0913113092358375,0.0177897574123989,0.587780772686433,2.1442048517520216,False,True,True,True,True,True,True,True,True,False,,False,18,2,2
Eryth,overall,5,0.9,0.01,3000,50,250,500,121,121,104,119,0.0135568576388888,0.1310709396673882,0.0344352617079889,2.056887052341598,2.9141873278236914,False,True,True,True,True,True,True,True,True,False,,False,20,3,2
Eryth,overall,5,0.9,0.01,3000,50,500,1000,123,123,116,123,0.0065160497783474,0.2175951866748583,0.0666400106624017,4.674396907903505,2.538318006130881,False,True,True,True,True,True,True,True,True,False,,False,20,6,4
Eryth,overall,5,0.9,0.01,3000,50,1000,2000,123,123,122,123,-0.0069552860518627,0.3540560198726917,0.1332800213248034,10.02385712381714,2.145008663201386,False,True,True,True,True,True,True,True,True,False,,False,20,10,8
Eryth,overall,5,0.9,0.01,3000,75,100,193,110,110,80,94,0.0243097151205259,0.0676793913157549,0.0160967472894078,0.5412010008340283,2.318015012510425,False,True,True,True,True,True,True,True,True,False,,True,19,2,2
Eryth,overall,5,0.9,0.01,3000,75,250,492,136,136,115,131,0.0081259023193238,0.1161704039230901,0.026797385620915,1.6788671023965145,2.975653594771242,False,True,True,True,True,True,True,True,True,False,,True,21,2,2
Eryth,overall,5,0.9,0.01,3000,75,500,972,141,141,129,141,0.011872023374726,0.164692214574432,0.0492401215805471,3.843161094224924,2.6321175278622087,False,True,True,True,True,True,True,True,True,False,,True,21,4,3
Eryth,overall,5,0.9,0.01,3000,75,1000,1932,141,141,140,141,0.0136315062423436,0.293678325328182,0.0978723404255319,8.191995947315096,2.3383991894630194,False,True,True,True,True,True,True,True,True,False,,True,21,8,6
Eryth,overall,5,0.9,0.01,3000,100,100,193,107,107,79,91,0.0102848794740686,0.0791890871330123,0.0170163992241227,0.5748545230118145,2.3260447892787868,False,True,True,True,True,True,True,True,True,False,,True,19,2,2
Eryth,overall,5,0.9,0.01,3000,100,250,490,135,135,114,130,-0.0037526877358107,0.1197644280320578,0.0270867882808181,1.6619126589275843,2.9279712548369266,False,True,True,True,True,True,True,True,True,False,,True,21,2,2
Eryth,overall,5,0.9,0.01,3000,100,500,956,140,140,129,139,0.0180268083564787,0.1692002315929766,0.0491264131551901,3.8270811921891057,2.633812949640288,False,True,True,True,True,True,True,True,True,False,,True,21,5,3
Eryth,overall,5,0.9,0.01,3000,100,1000,1907,139,139,137,138,0.0064745734297909,0.301992009507589,0.0994161192784902,8.133771243874465,2.291054113231154,False,True,True,True,True,True,True,True,True,False,,True,21,9,6
Eryth,overall,5,0.9,0.01,4000,10,100,200,30,30,30,27,-0.0192052771114758,0.4771241987573257,0.2298850574712643,4.335632183908046,1.7689655172413794,False,True,True,False,True,True,True,True,False,False,,False,10,4,3
Eryth,overall,5,0.9,0.01,4000,10,250,344,32,32,32,32,-0.0092302802093011,0.6689649167307669,0.3467741935483871,7.383064516129032,1.7953629032258065,False,True,True,False,True,True,True,True,True,False,,False,12,6,5
Eryth,overall,5,0.9,0.01,4000,10,500,326,31,31,31,31,-0.0079043041352922,0.6735060871847183,0.3505376344086021,7.165591397849463,1.7978494623655914,False,True,True,False,True,True,True,True,True,False,,False,12,6,5
Eryth,overall,5,0.9,0.01,4000,10,1000,326,31,31,31,31,-0.0079043041352922,0.6735060871847183,0.3505376344086021,7.165591397849463,1.7978494623655914,False,True,True,False,True,True,True,True,True,False,,False,12,6,5
Eryth,overall,5,0.9,0.01,4000,25,100,200,72,72,62,70,0.064219926653789,0.1354145042741533,0.0391236306729264,1.3892801251956182,3.031298904538341,False,True,True,True,True,True,True,True,True,False,,False,14,2,2
Eryth,overall,5,0.9,0.01,4000,25,250,500,75,75,70,75,0.026482145511296,0.2431601605079691,0.09009009009009,3.89981981981982,2.2704504504504506,False,True,True,True,True,True,True,True,True,False,,False,14,6,4
Eryth,overall,5,0.9,0.01,4000,25,500,1000,75,75,75,75,0.0179908529906896,0.4512067624244504,0.1801801801801801,8.49081081081081,2.087207207207207,False,True,True,True,True,True,True,True,True,False,,False,14,8,6
Eryth,overall,5,0.9,0.01,4000,25,1000,1165,73,73,73,72,0.0046483579291185,0.5272419906344834,0.2216514459665144,10.118911719939115,1.9282724505327244,False,True,True,True,True,True,True,True,True,False,,False,14,7,5
Eryth,overall,5,0.9,0.01,4000,50,100,196,102,102,78,87,0.0120097421684723,0.0955984647161117,0.0190254319549602,0.6171617161716172,2.174529217627645,False,True,True,True,True,True,True,True,True,False,,False,18,2,2
Eryth,overall,5,0.9,0.01,4000,50,250,500,122,122,105,120,0.0240671893863782,0.1273553522174906,0.0338707492209727,2.0528383687847174,2.9619292778756265,False,True,True,True,True,True,True,True,True,False,,False,20,5,3
Eryth,overall,5,0.9,0.01,4000,50,500,1000,123,123,116,123,0.0086633829320293,0.2155012574222527,0.0666400106624017,4.660202585632414,2.5411835265893643,False,True,True,True,True,True,True,True,True,False,,False,20,6,4
Eryth,overall,5,0.9,0.01,4000,50,1000,2000,122,122,121,122,-0.0002558776387381,0.3577370734232155,0.135482996883891,10.13121528248205,2.136905568351172,False,True,True,True,True,True,True,True,True,False,,False,20,10,8
Eryth,overall,5,0.9,0.01,4000,75,100,191,106,106,80,90,0.0241870464928782,0.0645055678074546,0.0171608265947888,0.5841868823000899,2.3585804132973944,False,True,True,True,True,True,True,True,True,False,,True,19,2,2
Eryth,overall,5,0.9,0.01,4000,75,250,489,136,136,116,131,0.0081937528293345,0.1151900367232273,0.0266339869281045,1.683769063180828,2.9851307189542484,False,True,True,True,True,True,True,True,True,False,,True,21,2,2
Eryth,overall,5,0.9,0.01,4000,75,500,964,139,139,128,138,0.0193881791842152,0.1679143793022616,0.0502554478156605,3.886768845792931,2.6521217808362008,False,True,True,True,True,True,True,True,True,False,,True,21,5,3
Eryth,overall,5,0.9,0.01,4000,75,1000,1922,140,140,140,140,0.0132163103613141,0.2953017317001573,0.0987667009249743,8.242497430626926,2.36120246659815,False,True,True,True,True,True,True,True,True,False,,True,21,9,7
Eryth,overall,5,0.9,0.01,4000,100,100,195,110,110,82,94,0.0202751008035689,0.0630112816476452,0.0162635529608006,0.5668056713928273,2.313094245204337,False,True,True,True,True,True,True,True,True,False,,True,19,2,2
Eryth,overall,5,0.9,0.01,4000,100,250,486,136,136,116,130,-0.0033770616583138,0.1176795285291005,0.0264705882352941,1.6507625272331157,2.98186274509804,False,True,True,True,True,True,True,True,True,False,,True,21,2,2
Eryth,overall,5,0.9,0.01,4000,100,500,963,141,141,130,141,0.0174523331482193,0.1713221519123177,0.0487841945288753,3.797821681864235,2.6720871327254305,False,True,True,True,True,True,True,True,True,False,,True,21,5,3
Eryth,overall,5,0.9,0.01,4000,100,1000,1921,139,139,139,139,0.0148052227613263,0.2961150800597601,0.1001459701803774,8.312584714836825,2.3527265144406213,False,True,True,True,True,True,True,True,True,False,,True,21,8,6
Eryth,overall,5,0.9,0.02,2000,10,100,200,35,35,35,35,-0.0110640383740065,0.3420487262504069,0.1680672268907563,3.827731092436975,2.2983193277310923,False,True,True,True,True,True,True,True,False,False,,False,12,6,3
Eryth,overall,5,0.9,0.02,2000,10,250,334,35,35,35,35,-0.0307901639804177,0.5103620573116564,0.280672268907563,6.73109243697479,1.850420168067227,False,True,True,True,True,True,True,True,False,False,,False,12,9,5
Eryth,overall,5,0.9,0.02,2000,10,500,335,35,35,35,35,-0.0315075740699487,0.5142401157974298,0.2815126050420168,6.7403361344537815,1.8495798319327728,False,True,True,True,True,True,True,True,False,False,,False,12,9,5
Eryth,overall,5,0.9,0.02,2000,10,1000,324,34,34,34,34,-0.0296673681660585,0.5143651372676339,0.2887700534759358,6.811942959001782,1.8315508021390368,False,True,True,True,True,True,True,True,False,False,,False,12,9,5
Eryth,overall,5,0.9,0.02,2000,25,100,200,73,73,57,71,0.0332289697542533,0.1419450010102709,0.0380517503805175,1.3009893455098935,2.710235920852359,False,True,True,True,True,True,True,True,True,False,,False,15,6,2
Eryth,overall,5,0.9,0.02,2000,25,250,500,74,74,71,73,0.0379186645537047,0.2468693467754579,0.0925583117363939,4.313772676786376,2.392817475009256,False,True,True,True,True,True,True,True,True,False,,False,16,7,2
Eryth,overall,5,0.9,0.02,2000,25,500,1000,75,75,75,75,0.0019212289494361,0.3995217985816457,0.1801801801801801,9.223963963963964,2.0102702702702704,False,True,True,True,True,True,True,True,True,False,,False,16,9,3
Eryth,overall,5,0.9,0.02,2000,25,1000,1204,75,75,75,75,0.0009736337284478,0.459852201343064,0.2169369369369369,11.051171171171172,1.9136936936936937,False,True,True,True,True,True,True,True,True,False,,False,16,11,4
Eryth,overall,5,0.9,0.02,2000,50,100,200,107,107,72,94,0.0604106494323543,0.0447306587493503,0.0176335743255157,0.6174396050079352,2.1841826838300125,False,True,True,True,True,True,True,True,True,False,,False,18,5,2
Eryth,overall,5,0.9,0.02,2000,50,250,500,122,122,109,114,0.0783334352840425,0.1453269473678801,0.0338707492209727,1.9981032380436248,2.604660615092806,False,True,True,True,True,True,True,True,True,False,,True,21,7,3
Eryth,overall,5,0.9,0.02,2000,50,500,1000,127,127,122,127,0.0331792497651021,0.1963853171465494,0.0624921884764404,4.689351331083614,2.598425196850393,False,True,True,True,True,True,True,True,True,False,,True,21,7,2
Eryth,overall,5,0.9,0.02,2000,50,1000,2000,128,128,128,128,0.0212674822126116,0.3088129750805393,0.1230314960629921,10.26642470472441,2.1496062992125986,False,True,True,True,True,True,True,True,True,False,,True,21,11,5
Eryth,overall,5,0.9,0.02,2000,75,100,196,107,107,80,91,0.0626150474799123,0.0455382104914815,0.0172809028390054,0.5087286192911303,2.3564627049903017,False,True,True,True,True,True,True,True,True,False,,False,18,4,2
Eryth,overall,5,0.9,0.02,2000,75,250,494,141,141,114,133,0.0374477614737355,0.1035825849441552,0.0250253292806484,1.488804457953394,2.5350557244174263,False,True,True,True,True,True,True,True,True,False,,True,21,6,2
Eryth,overall,5,0.9,0.02,2000,75,500,986,144,144,137,141,0.0431624114182104,0.1639159397730097,0.0478826728826728,3.93235236985237,2.735042735042735,False,True,True,True,True,True,True,True,True,False,,True,21,7,2
Eryth,overall,5,0.9,0.02,2000,75,1000,1975,145,145,143,145,0.0199507370262658,0.2549492738452317,0.0945881226053639,8.718055555555555,2.2588122605363985,False,True,True,True,True,True,True,True,True,False,,True,21,11,5
Eryth,overall,5,0.9,0.02,2000,100,100,197,110,110,77,96,0.0475135119677428,0.0474445756263938,0.0164303586321934,0.5645537948290242,2.113678065054212,False,True,True,True,True,True,True,True,True,False,,False,19,5,2
Eryth,overall,5,0.9,0.02,2000,100,250,489,143,143,119,131,0.0689829998641541,0.1056230002221754,0.0240815522505663,1.5236383334974883,2.591253816605929,False,True,True,True,True,True,True,True,True,False,,True,21,6,3
Eryth,overall,5,0.9,0.02,2000,100,500,987,144,144,138,141,0.0497202066350144,0.1611851966961341,0.0479312354312354,3.962169774669775,2.7529623154623155,False,True,True,True,True,True,True,True,True,False,,True,21,7,2
Eryth,overall,5,0.9,0.02,2000,100,1000,1975,145,145,143,145,0.020159070014405,0.2525425716683643,0.0945881226053639,8.726819923371648,2.257375478927203,False,True,True,True,True,True,True,True,True,False,,True,21,11,5
Eryth,overall,5,0.9,0.02,3000,10,100,200,35,35,35,35,0.0047750865051902,0.3500451929023358,0.1680672268907563,3.8134453781512607,2.32436974789916,False,True,True,True,True,True,True,True,False,False,,False,13,8,4
Eryth,overall,5,0.9,0.02,3000,10,250,384,35,35,35,35,-0.021148457935712,0.5905203542213906,0.3226890756302521,7.73781512605042,1.773949579831933,False,True,True,True,True,True,True,True,False,False,,False,13,10,5
Eryth,overall,5,0.9,0.02,3000,10,500,382,35,35,35,35,-0.0209417273673257,0.5906804219453681,0.3210084033613445,7.689075630252101,1.781512605042017,False,True,True,True,True,True,True,True,False,False,,False,13,10,5
Eryth,overall,5,0.9,0.02,3000,10,1000,382,35,35,35,35,-0.0204786680541103,0.5893093979842822,0.3210084033613445,7.690756302521009,1.781512605042017,False,True,True,True,True,True,True,True,False,False,,False,13,10,5
Eryth,overall,5,0.9,0.02,3000,25,100,200,71,71,59,67,0.0581580812854442,0.1358785971462027,0.0402414486921529,1.4062374245472835,2.71046277665996,False,True,True,True,True,True,True,True,True,False,,False,15,6,2
Eryth,overall,5,0.9,0.02,3000,25,250,500,74,74,73,74,0.0216961296237245,0.2499883669994048,0.0925583117363939,4.361717882265827,2.5029618659755646,False,True,True,True,True,True,True,True,True,False,,False,15,7,2
Eryth,overall,5,0.9,0.02,3000,25,500,1000,74,74,74,74,0.0047732244897959,0.4216125956441081,0.1851166234727878,9.248611625323957,1.9988893002591632,False,True,True,True,True,True,True,True,True,False,,False,15,9,3
Eryth,overall,5,0.9,0.02,3000,25,1000,1434,74,74,74,74,0.0145725413379651,0.536522230035752,0.2654572380599778,13.562199185486858,1.8085894113291368,False,True,True,True,True,True,True,True,True,False,,False,15,12,4
Eryth,overall,5,0.9,0.02,3000,50,100,197,109,109,77,93,0.075711427632954,0.0379860200961118,0.0167346245327896,0.5279476724430853,2.2885660890248047,False,True,True,True,True,True,True,True,True,False,,False,19,3,2
Eryth,overall,5,0.9,0.02,3000,50,250,489,129,129,113,125,0.0576558533007811,0.1321660112033788,0.0296148255813953,1.8624636627906976,2.8189801356589146,False,True,True,True,True,True,True,True,True,False,,True,21,6,2
Eryth,overall,5,0.9,0.02,3000,50,500,1000,130,130,127,130,0.0344421320383859,0.1707758827668296,0.0596302921884317,4.763267740011926,2.683542039355993,False,True,True,True,True,True,True,True,True,False,,True,21,8,3
Eryth,overall,5,0.9,0.02,3000,50,1000,2000,131,131,131,131,0.0207869980224947,0.2961361300223402,0.1174398120963006,10.171814445096889,2.170581327069877,False,True,True,True,True,True,True,True,True,False,,True,21,9,4
Eryth,overall,5,0.9,0.02,3000,75,100,197,120,120,79,105,0.0745606428488842,0.0423166185666185,0.0137955182072829,0.4342436974789916,2.385854341736694,False,True,True,True,True,True,True,True,True,False,,False,18,4,2
Eryth,overall,5,0.9,0.02,3000,75,250,500,143,143,123,136,0.0490742417383431,0.1084963582127408,0.0246232640598837,1.6253324140648084,2.807790800748548,False,True,True,True,True,True,True,True,True,False,,True,21,6,2
Eryth,overall,5,0.9,0.02,3000,75,500,978,144,144,140,144,0.029801236919052,0.1508634361746408,0.0474941724941724,4.068278943278943,2.871406371406372,False,True,True,True,True,True,True,True,True,False,,True,21,7,2
Eryth,overall,5,0.9,0.02,3000,75,1000,2000,145,145,144,145,0.0251473343071132,0.2538766393828194,0.0957854406130268,8.979118773946361,2.264176245210728,False,True,True,True,True,True,True,True,True,False,,True,21,9,4
Eryth,overall,5,0.9,0.02,3000,100,100,198,122,122,76,109,0.0592095856329892,0.041541291131455,0.0134128166915052,0.4225714672808562,2.181614957322856,False,True,True,True,True,True,True,True,True,False,,False,19,4,2
Eryth,overall,5,0.9,0.02,3000,100,250,490,143,143,125,138,0.0672272297929096,0.110303355740581,0.0241307987786861,1.6483797892248595,3.00640204865557,False,True,True,True,True,True,True,True,True,False,,True,21,6,2
Eryth,overall,5,0.9,0.02,3000,100,500,1000,146,146,140,146,0.0411586554113228,0.1508818956158528,0.0472366556447803,4.0620217288615965,2.8198866320264524,False,True,True,True,True,True,True,True,True,False,,True,21,7,2
Eryth,overall,5,0.9,0.02,3000,100,1000,1908,145,145,143,145,0.0255678891288455,0.2444064913002545,0.0913793103448275,8.532327586206897,2.261446360153257,False,True,True,True,True,True,True,True,True,False,,True,21,12,4
Eryth,overall,5,0.9,0.02,4000,10,100,200,35,35,34,35,-0.0024725182932941,0.39312783437507,0.1680672268907563,3.6991596638655455,2.2663865546218487,False,True,True,True,True,True,True,True,False,False,,False,13,7,3
Eryth,overall,5,0.9,0.02,4000,10,250,436,35,35,35,35,-0.0297049059976379,0.6882287052844052,0.3663865546218487,8.65126050420168,1.7302521008403362,False,True,True,True,True,True,True,True,False,False,,False,13,12,7
Eryth,overall,5,0.9,0.02,4000,10,500,433,35,35,35,35,-0.0280273699077117,0.6824154693411827,0.3638655462184874,8.611764705882353,1.7327731092436975,False,True,True,True,True,True,True,True,False,False,,False,13,12,7
Eryth,overall,5,0.9,0.02,4000,10,1000,434,35,35,35,35,-0.0290507166838843,0.6877310718553423,0.3647058823529411,8.603361344537815,1.7319327731092438,False,True,True,True,True,True,True,True,False,False,,False,13,12,7
Eryth,overall,5,0.9,0.02,4000,25,100,200,74,74,59,69,0.062005434620323,0.1106221856221856,0.0370233246945575,1.2058496853017402,2.4431691965938542,False,True,True,True,True,True,True,True,True,False,,False,15,6,2
Eryth,overall,5,0.9,0.02,4000,25,250,500,74,74,73,74,0.0397876543209876,0.2392978706104573,0.0925583117363939,4.32932247315809,2.5303591262495373,False,True,True,True,True,True,True,True,True,False,,False,15,7,2
Eryth,overall,5,0.9,0.02,4000,25,500,1000,74,74,74,74,0.0035017416973609,0.425787233265829,0.1851166234727878,9.190485005553498,1.9985190670122177,False,True,True,True,True,True,True,True,True,False,,False,15,10,5
Eryth,overall,5,0.9,0.02,4000,25,1000,1628,74,74,74,74,-0.0033150407586978,0.6220612013704387,0.3013698630136986,15.31877082562014,1.760088855979267,False,True,True,True,True,True,True,True,True,False,,False,15,13,6
Eryth,overall,5,0.9,0.02,4000,50,100,200,113,113,76,98,0.0509717387133028,0.0549202518229066,0.0158027812895069,0.377370417193426,1.775679519595449,False,True,True,True,True,True,True,True,True,False,,False,20,3,2
Eryth,overall,5,0.9,0.02,4000,50,250,500,128,128,111,125,0.0354491345877621,0.1012534486513676,0.030757874015748,1.9095103346456688,3.012426181102362,False,True,True,True,True,True,True,True,True,False,,True,21,7,2
Eryth,overall,5,0.9,0.02,4000,50,500,1000,129,129,124,129,0.0270940015472747,0.181856153289819,0.0605620155038759,4.69125484496124,2.629360465116279,False,True,True,True,True,True,True,True,True,False,,True,21,8,3
Eryth,overall,5,0.9,0.02,4000,50,1000,2000,128,128,127,128,0.028098464028555,0.3214704741376791,0.1230314960629921,10.32197342519685,2.1280142716535435,False,True,True,True,True,True,True,True,True,False,,True,21,9,4
Eryth,overall,5,0.9,0.02,4000,75,100,198,120,120,76,105,0.0558215055569552,0.0256198893698893,0.0138655462184873,0.1478991596638655,0.5490196078431373,False,True,True,True,True,True,True,True,True,False,,False,19,2,1
Eryth,overall,5,0.9,0.02,4000,75,250,495,144,144,116,139,0.0350005781015146,0.0789243164243163,0.0240384615384615,1.45731351981352,2.6809926184926183,False,True,True,True,True,True,True,True,True,False,,True,21,7,2
Eryth,overall,5,0.9,0.02,4000,75,500,991,145,145,141,145,0.0143466588466117,0.1527219557001157,0.0474616858237547,3.9522988505747128,2.902969348659004,False,True,True,True,True,True,True,True,True,False,,True,21,7,2
Eryth,overall,5,0.9,0.02,4000,75,1000,1975,145,145,144,145,0.0116872487314945,0.2526153061761667,0.0945881226053639,8.840565134099617,2.270306513409962,False,True,True,True,True,True,True,True,True,False,,True,21,9,4
Eryth,overall,5,0.9,0.02,4000,100,100,198,117,117,76,103,0.065983379501385,0.0185999185999186,0.0145888594164456,0.2323165340406719,1.075154730327144,False,True,True,True,True,True,True,True,True,False,,False,18,2,1
Eryth,overall,5,0.9,0.02,4000,100,250,495,143,143,116,137,0.0483495270279564,0.0818010272555726,0.0243770314192849,1.5002954791687186,2.744902984339604,False,True,True,True,True,True,True,True,True,False,,True,21,7,2
Eryth,overall,5,0.9,0.02,4000,100,500,991,145,145,141,145,0.0239213692278267,0.1525800470924533,0.0474616858237547,3.911302681992337,2.83433908045977,False,True,True,True,True,True,True,True,True,False,,True,21,7,2
Eryth,overall,5,0.9,0.02,4000,100,1000,1976,145,145,144,145,0.0144403136560552,0.2555027653442036,0.0946360153256705,8.814655172413794,2.272126436781609,False,True,True,True,True,True,True,True,True,False,,True,21,9,4
Eryth,overall,5,0.9,0.03,2000,10,100,200,36,36,35,36,0.0570615243342516,0.2977393301954705,0.1587301587301587,3.705555555555556,2.249206349206349,False,True,True,True,True,True,True,True,False,False,,False,13,7,3
Eryth,overall,5,0.9,0.03,2000,10,250,418,36,36,36,36,-0.0009584567325246,0.5713047262062454,0.3317460317460317,8.417460317460318,1.7555555555555555,False,True,True,True,True,True,True,True,False,False,,False,13,12,5
Eryth,overall,5,0.9,0.03,2000,10,500,418,36,36,36,36,-0.0017334341143865,0.5726768078057765,0.3317460317460317,8.431746031746032,1.7563492063492063,False,True,True,True,True,True,True,True,False,False,,False,13,11,4
Eryth,overall,5,0.9,0.03,2000,10,1000,416,36,36,36,36,-0.0010649519250273,0.5743365486848918,0.3301587301587301,8.364285714285714,1.7603174603174605,False,True,True,True,True,True,True,True,False,False,,False,13,12,5
Eryth,overall,5,0.9,0.03,2000,25,100,200,73,73,56,71,0.0441153522049873,0.1820438993834812,0.0380517503805175,1.1021689497716896,2.497907153729072,False,True,True,True,True,True,True,True,True,False,,False,15,4,1
Eryth,overall,5,0.9,0.03,2000,25,250,500,76,76,71,76,0.0696306076929551,0.2584493888781982,0.087719298245614,3.937192982456141,2.428421052631579,False,True,True,True,True,True,True,True,True,False,,False,16,7,3
Eryth,overall,5,0.9,0.03,2000,25,500,1000,76,76,76,75,0.0291656456393381,0.3780157419143643,0.175438596491228,8.968070175438596,1.996842105263158,False,True,True,True,True,True,True,True,True,False,,False,16,8,2
Eryth,overall,5,0.9,0.03,2000,25,1000,1257,75,75,75,75,0.0189312421658255,0.4517246846509563,0.2264864864864864,11.65099099099099,1.895135135135135,False,True,True,True,True,True,True,True,False,False,,False,15,13,5
Eryth,overall,5,0.9,0.03,2000,50,100,199,107,107,67,96,0.0921604938271605,0.0781891006190071,0.0175454064538882,0.4213542585081996,1.6677834597072827,False,True,True,True,True,True,True,True,True,False,,False,18,4,1
Eryth,overall,5,0.9,0.03,2000,50,250,500,124,124,102,123,0.0758628185001811,0.1328828878463103,0.032782585890375,1.9322711775504853,2.847429845266195,False,True,True,True,True,True,True,True,True,False,,True,21,4,1
Eryth,overall,5,0.9,0.03,2000,50,500,1000,126,126,119,126,0.0742228395061728,0.1949650024061004,0.0634920634920634,4.798222222222222,2.511873015873016,False,True,True,True,True,True,True,True,True,False,,True,21,6,3
Eryth,overall,5,0.9,0.03,2000,50,1000,2000,126,126,126,126,0.0329161906210202,0.3011363597689451,0.1269841269841269,10.831873015873017,2.1046349206349206,False,True,True,True,True,True,True,True,True,False,,True,21,11,4
Eryth,overall,5,0.9,0.03,2000,75,100,199,117,117,70,101,0.1438448154818229,0.0738986322319655,0.0146625405246094,0.3212496315944592,1.3111553197760095,False,True,True,True,True,True,True,True,True,False,,False,18,4,1
Eryth,overall,5,0.9,0.03,2000,75,250,500,141,141,115,139,0.1032183787494517,0.0882948065302008,0.0253292806484295,1.548885511651469,3.151063829787234,False,True,True,True,True,True,True,True,True,False,,True,21,4,1
Eryth,overall,5,0.9,0.03,2000,75,500,1000,143,143,136,143,0.061193770141683,0.1698271634501343,0.0492465281197675,4.083719097803605,2.71609376538954,False,True,True,True,True,True,True,True,True,False,,True,21,6,2
Eryth,overall,5,0.9,0.03,2000,75,1000,2000,143,143,142,143,0.0451116841896449,0.2551601876743246,0.0984930562395351,9.200876588200533,2.231409435634788,False,True,True,True,True,True,True,True,True,False,,True,21,10,3
Eryth,overall,5,0.9,0.03,2000,100,100,199,118,118,69,106,0.1158641975308641,0.0572562795020422,0.0144140228885991,0.3107344632768362,1.362378675937998,False,True,True,True,True,True,True,True,True,False,,False,18,4,1
Eryth,overall,5,0.9,0.03,2000,100,250,500,142,142,115,138,0.0953586680517082,0.1006816988747811,0.0249725302167615,1.494955548896214,2.983667965238238,False,True,True,True,True,True,True,True,True,False,,True,21,4,1
Eryth,overall,5,0.9,0.03,2000,100,500,1000,144,144,139,144,0.0774652045194663,0.1557493654233409,0.0485625485625485,4.13816045066045,2.817016317016317,False,True,True,True,True,True,True,True,True,False,,True,21,4,1
Eryth,overall,5,0.9,0.03,2000,100,1000,2000,143,143,142,143,0.0536461069102296,0.2549190740323669,0.0984930562395351,9.240618536393184,2.2329360780065004,False,True,True,True,True,True,True,True,True,False,,True,21,11,3
Eryth,overall,5,0.9,0.03,3000,10,100,200,36,36,36,36,0.0726070720926687,0.3244496199153062,0.1587301587301587,3.7793650793650793,2.3341269841269843,False,True,True,True,True,True,True,True,False,False,,False,13,8,4
Eryth,overall,5,0.9,0.03,3000,10,250,469,36,36,36,36,0.0103210922144055,0.6102868533772948,0.3722222222222222,9.965873015873017,1.6753968253968254,False,True,True,True,True,True,True,True,False,False,,False,13,9,5
Eryth,overall,5,0.9,0.03,3000,10,500,529,36,36,36,36,-0.0021716236811637,0.6646165605453795,0.4198412698412698,11.214285714285714,1.6126984126984127,False,True,True,True,True,True,True,True,False,False,,False,13,12,5
Eryth,overall,5,0.9,0.03,3000,10,1000,528,36,36,36,36,-0.0014727153188691,0.6622042176836902,0.419047619047619,11.205555555555556,1.6134920634920635,False,True,True,True,True,True,True,True,False,False,,False,13,12,5
Eryth,overall,5,0.9,0.03,3000,25,100,200,74,74,53,73,0.0587098692033293,0.1109843609843609,0.0370233246945575,1.1819696408737506,2.797852647167716,False,True,True,True,True,True,True,True,True,False,,False,16,4,1
Eryth,overall,5,0.9,0.03,3000,25,250,500,75,75,71,75,0.0651744568795259,0.2496677512832311,0.09009009009009,4.215855855855856,2.426126126126126,False,True,True,True,True,True,True,True,True,False,,False,16,6,2
Eryth,overall,5,0.9,0.03,3000,25,500,1000,75,75,74,75,0.0276874059031546,0.3793211602399132,0.1801801801801801,9.29837837837838,1.965045045045045,False,True,True,True,True,True,True,True,True,False,,False,15,6,2
Eryth,overall,5,0.9,0.03,3000,25,1000,1687,75,75,75,75,0.0079822113399671,0.5585454363086241,0.3039639639639639,16.354234234234234,1.7327927927927929,False,True,True,True,True,True,True,True,True,False,,False,16,13,5
Eryth,overall,5,0.9,0.03,3000,50,100,199,113,113,70,102,0.057812643081713,0.0565386923794003,0.0157237673830594,0.3861409608091024,1.6488621997471555,False,True,True,True,True,True,True,True,True,False,,True,19,4,1
Eryth,overall,5,0.9,0.03,3000,50,250,500,129,129,107,127,0.0759377204858793,0.119775736166405,0.0302810077519379,1.807109980620155,2.9382267441860463,False,True,True,True,True,True,True,True,True,False,,True,21,4,1
Eryth,overall,5,0.9,0.03,3000,50,500,1000,130,130,126,130,0.0455285830543494,0.1846493861529353,0.0596302921884317,4.672808586762075,2.721466905187836,False,True,True,True,True,True,True,True,True,False,,True,21,4,1
Eryth,overall,5,0.9,0.03,3000,50,1000,2000,129,129,129,129,0.0350561237344522,0.2947250631284702,0.1211240310077519,10.546875,2.137778585271318,False,True,True,True,True,True,True,True,True,False,,True,21,12,5
Eryth,overall,5,0.9,0.03,3000,75,100,196,121,121,70,112,0.1061017673453191,0.0429799768642743,0.0134986225895316,0.2358815426997245,1.0737603305785124,False,True,True,True,True,True,True,True,True,False,,True,19,4,1
Eryth,overall,5,0.9,0.03,3000,75,250,491,139,139,116,139,0.0856993149488637,0.1048923929366943,0.0255969137733291,1.6351266812636849,3.142373058075279,False,True,True,True,True,True,True,True,True,False,,True,20,4,1
Eryth,overall,5,0.9,0.03,3000,75,500,981,143,143,138,142,0.0748319991449262,0.1657581090660313,0.0483108440854919,4.002856298630946,2.7926721166157784,False,True,True,True,True,True,True,True,True,False,,True,21,6,2
Eryth,overall,5,0.9,0.03,3000,75,1000,1941,142,142,142,142,0.0508449236820033,0.243890154416709,0.0969433623014683,9.144590949955049,2.268854260313655,False,True,True,True,True,True,True,True,True,False,,True,21,11,5
Eryth,overall,5,0.9,0.03,3000,100,100,196,120,120,67,109,0.0969598765432098,0.0461420523920523,0.0137254901960784,0.2803921568627451,1.3364145658263304,False,True,True,True,True,True,True,True,True,False,,True,19,4,1
Eryth,overall,5,0.9,0.03,3000,100,250,489,141,141,113,140,0.0859846111676717,0.0924502040518771,0.0247720364741641,1.5746707193515703,3.027811550151976,False,True,True,True,True,True,True,True,True,False,,True,20,4,1
Eryth,overall,5,0.9,0.03,3000,100,500,975,143,143,136,143,0.0669780208731323,0.16060736826234,0.0480153649167733,4.03383236481828,2.819511474441052,False,True,True,True,True,True,True,True,True,False,,True,21,4,1
Eryth,overall,5,0.9,0.03,3000,100,1000,1944,143,143,143,143,0.0403926231247717,0.241435314773728,0.0957352506648281,9.111198660494436,2.2769624741455727,False,True,True,True,True,True,True,True,True,False,,True,21,11,5
Eryth,overall,5,0.9,0.03,4000,10,100,200,36,36,36,36,0.0848822304117929,0.3499340166006833,0.1587301587301587,3.7714285714285714,2.3261904761904764,False,True,True,True,True,True,True,True,False,False,,False,13,5,2
Eryth,overall,5,0.9,0.03,4000,10,250,489,36,36,36,36,-0.002670109548368,0.6522223251543597,0.3880952380952381,10.143650793650794,1.6682539682539683,False,True,True,True,True,True,True,True,False,False,,False,13,11,6
Eryth,overall,5,0.9,0.03,4000,10,500,543,36,36,36,36,-0.0170111998823644,0.6906528690947977,0.430952380952381,11.384920634920634,1.6134920634920635,False,True,True,True,True,True,True,True,False,False,,False,13,13,6
Eryth,overall,5,0.9,0.03,4000,10,1000,553,36,36,36,36,-0.016125881329142,0.6985885045734301,0.4388888888888889,11.635714285714286,1.6047619047619048,False,True,True,True,True,True,True,True,False,False,,False,13,13,6
Eryth,overall,5,0.9,0.03,4000,25,100,200,71,71,56,68,0.0577306122448979,0.1348637278214742,0.0402414486921529,1.0269617706237424,2.1370221327967807,False,True,True,True,True,True,True,True,True,False,,False,15,4,1
Eryth,overall,5,0.9,0.03,4000,25,250,500,74,74,71,73,0.0635100159919198,0.2517544212657954,0.0925583117363939,4.407626804887079,2.384857460199926,False,True,True,True,True,True,True,True,True,False,,False,16,7,3
Eryth,overall,5,0.9,0.03,4000,25,500,1000,74,74,73,74,0.0215547893471563,0.4160174235065525,0.1851166234727878,9.423361717882266,1.9526101443909665,False,True,True,True,True,True,True,True,True,False,,False,16,10,5
Eryth,overall,5,0.9,0.03,4000,25,1000,1857,73,73,73,73,0.0006984006554039,0.630125918839921,0.353310502283105,18.82439117199392,1.6699010654490107,False,True,True,True,True,True,True,True,True,False,,False,16,14,5
Eryth,overall,5,0.9,0.03,4000,50,100,200,111,111,71,96,0.0745069393718042,0.052061952061952,0.0163800163800163,0.3820638820638821,1.6406224406224406,False,True,True,True,True,True,True,True,True,False,,True,20,4,1
Eryth,overall,5,0.9,0.03,4000,50,250,500,129,129,106,126,0.0367293720562155,0.096924284337298,0.0302810077519379,1.8680353682170543,2.6677567829457365,False,True,True,True,True,True,True,True,True,False,,True,21,4,1
Eryth,overall,5,0.9,0.03,4000,50,500,1000,130,130,125,130,0.051710616606215,0.1809644863744858,0.0596302921884317,4.76612999403697,2.6657722122838403,False,True,True,True,True,True,True,True,True,False,,True,21,4,1
Eryth,overall,5,0.9,0.03,4000,50,1000,1977,126,126,126,126,0.041210051054349,0.2934842554859062,0.1255238095238095,10.811301587301587,2.116825396825397,False,True,True,True,True,True,True,True,True,False,,True,21,9,2
Eryth,overall,5,0.9,0.03,4000,75,100,199,119,119,74,101,0.0538087133088476,0.052188474457382,0.0141717704030764,0.2561600911551061,1.0301951288990172,False,True,True,True,True,True,True,True,True,False,,True,20,4,1
Eryth,overall,5,0.9,0.03,4000,75,250,497,144,144,114,142,0.0744659735349716,0.0786562452616373,0.0241355866355866,1.456973581973582,2.991210178710179,False,True,True,True,True,True,True,True,True,False,,True,21,4,1
Eryth,overall,5,0.9,0.03,4000,75,500,992,145,145,136,145,0.0660550823512117,0.1422260601916975,0.0475095785440613,3.897988505747127,2.679741379310345,False,True,True,True,True,True,True,True,True,False,,True,21,4,1
Eryth,overall,5,0.9,0.03,4000,75,1000,1981,145,145,142,145,0.0496098774329484,0.2402925494645297,0.094875478927203,9.037260536398469,2.2388409961685825,False,True,True,True,True,True,True,True,True,False,,True,21,8,3
Eryth,overall,5,0.9,0.03,4000,100,100,198,117,117,73,100,0.0671862402579951,0.0655292475805296,0.0145888594164456,0.2498526377836722,0.9210138520483347,False,True,True,True,True,True,True,True,True,False,,True,20,4,1
Eryth,overall,5,0.9,0.03,4000,100,250,497,143,143,118,139,0.0574826396305314,0.0748050501823044,0.0244755244755244,1.4937456909287896,3.045011326701468,False,True,True,True,True,True,True,True,True,False,,True,21,4,1
Eryth,overall,5,0.9,0.03,4000,100,500,992,145,145,137,145,0.0457838106515796,0.141607352810634,0.0475095785440613,3.933716475095786,2.7123563218390805,False,True,True,True,True,True,True,True,True,False,,True,21,4,1
Eryth,overall,5,0.9,0.03,4000,100,1000,1981,145,145,142,145,0.0403590455790159,0.2395725674029702,0.094875478927203,9.031800766283524,2.238649425287356,False,True,True,True,True,True,True,True,True,False,,True,21,8,3
Mono,overall,50,0.5,0.005,2000,10,100,162,42,42,42,38,-0.0328814017386604,0.3318501323974566,0.0940766550522648,2.035423925667828,2.7113821138211383,False,True,False,False,True,False,True,False,True,False,,True,11,1,0
Mono,overall,50,0.5,0.005,2000,10,250,166,41,41,41,37,-0.0298451822288496,0.3531550769450037,0.1012195121951219,2.15,2.6128048780487805,False,True,False,False,True,False,True,False,True,False,,True,11,1,0
Mono,overall,50,0.5,0.005,2000,10,500,163,42,42,42,38,-0.0328222222222222,0.340315740863065,0.09465737514518,2.048780487804878,2.710220673635308,False,True,False,False,True,False,True,False,True,False,,True,11,1,0
Mono,overall,50,0.5,0.005,2000,10,1000,162,42,42,42,38,-0.0328814017386604,0.3318501323974566,0.0940766550522648,2.035423925667828,2.7113821138211383,False,True,False,False,True,False,True,False,True,False,,True,11,1,0
Mono,overall,50,0.5,0.005,2000,25,100,199,82,82,64,75,0.0136920588799649,0.0957789255304923,0.0299608551641071,1.1224028906955736,2.5347786811201445,False,True,False,True,True,False,True,True,True,False,,True,19,2,1
Mono,overall,50,0.5,0.005,2000,25,250,500,91,91,85,86,0.020219807901329,0.2510570587025436,0.061050061050061,2.841880341880342,2.5163614163614163,False,True,True,True,True,False,True,True,True,False,,True,21,5,4
Mono,overall,50,0.5,0.005,2000,25,500,746,92,92,92,87,0.003265070363369,0.3262979309892898,0.0891065456282847,4.300883898709985,2.437888198757764,False,True,True,True,True,False,True,True,True,False,,True,21,8,7
Mono,overall,50,0.5,0.005,2000,25,1000,742,91,91,91,86,0.0034403182347491,0.3202214150510181,0.0905982905982906,4.353113553113553,2.421001221001221,False,True,True,True,True,False,True,True,True,False,,True,21,8,7
Mono,overall,50,0.5,0.005,2000,50,100,198,113,113,81,93,0.0051670732710177,0.070791843358215,0.0156447534766118,0.5315265486725663,2.153603034134008,False,True,True,True,True,True,True,True,True,False,,True,21,1,1
Mono,overall,50,0.5,0.005,2000,50,250,500,141,141,114,136,0.0160573165062585,0.1490329405913674,0.0253292806484295,1.6009625126646403,2.6567375886524824,False,True,True,True,True,True,True,True,True,False,,True,23,2,2
Mono,overall,50,0.5,0.005,2000,50,500,1000,144,144,134,140,0.0013459869544525,0.2450701990657078,0.0485625485625485,3.441579254079254,2.6264568764568765,False,True,True,True,True,True,True,True,True,False,,True,23,7,6
Mono,overall,50,0.5,0.005,2000,50,1000,1257,141,141,141,135,-0.0039788382398693,0.2844766145067142,0.0636778115501519,4.457142857142857,2.647163120567376,False,True,True,True,True,True,True,True,True,False,,True,23,8,7
Mono,overall,50,0.5,0.005,2000,75,100,198,114,114,82,101,0.0421756288759429,0.0307176254544675,0.015370284117373,0.5071417481757491,2.1982611395746003,False,True,True,True,True,True,True,True,True,False,,True,22,1,1
Mono,overall,50,0.5,0.005,2000,75,250,500,145,145,116,140,0.0118054606925756,0.1466474580455437,0.0239463601532567,1.5144157088122605,2.6944444444444446,False,True,True,True,True,True,True,True,True,False,,True,24,3,2
Mono,overall,50,0.5,0.005,2000,75,500,1000,153,153,140,148,-0.0050592088687327,0.2297741710596964,0.0429996560027519,3.1287409700722395,2.639318885448916,False,True,True,True,True,True,True,True,True,False,,True,24,7,6
Mono,overall,50,0.5,0.005,2000,75,1000,1358,156,156,156,149,-0.0165579223632812,0.2775050058254818,0.05616211745244,4.1956989247311824,2.71575682382134,False,True,True,True,True,True,True,True,True,False,,True,24,8,7
Mono,overall,50,0.5,0.005,2000,100,100,198,115,115,82,97,-0.021024642964831,0.0725563808172503,0.0151029748283752,0.4807017543859649,2.0852021357742183,False,True,True,True,True,True,True,True,True,False,,True,22,1,1
Mono,overall,50,0.5,0.005,2000,100,250,500,146,146,114,140,0.0113827186736104,0.113999297378428,0.0236183278223901,1.3794992914501654,2.4622579121398207,False,True,True,True,True,True,True,True,True,False,,True,24,2,2
Mono,overall,50,0.5,0.005,2000,100,500,1000,154,154,143,149,-0.0034720308934842,0.2317958646362991,0.0424412189118071,3.0798319327731094,2.77196333078686,False,True,True,True,True,True,True,True,True,False,,True,24,6,5
Mono,overall,50,0.5,0.005,2000,100,1000,1387,157,157,157,151,-0.0110240419442143,0.2860145305452514,0.0566307365670423,4.37600032663727,2.724644781969623,False,True,True,True,True,True,True,True,True,False,,True,24,8,7
Mono,overall,50,0.5,0.005,3000,10,100,200,41,41,41,37,-0.0009104938271604,0.3413936573549199,0.1219512195121951,2.990853658536585,2.2402439024390244,False,False,False,False,True,False,True,True,True,False,,False,9,0,0
Mono,overall,50,0.5,0.005,3000,10,250,225,42,42,42,37,-0.0074740954645829,0.3935875845042144,0.1306620209059233,3.1707317073170733,2.126596980255517,False,False,False,False,True,False,True,True,True,False,,False,9,0,0
Mono,overall,50,0.5,0.005,3000,10,500,225,42,42,42,37,-0.0074740954645829,0.3935875845042144,0.1306620209059233,3.1707317073170733,2.126596980255517,False,False,False,False,True,False,True,True,True,False,,False,9,0,0
Mono,overall,50,0.5,0.005,3000,10,1000,207,41,41,41,35,-0.0043467070834167,0.3737455401202287,0.1262195121951219,2.827439024390244,2.1878048780487807,False,False,False,False,True,False,True,True,True,False,,False,9,0,0
Mono,overall,50,0.5,0.005,3000,25,100,198,79,79,68,72,0.048682876017653,0.1447449733190612,0.0321324245374878,1.1828951639078222,2.704154495293736,False,True,False,True,True,False,True,True,True,False,,False,16,0,0
Mono,overall,50,0.5,0.005,3000,25,250,500,90,90,83,86,0.0384393619065923,0.2241993144041693,0.062421972534332,2.9672908863920098,2.513358302122347,False,True,True,True,True,False,True,True,True,False,,True,19,4,2
Mono,overall,50,0.5,0.005,3000,25,500,949,89,89,88,85,0.0063467896802746,0.3853821362616608,0.1211695607763023,6.164581205311542,2.203268641470889,False,True,True,True,True,False,True,True,True,False,,True,19,8,5
Mono,overall,50,0.5,0.005,3000,25,1000,965,90,90,89,86,0.0089400382882398,0.3897498047271316,0.1204744069912609,6.170661672908864,2.2019975031210985,False,True,True,True,True,False,True,True,True,False,,True,19,8,5
Mono,overall,50,0.5,0.005,3000,50,100,200,122,122,89,101,0.0138856015779092,0.0688884430687709,0.0135482996883891,0.2928464977645305,1.337013954748679,False,True,True,True,True,True,True,True,True,False,,False,21,1,1
Mono,overall,50,0.5,0.005,3000,50,250,500,150,150,123,141,0.0025273674141779,0.1105063431122254,0.0223713646532438,1.4484116331096195,2.5385682326621923,False,True,True,True,True,True,True,True,True,False,,True,24,1,1
Mono,overall,50,0.5,0.005,3000,50,500,1000,152,152,142,150,0.0079506348641271,0.1857968588378944,0.043569187870338,3.451551063088184,2.700156849076333,False,True,True,True,True,True,True,True,True,False,,True,24,3,2
Mono,overall,50,0.5,0.005,3000,50,1000,1895,152,152,151,150,-0.0097892802702171,0.3066334723878602,0.0825636110142906,6.961005576856048,2.42654234925061,False,True,True,True,True,True,True,True,True,False,,True,24,10,6
Mono,overall,50,0.5,0.005,3000,75,100,198,122,122,93,99,0.0250476522859673,0.0609159510798855,0.0134128166915052,0.2106760601544506,0.7937271372442758,False,True,True,True,True,True,True,True,True,False,,False,20,1,1
Mono,overall,50,0.5,0.005,3000,75,250,500,161,161,131,145,0.0334185677207841,0.1096600206258177,0.0194099378881987,1.2740295031055902,2.492934782608696,False,True,True,True,True,True,True,True,True,False,,True,24,1,1
Mono,overall,50,0.5,0.005,3000,75,500,1000,167,167,150,164,0.0356602066829308,0.1697178742374373,0.0360724334463602,3.0097756294639635,2.688550609624125,False,True,True,True,True,True,True,True,True,False,,True,24,3,2
Mono,overall,50,0.5,0.005,3000,75,1000,2000,167,167,165,165,0.0053711518497886,0.2798035993289591,0.0721448668927205,6.547290960248178,2.4533222711204097,False,True,True,True,True,True,True,True,True,False,,True,24,8,6
Mono,overall,50,0.5,0.005,3000,100,100,198,126,126,85,105,0.0160631561634823,0.0610446872351634,0.0125714285714285,0.3518095238095238,1.7692063492063492,False,True,True,True,True,True,True,True,True,False,,False,20,1,1
Mono,overall,50,0.5,0.005,3000,100,250,500,165,165,133,156,0.0390064715524896,0.1049605415380816,0.0184774575018477,1.3023281596452327,2.848373983739837,False,True,True,True,True,True,True,True,True,False,,True,24,1,1
Mono,overall,50,0.5,0.005,3000,100,500,1000,169,169,151,166,0.0408407936242764,0.1762184188429121,0.0352211890673429,2.936742744435052,2.6752958579881656,False,True,True,True,True,True,True,True,True,False,,True,24,3,2
Mono,overall,50,0.5,0.005,3000,100,1000,2000,169,169,167,167,0.0117782284721582,0.2741597862369836,0.0704423781346858,6.467138630600169,2.469674556213018,False,True,True,True,True,True,True,True,True,False,,True,24,8,6
Mono,overall,50,0.5,0.005,4000,10,100,200,42,42,42,38,0.0195175703417461,0.3125455471928272,0.1161440185830429,2.7706155632984903,2.4111498257839723,False,True,False,False,True,False,False,True,True,False,,False,10,1,0
Mono,overall,50,0.5,0.005,4000,10,250,284,43,43,43,38,-0.0078964233398437,0.4708808861015016,0.1572535991140642,3.808416389811738,1.976744186046512,False,True,False,False,True,False,True,True,True,False,,False,10,1,0
Mono,overall,50,0.5,0.005,4000,10,500,274,42,42,42,37,-0.0041551246537396,0.4737341385571775,0.1591173054587688,3.819396051103368,1.9593495934959348,False,True,False,False,True,False,True,True,True,False,,False,10,1,0
Mono,overall,50,0.5,0.005,4000,10,1000,284,43,43,43,38,-0.0084381103515625,0.4620669616773978,0.1572535991140642,3.821705426356589,1.973421926910299,False,True,False,False,True,False,True,True,True,False,,False,10,1,0
Mono,overall,50,0.5,0.005,4000,25,100,199,82,82,65,73,0.0156656901041666,0.1394206064937772,0.0299608551641071,0.9177958446251128,2.210177657332129,False,True,False,True,True,False,True,True,True,False,,True,17,1,0
Mono,overall,50,0.5,0.005,4000,25,250,500,95,95,85,90,0.0302858338229272,0.2089334625543148,0.0559910414333706,2.813549832026876,2.4974244120940647,False,True,True,True,True,False,True,True,True,False,,True,20,2,1
Mono,overall,50,0.5,0.005,4000,25,500,1000,95,95,90,91,0.0078264552924433,0.360573317073153,0.1119820828667413,5.937849944008959,2.0795072788353863,False,True,True,True,True,False,True,True,True,False,,True,19,9,5
Mono,overall,50,0.5,0.005,4000,25,1000,1211,96,96,95,92,0.0086571929506754,0.3987474217874008,0.1327850877192982,7.149342105263158,2.075877192982456,False,True,True,True,True,False,True,True,True,False,,True,20,10,5
Mono,overall,50,0.5,0.005,4000,50,100,199,121,121,86,98,0.0210589337775926,0.0518210439698043,0.0137052341597796,0.2973829201101928,1.3527548209366391,False,True,True,True,True,True,True,True,True,False,,True,20,1,1
Mono,overall,50,0.5,0.005,4000,50,250,500,153,153,119,145,0.0178530521565864,0.1023485267844284,0.0214998280013759,1.3952528379772962,2.617174062607499,False,True,True,True,True,True,True,True,True,False,,True,23,2,1
Mono,overall,50,0.5,0.005,4000,50,500,1000,154,154,137,150,0.0234321659284676,0.1625991794773258,0.0424412189118071,3.2976827094474155,2.595322977675919,False,True,True,True,True,True,False,True,True,False,,True,22,3,2
Mono,overall,50,0.5,0.005,4000,50,1000,2000,153,153,151,152,0.0074304365319306,0.2884780080895409,0.0859993120055039,7.5623495012039905,2.376762985896113,False,True,True,True,True,True,True,True,True,False,,True,23,9,5
Mono,overall,50,0.5,0.005,4000,75,100,199,128,128,86,105,0.0181564972927946,0.0533281822344322,0.0122416338582677,0.1888533464566929,0.9218134842519684,False,True,True,True,True,True,True,True,True,False,,True,22,1,1
Mono,overall,50,0.5,0.005,4000,75,250,500,163,163,126,156,0.0354710252090754,0.0837195868721922,0.0189350905097326,1.3396955237446035,2.84772400212073,False,True,True,True,True,True,True,True,True,False,,True,24,1,1
Mono,overall,50,0.5,0.005,4000,75,500,1000,170,170,152,166,0.0249466845755324,0.1657727053750253,0.0348068221371388,3.024364775495997,2.6808214410024367,False,True,True,True,True,True,True,True,True,False,,True,24,2,1
Mono,overall,50,0.5,0.005,4000,75,1000,2000,171,171,170,170,0.023206712624789,0.2391318908812291,0.0687994496044031,6.649432404540764,2.5625042999656005,False,True,True,True,True,True,True,True,True,False,,True,24,9,5
Mono,overall,50,0.5,0.005,4000,100,100,198,127,127,88,104,0.0065988129945855,0.0454769858313165,0.0123734533183352,0.3655793025871766,2.043869516310461,False,True,True,True,True,True,True,True,True,False,,True,20,1,1
Mono,overall,50,0.5,0.005,4000,100,250,500,162,162,126,152,0.0267471290094867,0.0903149390349826,0.0191703090253814,1.2916187408941031,2.7581857219538377,False,True,True,True,True,True,True,True,True,False,,True,24,2,1
Mono,overall,50,0.5,0.005,4000,100,500,1000,171,171,151,168,0.0289153257860256,0.1649211453368033,0.0343997248022015,2.9876504987960097,2.6704162366701065,False,True,True,True,True,True,True,True,True,False,,True,24,2,1
Mono,overall,50,0.5,0.005,4000,100,1000,2000,173,173,171,172,0.0413529856386999,0.232713782224403,0.0672133351256889,6.51488775373034,2.5603239682753056,False,True,True,True,True,True,True,True,True,False,,True,24,9,5
Mono,overall,50,0.5,0.01,2000,10,100,155,35,35,35,32,0.0362688614540466,0.4707302501420149,0.1302521008403361,2.284033613445378,2.2907563025210083,False,True,False,True,False,False,False,False,True,False,,False,7,1,1
Mono,overall,50,0.5,0.01,2000,10,250,139,34,34,33,31,0.036643671880336,0.4558254317769888,0.123885918003565,2.0303030303030303,2.262032085561497,False,False,False,True,False,False,False,False,True,False,,False,6,0,0
Mono,overall,50,0.5,0.01,2000,10,500,154,35,35,35,32,0.0321341055914457,0.4690922616132699,0.1294117647058823,2.2831932773109243,2.292436974789916,False,True,False,True,False,False,False,False,True,False,,False,7,1,1
Mono,overall,50,0.5,0.01,2000,10,1000,156,35,35,35,32,0.0356563581314878,0.476543593023027,0.1310924369747899,2.28655462184874,2.2815126050420167,False,True,False,True,False,False,False,False,True,False,,False,7,1,1
Mono,overall,50,0.5,0.01,2000,25,100,200,73,73,60,68,0.0225780896333182,0.1986483075524171,0.0380517503805175,1.1712328767123288,2.54261796042618,False,True,False,True,True,False,False,False,True,False,,False,13,0,0
Mono,overall,50,0.5,0.01,2000,25,250,500,82,82,79,77,0.0231397174254317,0.3121938688622376,0.0752785305630834,3.1266184884071064,2.425925925925926,False,True,False,True,True,False,False,True,True,False,,False,15,4,1
Mono,overall,50,0.5,0.01,2000,25,500,651,81,81,81,76,0.0068607360078272,0.3800076926331751,0.1004629629629629,4.272530864197531,2.3479938271604937,False,True,False,True,True,False,False,True,True,False,,False,15,4,1
Mono,overall,50,0.5,0.01,2000,25,1000,658,82,82,82,77,0.0066683534918753,0.3923152515823379,0.0990665462210177,4.206413730803975,2.359530261969286,False,True,False,True,True,False,True,True,True,False,,False,16,4,1
Mono,overall,50,0.5,0.01,2000,50,100,197,101,101,72,94,0.0164101403349932,0.1014885554489514,0.0195049504950495,0.6608910891089109,2.0765346534653464,False,True,False,True,True,True,False,True,True,False,,False,16,1,1
Mono,overall,50,0.5,0.01,2000,50,250,500,118,118,103,114,0.0300425524274633,0.2315490432574362,0.0362161379110531,1.9215558452846588,2.650586701434159,False,True,False,True,True,True,False,True,True,False,,False,18,2,1
Mono,overall,50,0.5,0.01,2000,50,500,955,119,119,118,113,0.004426608534813,0.3181085783112922,0.0680102549494374,4.036818117077339,2.5673693206096,False,True,False,True,True,True,False,True,True,False,,False,18,5,2
Mono,overall,50,0.5,0.01,2000,50,1000,1034,119,119,118,114,-0.0014721610569361,0.3364725335760237,0.0736362341546788,4.326876513317191,2.5423016664292835,False,True,False,True,True,True,True,True,True,False,,False,19,5,2
Mono,overall,50,0.5,0.01,2000,75,100,196,103,103,78,94,0.0929153463105477,0.1005358306900282,0.018656006091757,0.636969350847135,2.346183133447554,False,True,False,True,True,True,False,True,True,False,,False,16,1,1
Mono,overall,50,0.5,0.01,2000,75,250,500,130,130,112,123,0.0567292892711634,0.2052617481747708,0.0298151460942158,1.6776982707215264,2.744186046511628,False,True,True,True,True,True,True,True,True,False,,False,22,4,3
Mono,overall,50,0.5,0.01,2000,75,500,978,133,133,129,126,0.0279930559861119,0.3085244269947095,0.0557074504442925,3.508544087491456,2.6438254727728414,False,True,True,True,True,True,True,True,True,False,,False,22,7,4
Mono,overall,50,0.5,0.01,2000,75,1000,1102,133,133,132,126,0.0176843865220892,0.3236656357216998,0.0627705627705627,3.968386876281613,2.626737297789929,False,True,True,True,True,True,True,True,True,False,,False,22,7,4
Mono,overall,50,0.5,0.01,2000,100,100,195,104,104,72,94,0.0750913075237399,0.0897151993305839,0.0182038834951456,0.5769230769230769,1.888069454817028,False,True,False,True,True,True,False,True,True,False,,False,16,1,1
Mono,overall,50,0.5,0.01,2000,100,250,500,130,130,112,123,0.0486871887732005,0.2031121170088453,0.0298151460942158,1.6726893261776985,2.787000596302922,False,True,True,True,True,True,True,True,True,False,,False,22,4,3
Mono,overall,50,0.5,0.01,2000,100,500,981,133,133,129,126,0.024084876056634,0.3085077429008447,0.0558783321941216,3.544144452039189,2.640009113693324,False,True,True,True,True,True,True,True,True,False,,False,22,7,4
Mono,overall,50,0.5,0.01,2000,100,1000,1111,134,134,133,128,0.010061,0.3175408347899823,0.0623386825272135,3.9655481988553474,2.664740208730782,False,True,True,True,True,True,True,True,True,False,,False,22,7,4
Mono,overall,50,0.5,0.01,3000,10,100,186,42,42,40,38,0.007660476727882,0.3668369527502654,0.1080139372822299,2.296747967479675,2.2746806039488967,False,False,False,True,True,False,True,True,True,False,,False,10,0,0
Mono,overall,50,0.5,0.01,3000,10,250,233,45,45,45,40,0.0070129991365025,0.4016629340972231,0.1176767676767676,2.665656565656566,2.2777777777777777,False,False,False,True,True,False,False,True,True,False,,False,9,1,1
Mono,overall,50,0.5,0.01,3000,10,500,220,44,44,44,39,0.0125114784205693,0.39741343912678,0.1162790697674418,2.6141649048625792,2.2843551797040167,False,False,False,True,True,False,False,True,True,False,,False,9,1,1
Mono,overall,50,0.5,0.01,3000,10,1000,212,42,42,42,38,0.0103081597222222,0.4278279293311119,0.1231126596980255,2.738095238095238,2.2804878048780486,False,False,False,True,True,False,True,True,True,False,,False,10,1,1
Mono,overall,50,0.5,0.01,3000,25,100,200,85,85,69,79,0.0675884354714175,0.0951868393044863,0.0280112044817927,1.0749299719887957,2.938655462184874,False,True,False,True,True,False,True,True,True,False,,True,15,0,0
Mono,overall,50,0.5,0.01,3000,25,250,500,90,90,83,85,0.0215283022343384,0.2910026818202963,0.062421972534332,2.9347066167290885,2.413358302122348,False,True,False,True,True,False,True,True,True,False,,True,15,3,2
Mono,overall,50,0.5,0.01,3000,25,500,951,91,91,91,86,-0.0016638878072056,0.3998455634495039,0.1161172161172161,5.784737484737485,2.187912087912088,False,True,True,True,True,False,True,True,True,False,,True,16,4,2
Mono,overall,50,0.5,0.01,3000,25,1000,964,91,91,91,86,-0.0038261529599862,0.404011323354753,0.1177045177045177,5.869474969474969,2.173137973137973,False,True,True,True,True,False,True,True,True,False,,True,16,4,2
Mono,overall,50,0.5,0.01,3000,50,100,199,122,122,82,104,0.0179362880886426,0.0812758734889882,0.0134805581899471,0.3280043354559003,1.5455900284514297,False,True,False,True,True,True,True,True,True,False,,False,19,1,1
Mono,overall,50,0.5,0.01,3000,50,250,500,140,140,113,135,0.0321348595845867,0.1422678086432101,0.0256937307297019,1.7291880781089417,2.7817060637204523,False,True,False,True,True,True,True,True,True,False,,True,21,2,2
Mono,overall,50,0.5,0.01,3000,50,500,1000,144,144,136,140,0.0236759651185139,0.2295269274742763,0.0485625485625485,3.6724456099456098,2.591686091686092,False,True,False,True,True,True,True,True,True,False,,True,21,5,3
Mono,overall,50,0.5,0.01,3000,50,1000,1825,144,144,144,140,-0.0052453186238931,0.3371067697192394,0.0886266511266511,6.8947163947163945,2.345619658119658,False,True,False,True,True,True,True,True,True,False,,True,21,7,4
Mono,overall,50,0.5,0.01,3000,75,100,197,127,127,83,109,0.0664327750113173,0.0652243644369628,0.0123109611298587,0.2715285589301337,1.4703162104736909,False,True,False,True,True,True,True,True,True,False,,False,19,1,1
Mono,overall,50,0.5,0.01,3000,75,250,500,160,160,123,153,0.045161218836565,0.1041363263929053,0.0196540880503144,1.4196540880503146,2.835377358490566,False,True,False,True,True,True,True,True,True,False,,True,23,3,3
Mono,overall,50,0.5,0.01,3000,75,500,1000,166,166,148,161,0.0372034475142106,0.1938876333245787,0.0365096750638919,2.996093464768164,2.6662285505659,False,True,True,True,True,True,True,True,True,False,,True,23,5,3
Mono,overall,50,0.5,0.01,3000,75,1000,1928,168,168,167,163,-0.0008129007460883,0.300377553551608,0.0687197034502423,5.932527801539778,2.461434274308526,False,True,True,True,True,True,True,True,True,False,,True,23,6,3
Mono,overall,50,0.5,0.01,3000,100,100,196,126,126,84,108,0.0531756698790357,0.074913093960713,0.0124444444444444,0.2963174603174603,1.6032380952380951,False,True,False,True,True,True,True,True,True,False,,False,19,1,1
Mono,overall,50,0.5,0.01,3000,100,250,500,160,160,124,153,0.0709894736842105,0.0999131262679603,0.0196540880503144,1.4121462264150944,2.8116745283018867,False,True,False,True,True,True,True,True,True,False,,True,23,3,3
Mono,overall,50,0.5,0.01,3000,100,500,1000,169,169,151,163,0.05256135771402,0.2026959470134876,0.0352211890673429,2.895040856579318,2.634897154127924,False,True,True,True,True,True,True,True,True,False,,True,24,6,5
Mono,overall,50,0.5,0.01,3000,100,1000,1948,171,171,171,166,-0.002040836226982,0.2949735228561421,0.0670106639146886,5.84406604747162,2.523151014791882,False,True,True,True,True,True,True,True,True,False,,True,24,8,5
Mono,overall,50,0.5,0.01,4000,10,100,200,47,47,43,46,0.0012840037027083,0.3095337029086453,0.0925069380203515,2.272432932469936,2.498612395929695,False,False,False,False,True,False,True,True,True,False,,True,9,1,0
Mono,overall,50,0.5,0.01,4000,10,250,287,48,48,48,44,0.0008262724595877,0.403598141182958,0.1272163120567375,3.221631205673759,2.2845744680851063,False,False,False,False,True,False,True,True,True,False,,True,9,1,0
Mono,overall,50,0.5,0.01,4000,10,500,290,47,47,47,46,-0.0129470341825554,0.4029070818562403,0.1341350601295097,3.5434782608695654,2.420444033302497,False,False,False,False,True,False,True,True,True,False,,True,9,1,0
Mono,overall,50,0.5,0.01,4000,10,1000,287,48,48,48,44,0.0008262724595877,0.403598141182958,0.1272163120567375,3.221631205673759,2.2845744680851063,False,False,False,False,True,False,True,True,True,False,,True,9,1,0
Mono,overall,50,0.5,0.01,4000,25,100,200,87,87,68,82,0.0590129055737521,0.1253972400524124,0.0267308206361935,0.888398823843892,2.5185779203421546,False,True,False,True,True,False,True,True,True,False,,False,14,0,0
Mono,overall,50,0.5,0.01,4000,25,250,500,99,99,92,97,0.0421471200427342,0.1944759605167203,0.0515357658214801,2.881158524015667,2.73572459286745,False,True,True,True,True,False,True,True,True,False,,True,18,3,1
Mono,overall,50,0.5,0.01,4000,25,500,1000,100,100,98,98,0.0171706315662359,0.3184092341618258,0.101010101010101,5.8954545454545455,2.306060606060606,False,True,True,True,True,False,True,True,True,False,,True,18,5,3
Mono,overall,50,0.5,0.01,4000,25,1000,1276,100,100,100,98,-0.0005689468502427,0.3801053862128432,0.1288888888888889,7.539090909090909,2.184848484848485,False,True,True,True,True,False,True,True,True,False,,True,18,7,3
Mono,overall,50,0.5,0.01,4000,50,100,198,123,123,78,109,0.0210800369530528,0.0552982049036568,0.0131947221111555,0.1239504198320671,0.3811808609889378,False,False,False,True,True,True,True,True,True,False,,False,17,1,1
Mono,overall,50,0.5,0.01,4000,50,250,498,151,151,122,148,0.0218169991517564,0.1147123035366797,0.0219867549668874,1.6038852097130245,2.9947019867549667,False,True,True,True,True,True,True,True,True,False,,True,21,2,1
Mono,overall,50,0.5,0.01,4000,50,500,1000,160,160,149,160,0.0169660016485821,0.1666487778911402,0.0393081761006289,3.4603380503144656,2.7650550314465407,False,True,True,True,True,True,True,True,True,False,,True,23,3,2
Mono,overall,50,0.5,0.01,4000,50,1000,2000,158,158,156,158,0.0003162892622352,0.2694138853217825,0.0806256550834475,7.439571071514956,2.3905909860517616,False,True,True,True,True,True,True,True,True,False,,True,23,8,5
Mono,overall,50,0.5,0.01,4000,75,100,195,126,126,77,108,0.0553396639883126,0.0330908289241622,0.0123809523809523,0.1089523809523809,0.3488888888888889,False,False,True,True,True,True,True,True,True,False,,False,18,1,1
Mono,overall,50,0.5,0.01,4000,75,250,497,170,170,134,162,0.046625605084723,0.0843316616304232,0.017298990602158,1.3753915767490428,3.083431952662722,False,True,True,True,True,True,True,True,True,False,,True,22,2,1
Mono,overall,50,0.5,0.01,4000,75,500,1000,178,178,160,178,0.0459191135734071,0.146596445122367,0.0317399860344061,3.0062845172348123,2.8637719799403287,False,True,True,True,True,True,True,True,True,False,,True,24,4,2
Mono,overall,50,0.5,0.01,4000,75,1000,2000,179,179,177,179,0.0276344874143525,0.2204019357121667,0.0627706986378758,6.569204695248258,2.5218755884753,False,True,True,True,True,True,True,True,True,False,,True,24,9,6
Mono,overall,50,0.5,0.01,4000,100,100,194,128,128,77,109,0.0402045288531775,0.0288994208916083,0.0119340551181102,0.1838090551181102,0.9028666338582676,False,False,True,True,True,True,True,True,True,False,,False,18,1,1
Mono,overall,50,0.5,0.01,4000,100,250,497,169,169,134,160,0.0412365650969528,0.090116226252876,0.0175049309664694,1.393984220907298,3.059876021414483,False,True,True,True,True,True,True,True,True,False,,True,22,2,1
Mono,overall,50,0.5,0.01,4000,100,500,1000,179,179,160,179,0.0589604586159625,0.1471049883285133,0.0313853493189379,2.9365388236771075,2.761691042621304,False,True,True,True,True,True,True,True,True,False,,True,24,4,3
Mono,overall,50,0.5,0.01,4000,100,1000,2000,179,179,177,179,0.0237719678575557,0.2240952486230725,0.0627706986378758,6.540047705730965,2.5250768941058315,False,True,True,True,True,True,True,True,True,False,,True,24,9,6
Mono,overall,50,0.5,0.02,2000,10,100,133,36,36,36,32,0.0436995849322578,0.4142629384050952,0.1055555555555555,1.8888888888888888,2.5507936507936506,False,False,False,False,True,False,False,False,False,False,,False,6,1,0
Mono,overall,50,0.5,0.02,2000,10,250,120,33,33,33,30,0.0544842363024181,0.3846512073784801,0.1136363636363636,1.7670454545454546,2.178030303030303,False,False,False,False,True,False,False,False,False,False,,False,6,1,0
Mono,overall,50,0.5,0.02,2000,10,500,133,35,35,35,32,0.0436995849322578,0.4336127551253601,0.1117647058823529,1.9865546218487395,2.58655462184874,False,False,False,False,True,False,False,False,False,False,,False,6,1,0
Mono,overall,50,0.5,0.02,2000,10,1000,121,34,34,34,30,0.0625999999999999,0.3713771522595052,0.1078431372549019,1.6871657754010696,2.1310160427807485,False,False,False,False,True,False,False,False,False,False,,False,6,1,0
Mono,overall,50,0.5,0.02,2000,25,100,200,69,69,57,66,0.0609876543209876,0.2503930449582623,0.0426257459505541,1.3925831202046035,2.617220801364024,False,True,False,True,True,False,False,False,True,False,,False,13,2,1
Mono,overall,50,0.5,0.02,2000,25,250,470,71,71,68,70,0.010462385777173,0.4153447429570737,0.0945674044265593,3.386116700201207,2.2215291750503017,False,True,False,True,True,False,False,False,True,False,,False,13,3,2
Mono,overall,50,0.5,0.02,2000,25,500,536,71,71,70,70,0.0006994066405756,0.4738787180064557,0.1078470824949698,3.909456740442656,2.253118712273642,False,True,False,True,True,False,False,False,True,False,,False,13,3,2
Mono,overall,50,0.5,0.02,2000,25,1000,537,71,71,70,70,-0.0001287716197449,0.4744377496829552,0.1080482897384305,3.915895372233401,2.2569416498993964,False,True,False,True,True,False,False,False,True,False,,False,13,3,2
Mono,overall,50,0.5,0.02,2000,50,100,199,90,90,72,86,0.0492493992072657,0.1153399070065736,0.0248439450686641,0.8856429463171036,2.9158551810237205,False,True,False,True,True,True,False,False,True,False,,False,14,1,0
Mono,overall,50,0.5,0.02,2000,50,250,500,104,104,93,101,0.0317521913805697,0.2570011169973052,0.0466766243465272,2.3876960418222555,2.5914861837191934,False,True,False,True,True,True,False,False,True,False,,False,16,2,1
Mono,overall,50,0.5,0.02,2000,50,500,849,108,108,106,104,0.0186079874126521,0.3603369013618159,0.0734683281412253,3.99870197300104,2.4257528556593977,False,True,False,True,True,True,True,False,True,False,,False,17,3,2
Mono,overall,50,0.5,0.02,2000,50,1000,840,106,106,105,102,0.008055025491695,0.4074644054827879,0.0754716981132075,3.959568733153639,2.4212938005390834,False,True,False,True,True,True,True,False,True,False,,False,17,3,2
Mono,overall,50,0.5,0.02,2000,75,100,199,96,96,76,90,0.0984724150991036,0.1093103655603655,0.0218201754385964,0.7054824561403509,2.672587719298245,False,True,True,True,True,True,False,False,True,False,,False,16,1,0
Mono,overall,50,0.5,0.02,2000,75,250,500,113,113,100,109,0.0668420051316067,0.2496483761930283,0.0395069532237673,2.0751422250316054,2.752765486725664,False,True,True,True,True,True,False,False,True,False,,False,19,3,2
Mono,overall,50,0.5,0.02,2000,75,500,853,118,118,117,112,0.0272344437105906,0.3611003225230254,0.0617847312762567,3.4847167898015354,2.6023468057366363,False,True,True,True,True,True,True,False,True,False,,False,20,5,4
Mono,overall,50,0.5,0.02,2000,75,1000,896,117,117,116,112,0.0181835920299902,0.3802616561144746,0.0660182729148246,3.716401414677277,2.575670498084292,False,True,True,True,True,True,True,False,True,False,,False,20,5,4
Mono,overall,50,0.5,0.02,2000,100,100,199,95,95,78,89,0.0782571644994318,0.1074139895192526,0.0222844344904815,0.741545352743561,2.689137737961926,False,True,True,True,True,True,False,False,True,False,,False,16,1,0
Mono,overall,50,0.5,0.02,2000,100,250,500,116,116,102,109,0.0697882523276157,0.2377516590054108,0.0374812593703148,2.0709895052473763,2.651424287856072,False,True,True,True,True,True,True,False,True,False,,False,20,4,3
Mono,overall,50,0.5,0.02,2000,100,500,860,120,120,118,112,0.0274600576949331,0.3235407933864983,0.0602240896358543,3.457843137254902,2.5593837535014003,False,True,True,True,True,True,True,False,True,False,,False,20,5,4
Mono,overall,50,0.5,0.02,2000,100,1000,897,118,118,117,112,0.0189987787051526,0.3817311701046,0.0649717514124293,3.654570476604375,2.5588150079675502,False,True,True,True,True,True,True,False,True,False,,False,20,5,4
Mono,overall,50,0.5,0.02,3000,10,100,172,37,37,37,33,0.0551215277777778,0.3855582001092837,0.1291291291291291,2.292042042042042,2.316066066066066,False,False,False,False,False,False,False,False,True,False,,False,6,0,0
Mono,overall,50,0.5,0.02,3000,10,250,180,36,36,36,34,0.0235296697513266,0.4092561594561079,0.1428571428571428,2.7142857142857144,2.413492063492064,False,False,False,False,True,False,False,False,True,False,,False,7,1,0
Mono,overall,50,0.5,0.02,3000,10,500,174,38,38,38,33,0.0537217598097502,0.3736062296474551,0.12375533428165,2.200568990042674,2.2930298719772404,False,False,False,False,False,False,True,False,True,False,,False,7,0,0
Mono,overall,50,0.5,0.02,3000,10,1000,174,37,37,37,33,0.0536979785969084,0.3926564045759093,0.1306306306306306,2.298798798798799,2.309309309309309,False,False,False,False,False,False,False,False,True,False,,False,6,0,0
Mono,overall,50,0.5,0.02,3000,25,100,200,78,78,65,74,0.0664197530864197,0.1360042735042734,0.0333000333000333,1.137362637362637,3.116883116883117,False,True,False,True,True,False,False,False,True,False,,False,12,0,0
Mono,overall,50,0.5,0.02,3000,25,250,500,84,84,80,83,0.0606130268199233,0.263299747762495,0.0717154331612163,3.3397877223178427,2.571428571428572,False,True,False,True,True,False,False,False,True,False,,False,12,2,2
Mono,overall,50,0.5,0.02,3000,25,500,857,84,84,84,82,0.0420522154852639,0.4291312340714409,0.1229202524383247,5.565261044176707,2.22346528973035,False,True,False,True,True,False,True,False,True,False,,False,13,5,4
Mono,overall,50,0.5,0.02,3000,25,1000,879,84,84,84,82,0.0365707976092689,0.425526297760199,0.1260757314974182,5.794463568559954,2.2010900745840507,False,True,False,True,True,False,True,False,True,False,,False,13,5,3
Mono,overall,50,0.5,0.02,3000,50,100,200,109,109,80,96,0.0564169307378904,0.0552153249400955,0.0169894665307509,0.3849813115868162,1.7882262996941896,False,True,False,True,True,True,False,False,True,False,,False,16,0,0
Mono,overall,50,0.5,0.02,3000,50,250,500,126,126,102,125,0.0519962698597725,0.1789648346941722,0.0317460317460317,1.992888888888889,2.6575238095238096,False,True,False,True,True,True,True,True,True,False,,False,18,2,2
Mono,overall,50,0.5,0.02,3000,50,500,1000,130,130,119,127,0.029028810337887,0.2626311581856236,0.0596302921884317,4.011627906976744,2.301669648181276,False,True,False,True,True,True,True,True,True,False,,False,18,4,3
Mono,overall,50,0.5,0.02,3000,50,1000,1577,131,131,129,129,0.0052663212388926,0.376587197111817,0.092601291837933,6.52125660598943,2.25302407516148,False,True,False,True,True,True,True,True,True,False,,False,19,6,3
Mono,overall,50,0.5,0.02,3000,75,100,200,115,115,86,100,0.0244595971027614,0.0508375682288725,0.015255530129672,0.2981693363844394,1.3180015255530129,False,True,True,True,True,True,False,False,True,False,,False,16,0,0
Mono,overall,50,0.5,0.02,3000,75,250,500,140,140,113,135,0.0300024691358024,0.1334776218440871,0.0256937307297019,1.67672147995889,2.731449126413155,False,True,True,True,True,True,True,True,True,False,,False,21,2,2
Mono,overall,50,0.5,0.02,3000,75,500,1000,148,148,133,145,0.0452851034611903,0.2386208675816409,0.0459643316786173,3.4239290310718884,2.4834528405956977,False,True,True,True,True,True,True,True,True,False,,False,22,6,5
Mono,overall,50,0.5,0.02,3000,75,1000,1691,147,147,145,144,0.0166163456987453,0.3417582727375576,0.0787904202777001,5.973953965147703,2.3965147702916783,False,True,True,True,True,True,True,True,True,False,,False,21,7,5
Mono,overall,50,0.5,0.02,3000,100,100,199,113,113,83,96,0.098503282028067,0.0269758265333486,0.0157237673830594,0.5324747155499368,2.3164506953223767,False,True,False,True,True,True,False,False,True,False,,False,16,0,0
Mono,overall,50,0.5,0.02,3000,100,250,500,139,139,112,135,0.0623384759965541,0.1319112852219472,0.026066103638828,1.7216661453445938,2.763319778959441,False,True,True,True,True,True,True,True,True,False,,False,21,2,2
Mono,overall,50,0.5,0.02,3000,100,500,1000,148,148,133,145,0.06532317967604,0.2336491589381405,0.0459643316786173,3.4134491634491635,2.492186063614635,False,True,True,True,True,True,True,True,True,False,,False,22,6,5
Mono,overall,50,0.5,0.02,3000,100,1000,1728,152,152,150,149,0.0188308585183666,0.3248531519013587,0.0752875566399442,5.864369118159638,2.4290257929592194,False,True,True,True,True,True,True,True,True,False,,False,22,8,7
Mono,overall,50,0.5,0.02,4000,10,100,167,36,36,36,35,0.0195268794288454,0.3321535261550742,0.1325396825396825,2.679365079365079,2.509523809523809,False,False,False,False,False,False,False,False,True,False,,False,5,0,0
Mono,overall,50,0.5,0.02,4000,10,250,166,36,36,36,35,0.0214100346020761,0.3355485878834693,0.1317460317460317,2.649206349206349,2.5325396825396824,False,False,False,False,False,False,False,False,True,False,,False,5,0,0
Mono,overall,50,0.5,0.02,4000,10,500,165,36,36,36,35,0.0233470507544581,0.3346735370084184,0.1309523809523809,2.6365079365079365,2.538095238095238,False,False,False,False,False,False,False,False,True,False,,False,5,0,0
Mono,overall,50,0.5,0.02,4000,10,1000,202,38,38,37,38,-0.0057728853669905,0.4342884154029665,0.1436699857752489,2.992887624466572,2.488620199146515,False,False,False,False,True,False,False,False,True,False,,False,6,1,0
Mono,overall,50,0.5,0.02,4000,25,100,199,86,86,65,85,0.0763192851104939,0.1127273319475781,0.0272229822161422,0.7705882352941177,2.713953488372093,False,True,False,True,True,False,True,False,True,False,,True,13,0,0
Mono,overall,50,0.5,0.02,4000,25,250,500,94,94,80,94,0.0640903926271935,0.2148435900410837,0.0571951498512926,2.8732555479295354,2.345916266300618,False,True,False,True,True,False,True,True,True,False,,True,14,3,3
Mono,overall,50,0.5,0.02,4000,25,500,1000,94,94,93,94,0.0478907098995996,0.3882210677591768,0.1143902997025852,6.15843056508808,2.3009608785175018,False,True,False,True,True,False,True,True,True,False,,True,14,6,5
Mono,overall,50,0.5,0.02,4000,25,1000,1135,93,93,93,93,0.0355473826524626,0.4345063758863659,0.1326554464703132,7.002805049088359,2.224287050023376,False,True,False,True,True,False,True,True,True,False,,True,14,6,5
Mono,overall,50,0.5,0.02,4000,50,100,198,112,112,81,97,0.0477511851081049,0.0699037569573283,0.0159266409266409,0.384572072072072,2.0018500643500645,False,True,False,True,True,False,True,True,True,False,,True,16,0,0
Mono,overall,50,0.5,0.02,4000,50,250,500,144,144,116,143,0.0365152040698346,0.0888440976262071,0.0242812742812742,1.7277583527583529,2.835275835275836,False,True,False,True,True,False,True,True,True,False,,True,19,1,1
Mono,overall,50,0.5,0.02,4000,50,500,1000,147,147,135,147,0.0409987203895009,0.2040429314053511,0.0465939800577765,3.7706178361755662,2.640900195694716,False,True,False,True,True,False,True,True,True,False,,True,19,4,4
Mono,overall,50,0.5,0.02,4000,50,1000,2000,149,149,146,149,0.0022178833679717,0.3485432243450217,0.0906947215672047,7.662524941048431,2.271539996372211,False,True,False,True,True,True,True,True,True,False,,True,20,8,6
Mono,overall,50,0.5,0.02,4000,75,100,200,120,120,87,104,0.0503448893666576,0.0387586487586487,0.0140056022408963,0.3770308123249299,2.012114845938376,False,True,False,True,True,True,True,True,True,False,,True,18,0,0
Mono,overall,50,0.5,0.02,4000,75,250,500,158,158,121,154,0.055250317955833,0.0726895609503282,0.0201564137708618,1.466983794243328,2.706079174393292,False,True,True,True,True,True,True,True,True,False,,True,21,0,0
Mono,overall,50,0.5,0.02,4000,75,500,1000,165,165,144,162,0.0415342223036101,0.1717706469153393,0.0369549150036954,3.1703252032520326,2.5851071692535106,False,True,True,True,True,True,True,True,True,False,,True,23,5,5
Mono,overall,50,0.5,0.02,4000,75,1000,2000,172,172,165,171,0.0168131398427889,0.2972886301660287,0.0679994560043519,6.275227798177615,2.368183054535564,False,True,True,True,True,True,True,True,True,False,,True,23,8,7
Mono,overall,50,0.5,0.02,4000,100,100,200,119,119,86,105,0.1111619801512287,0.0389976503421881,0.0142429853297251,0.4196695627403504,2.5246403646204243,False,True,False,True,True,True,True,True,True,False,,True,18,0,0
Mono,overall,50,0.5,0.02,4000,100,250,500,158,158,124,154,0.1035430750244063,0.0682143776633724,0.0201564137708618,1.4904861727001533,2.895549463839393,False,True,True,True,True,True,True,True,True,False,,True,22,1,1
Mono,overall,50,0.5,0.02,4000,100,500,1000,170,170,148,169,0.095647582498998,0.1605656004852754,0.0348068221371388,2.947337278106509,2.592586146884789,False,True,True,True,True,True,True,True,True,False,,True,23,6,5
Mono,overall,50,0.5,0.02,4000,100,1000,2000,172,172,165,172,0.0295390459493023,0.2940325635029259,0.0679994560043519,6.255337957296342,2.394430844553244,False,True,True,True,True,True,True,True,True,False,,True,23,10,8
Mono,overall,50,0.5,0.03,2000,10,100,128,31,31,31,28,0.0131499999999999,0.4109496238528495,0.1376344086021505,2.2440860215053764,2.239784946236559,False,True,False,False,True,False,False,False,True,False,,False,7,0,0
Mono,overall,50,0.5,0.03,2000,10,250,126,30,30,30,27,0.0043873074176104,0.4253929403929405,0.1448275862068965,2.2724137931034485,2.198850574712644,False,True,False,False,True,False,False,False,True,False,,False,6,0,0
Mono,overall,50,0.5,0.03,2000,10,500,126,31,31,31,28,0.0157636975818794,0.4060636496120366,0.1354838709677419,2.2193548387096773,2.243010752688172,False,True,False,False,True,False,False,False,True,False,,False,7,0,0
Mono,overall,50,0.5,0.03,2000,10,1000,127,30,30,30,28,0.0029999999999999,0.4606676656676657,0.1459770114942528,2.306896551724138,2.291954022988506,False,True,False,False,True,False,False,False,True,False,,False,6,0,0
Mono,overall,50,0.5,0.03,2000,25,100,200,73,73,59,70,0.041137101135749,0.174044752811876,0.0380517503805175,1.2667427701674276,2.829718417047184,False,True,False,True,True,False,False,False,True,False,,False,15,1,1
Mono,overall,50,0.5,0.03,2000,25,250,490,75,75,70,72,0.0204666963689017,0.3735570476125236,0.0882882882882882,3.2526126126126127,2.2061261261261262,False,True,False,True,True,False,False,False,True,False,,False,15,2,2
Mono,overall,50,0.5,0.03,2000,25,500,559,75,75,75,72,0.007148746204428,0.4359688440349926,0.1007207207207207,3.7926126126126127,2.42990990990991,False,True,False,True,True,False,False,False,True,False,,False,15,2,2
Mono,overall,50,0.5,0.03,2000,25,1000,562,75,75,75,72,0.0086271324936224,0.4339308057091283,0.1012612612612612,3.818918918918919,2.424864864864865,False,True,False,True,True,False,False,False,True,False,,False,15,2,2
Mono,overall,50,0.5,0.03,2000,50,100,199,88,88,67,84,0.0365168539325842,0.0982483425665243,0.025992685475444,0.9548066875653084,3.019984326018809,False,True,False,True,True,True,False,False,True,False,,False,15,0,0
Mono,overall,50,0.5,0.03,2000,50,250,497,97,97,89,93,0.0606449826989619,0.2613830651207371,0.0533719931271477,2.485180412371134,2.4231099656357387,False,True,False,True,True,True,False,False,True,False,,False,16,2,2
Mono,overall,50,0.5,0.03,2000,50,500,786,100,100,100,94,0.0189624023437499,0.3852204601209136,0.0793939393939393,3.8393939393939394,2.421818181818182,False,True,False,True,True,True,False,False,True,False,,False,16,2,2
Mono,overall,50,0.5,0.03,2000,50,1000,782,100,100,100,94,0.0179571893441073,0.3852002335363522,0.0789898989898989,3.810202020202021,2.4272727272727272,False,True,False,True,True,True,False,False,True,False,,False,16,2,2
Mono,overall,50,0.5,0.03,2000,75,100,196,89,89,70,82,0.0929533228641117,0.092677609531542,0.0250255362614913,0.9204545454545454,2.7958375893769154,False,True,True,True,True,True,False,False,True,False,,False,16,0,0
Mono,overall,50,0.5,0.03,2000,75,250,498,108,108,97,102,0.0729283682354453,0.2327723988242825,0.0430944963655244,2.0744202146071307,2.587833160263066,False,True,True,True,True,True,False,False,True,False,,False,19,3,3
Mono,overall,50,0.5,0.03,2000,75,500,819,111,111,111,104,0.0275462984091054,0.3538948418014329,0.067076167076167,3.429402129402129,2.635872235872236,False,True,True,True,True,True,False,False,True,False,,False,19,4,4
Mono,overall,50,0.5,0.03,2000,75,1000,821,111,111,111,104,0.0266860470422869,0.3527223181765936,0.0672399672399672,3.4448812448812447,2.638984438984439,False,True,True,True,True,True,False,False,True,False,,False,19,4,4
Mono,overall,50,0.5,0.03,2000,100,100,196,90,90,67,84,0.1215224913494809,0.0688015071348404,0.0244694132334581,0.9209737827715356,2.9086142322097377,False,True,True,True,True,True,False,False,True,False,,False,16,0,0
Mono,overall,50,0.5,0.03,2000,100,250,498,108,108,98,103,0.0881342353067292,0.2349534792926493,0.0430944963655244,2.1681377639321564,2.7866043613707165,False,True,True,True,True,True,False,False,True,False,,False,19,3,3
Mono,overall,50,0.5,0.03,2000,100,500,818,111,111,111,104,0.0333448117539026,0.3550772274628306,0.066994266994267,3.4294840294840294,2.6366912366912367,False,True,True,True,True,True,False,False,True,False,,False,19,4,4
Mono,overall,50,0.5,0.03,2000,100,1000,822,111,111,111,104,0.033579467146156,0.3541001529644498,0.0673218673218673,3.447829647829648,2.6345618345618345,False,True,True,True,True,True,False,False,True,False,,False,19,4,4
Mono,overall,50,0.5,0.03,3000,10,100,146,32,32,31,29,0.0613265620190827,0.4471038255045608,0.1471774193548387,2.427419354838709,2.1159274193548385,False,False,False,False,False,False,False,False,True,False,,False,6,0,0
Mono,overall,50,0.5,0.03,3000,10,250,137,31,31,30,28,0.062014149707398,0.4298849053118502,0.1473118279569892,2.3634408602150536,2.1247311827956987,False,False,False,False,False,False,False,False,True,False,,False,6,0,0
Mono,overall,50,0.5,0.03,3000,10,500,143,30,30,30,29,0.02797866900431,0.4852897578284576,0.164367816091954,2.674712643678161,2.325287356321839,False,False,False,False,False,False,False,False,False,False,,False,5,0,0
Mono,overall,50,0.5,0.03,3000,10,1000,129,29,29,28,27,0.0414,0.4663875396634017,0.1588669950738916,2.444581280788177,2.0911330049261085,False,False,False,False,False,False,False,False,True,False,,False,5,0,0
Mono,overall,50,0.5,0.03,3000,25,100,200,80,80,63,77,0.053767660910518,0.1301105144855144,0.0316455696202531,1.1318037974683544,3.1207278481012657,False,True,False,True,True,False,False,False,True,False,,True,13,0,0
Mono,overall,50,0.5,0.03,3000,25,250,500,83,83,74,81,0.0517779063786008,0.2975524932639126,0.0734645900675874,3.209521010872759,2.2195121951219514,False,True,False,True,True,False,False,False,True,False,,True,13,3,3
Mono,overall,50,0.5,0.03,3000,25,500,856,83,83,81,82,0.0242865527185048,0.452407669048589,0.1257713781957096,5.611666176902733,2.1817513958272112,False,True,False,True,True,False,True,False,True,False,,True,14,5,2
Mono,overall,50,0.5,0.03,3000,25,1000,869,84,84,83,83,0.0163315810996061,0.4492175335847764,0.1246414228341939,5.560527825588067,2.235943775100401,False,True,False,True,True,False,False,False,True,False,,True,13,5,4
Mono,overall,50,0.5,0.03,3000,50,100,197,99,99,74,90,0.0591715976331361,0.0900323582141763,0.0203050917336631,0.6870748299319728,2.7601525458668315,False,True,False,True,True,True,False,False,True,False,,True,15,0,0
Mono,overall,50,0.5,0.03,3000,50,250,500,118,118,102,115,0.06221943343535,0.1869566336407516,0.0362161379110531,2.123497030276692,2.727147616978125,False,True,False,True,True,True,False,True,True,False,,True,18,0,0
Mono,overall,50,0.5,0.03,3000,50,500,1000,120,120,115,117,0.033038154541651,0.3263567812832091,0.0700280112044818,4.332492997198879,2.392086834733893,False,True,False,True,True,True,False,True,True,False,,True,18,3,2
Mono,overall,50,0.5,0.03,3000,50,1000,1420,122,122,121,120,0.0088582843388851,0.4097367417047938,0.0961929277875626,6.077225308223818,2.303414171521474,False,True,False,True,True,True,False,True,True,False,,True,18,5,4
Mono,overall,50,0.5,0.03,3000,75,100,194,102,102,79,91,0.0786359045575053,0.1066279036867271,0.0188312948941953,0.5183459522422831,2.196078431372549,False,True,True,True,True,True,False,False,True,False,,True,17,0,0
Mono,overall,50,0.5,0.03,3000,75,250,500,128,128,107,124,0.0803467311282274,0.15854146393089,0.030757874015748,1.8949311023622049,2.835814468503937,False,True,True,True,True,True,False,True,True,False,,True,21,2,2
Mono,overall,50,0.5,0.03,3000,75,500,1000,138,138,130,132,0.0500058410897571,0.2841069847671143,0.0528932613984978,3.593621072675341,2.4977255897598645,False,True,True,True,True,True,False,True,True,False,,True,21,6,5
Mono,overall,50,0.5,0.03,3000,75,1000,1538,141,141,140,136,0.0188347190728143,0.3650331480502619,0.0779128672745694,5.340628166160081,2.4220871327254305,False,True,True,True,True,True,True,True,True,False,,True,22,7,6
Mono,overall,50,0.5,0.03,3000,100,100,194,102,102,80,91,0.1407177124100492,0.0983660130718954,0.0188312948941953,0.5067947971267714,2.2500485342651912,False,True,True,True,True,True,False,False,True,False,,True,17,0,0
Mono,overall,50,0.5,0.03,3000,100,250,500,130,130,108,126,0.095809286331919,0.1654225900952346,0.0298151460942158,1.8774001192605845,2.7132975551580203,False,True,True,True,True,True,True,True,True,False,,True,22,2,2
Mono,overall,50,0.5,0.03,3000,100,500,1000,140,140,132,133,0.0698226544236572,0.2752846469959299,0.0513874614594039,3.5139260020554985,2.5053956834532376,False,True,True,True,True,True,True,True,True,False,,True,22,5,4
Mono,overall,50,0.5,0.03,3000,100,1000,1540,140,140,139,136,0.0240955288907269,0.3677556265670354,0.079136690647482,5.441572456320658,2.4092497430626927,False,True,True,True,True,True,True,True,True,False,,True,22,7,4
Mono,overall,50,0.5,0.03,4000,10,100,177,33,33,33,31,0.014506050386828,0.4689524126830628,0.1676136363636363,3.1202651515151514,2.0928030303030303,False,False,False,False,True,False,False,False,True,False,,False,6,1,0
Mono,overall,50,0.5,0.03,4000,10,250,166,32,32,32,30,0.0072314049586776,0.4856123067786186,0.1673387096774193,2.9889112903225805,2.0806451612903225,False,False,False,False,True,False,False,False,True,False,,False,5,1,0
Mono,overall,50,0.5,0.03,4000,10,500,166,32,32,32,30,0.0072314049586776,0.4856123067786186,0.1673387096774193,2.9889112903225805,2.0806451612903225,False,False,False,False,True,False,False,False,True,False,,False,5,1,0
Mono,overall,50,0.5,0.03,4000,10,1000,170,33,33,33,32,0.0354732510288065,0.437169541532052,0.1609848484848484,2.984848484848485,2.2140151515151514,False,False,False,False,True,False,False,False,True,False,,False,5,1,0
Mono,overall,50,0.5,0.03,4000,25,100,200,85,85,61,81,0.0690397733842062,0.0826743844390903,0.0280112044817927,0.8728291316526611,2.384453781512605,False,True,False,True,True,False,True,False,True,False,,True,13,0,0
Mono,overall,50,0.5,0.03,4000,25,250,500,91,91,77,91,0.0629005343870928,0.2417662113116813,0.061050061050061,2.9206349206349205,2.3495726495726497,False,True,False,True,True,False,True,False,True,False,,True,13,3,3
Mono,overall,50,0.5,0.03,4000,25,500,1000,92,92,91,92,0.0391667008659252,0.394839109900154,0.1194457716196846,6.22336359292881,2.288700430004778,False,True,False,True,True,False,True,False,True,False,,True,13,4,3
Mono,overall,50,0.5,0.03,4000,25,1000,1234,92,92,92,92,0.0318965084622429,0.4674883667292565,0.1473960821786908,7.677257525083612,2.168179646440516,False,True,False,True,True,False,True,False,True,False,,True,13,5,4
Mono,overall,50,0.5,0.03,4000,50,100,199,106,106,81,93,0.0520173155273879,0.0869756030133388,0.0178796046720575,0.5797843665768194,2.595417789757412,False,True,False,True,True,False,True,False,True,False,,True,16,0,0
Mono,overall,50,0.5,0.03,4000,50,250,500,137,137,116,133,0.0540321504166587,0.1094193879170735,0.0268355517389437,1.8527801631601544,2.9939888364104768,False,True,False,True,True,False,True,True,True,False,,True,19,2,1
Mono,overall,50,0.5,0.03,4000,50,500,1000,142,142,127,142,0.0425488213946778,0.2119662263167165,0.0499450604335231,3.767705523923684,2.502946758565578,False,True,False,True,True,True,True,True,True,False,,True,20,4,3
Mono,overall,50,0.5,0.03,4000,50,1000,1924,145,145,142,144,0.0078920710059171,0.3597328168767787,0.0921455938697318,7.276149425287357,2.2727969348659003,False,True,False,True,True,True,True,True,True,False,,True,20,6,4
Mono,overall,50,0.5,0.03,4000,75,100,197,115,115,88,96,0.0895853024574668,0.0814593618941445,0.0150266971777269,0.4644546147978642,2.3773455377574373,False,True,False,True,True,True,True,False,True,False,,True,16,0,0
Mono,overall,50,0.5,0.03,4000,75,250,500,152,152,126,143,0.0646502835538752,0.1038835783295838,0.021784593935169,1.4800888811432555,2.9405280585569886,False,True,True,True,True,True,True,True,True,False,,True,22,1,0
Mono,overall,50,0.5,0.03,4000,75,500,1000,162,162,144,160,0.0573958365843763,0.1770066640934252,0.0383406180507629,3.162065792500575,2.624223602484472,False,True,True,True,True,True,True,True,True,False,,True,22,3,2
Mono,overall,50,0.5,0.03,4000,75,1000,2000,166,166,163,164,0.0263784686871851,0.330969443630364,0.0730193501277838,6.241986126323476,2.3906900328587075,False,True,True,True,True,True,True,True,True,False,,True,23,8,6
Mono,overall,50,0.5,0.03,4000,100,100,198,116,116,88,98,0.1469100474043242,0.0813939413077344,0.0148425787106446,0.2776611694152923,1.0973013493253374,False,True,False,True,True,True,True,False,True,False,,True,18,2,2
Mono,overall,50,0.5,0.03,4000,100,250,500,155,155,130,145,0.1055288506587208,0.104332166884349,0.0209467951403435,1.4458315877670715,2.844993715961458,False,True,True,True,True,True,True,True,True,False,,True,23,3,2
Mono,overall,50,0.5,0.03,4000,100,500,1000,164,164,145,161,0.080085515433351,0.1864063630989673,0.0374083495436181,3.111589106688613,2.643909920694299,False,True,True,True,True,True,True,True,True,False,,True,23,6,5
Mono,overall,50,0.5,0.03,4000,100,1000,2000,165,165,162,164,0.0295322010326256,0.3347608006494366,0.0739098300073909,6.323688100517368,2.402993348115299,False,True,True,True,True,True,True,True,True,False,,True,23,8,6
Mono,overall,50,0.75,0.005,2000,10,100,175,42,42,42,38,-0.0284403306831217,0.3465197881385408,0.1016260162601626,2.21602787456446,2.591753774680604,False,True,False,False,True,False,True,True,True,False,,True,11,1,0
Mono,overall,50,0.75,0.005,2000,10,250,173,42,42,42,38,-0.0277901740435717,0.3353469777065531,0.1004645760743321,2.191637630662021,2.617305458768873,False,True,False,False,True,False,True,True,True,False,,True,11,1,0
Mono,overall,50,0.75,0.005,2000,10,500,160,41,41,41,36,-0.016218787158145,0.3628035950055129,0.0975609756097561,2.029268292682927,2.555487804878049,False,True,False,False,True,False,True,True,True,False,,True,11,1,0
Mono,overall,50,0.75,0.005,2000,10,1000,173,42,42,42,38,-0.0238346383220414,0.3594338479676825,0.1004645760743321,2.152729384436701,2.6219512195121952,False,True,False,False,True,False,True,True,True,False,,True,11,1,0
Mono,overall,50,0.75,0.005,2000,25,100,200,82,82,65,75,0.0186398399166689,0.1026490130809394,0.0301114122252333,1.1026799156880458,2.379102679915688,False,True,True,True,True,False,True,True,True,False,,True,20,2,1
Mono,overall,50,0.75,0.005,2000,25,250,500,88,88,83,83,0.0086868205182287,0.2420549439149092,0.0653082549634273,2.924373040752351,2.4926854754440964,False,True,True,True,True,False,True,True,True,False,,True,20,5,4
Mono,overall,50,0.75,0.005,2000,25,500,742,88,88,88,83,0.0027507671123426,0.3208753959732754,0.0969174503657262,4.588819226750261,2.368730407523511,False,True,True,True,True,False,True,True,True,False,,True,20,8,7
Mono,overall,50,0.75,0.005,2000,25,1000,744,88,88,88,83,0.0025731814494321,0.3202359781618894,0.0971786833855799,4.606452455590387,2.3662486938349008,False,True,True,True,True,False,True,True,True,False,,True,20,8,7
Mono,overall,50,0.75,0.005,2000,50,100,199,116,116,80,96,0.0102038132807363,0.0604359242290276,0.0149175412293853,0.4807346326836582,1.7800599700149926,False,True,True,True,True,True,True,True,True,False,,True,20,1,1
Mono,overall,50,0.75,0.005,2000,50,250,500,134,134,111,130,0.0409042003694987,0.1721916058856077,0.0280552126585119,1.7289305352934574,2.973010885422512,False,True,True,True,True,True,True,True,True,False,,True,22,2,1
Mono,overall,50,0.75,0.005,2000,50,500,1000,138,138,132,134,0.0040356384236748,0.2330585862703804,0.0528932613984978,3.644821749709087,2.740452766317571,False,True,True,True,True,True,True,True,True,False,,True,22,6,5
Mono,overall,50,0.75,0.005,2000,50,1000,1314,144,144,144,136,-0.0051050961729129,0.2595342535730704,0.0638111888111888,4.670211732711732,2.574980574980575,False,True,True,True,True,True,True,True,True,False,,True,22,8,7
Mono,overall,50,0.75,0.005,2000,75,100,199,116,116,81,100,0.0226236182328841,0.0442908145494352,0.0149175412293853,0.437856071964018,2.120914542728636,False,True,True,True,True,True,True,True,True,False,,True,20,1,1
Mono,overall,50,0.75,0.005,2000,75,250,500,146,146,115,138,0.0331597406738229,0.127269696348828,0.0236183278223901,1.485309400094473,2.771421823334908,False,True,True,True,True,True,True,True,True,False,,True,23,2,1
Mono,overall,50,0.75,0.005,2000,75,500,1000,152,152,139,145,-0.0064772153060423,0.2101070639056058,0.043569187870338,3.1465667479958173,2.6178982223771348,False,True,True,True,True,True,True,True,True,False,,True,23,7,6
Mono,overall,50,0.75,0.005,2000,75,1000,1391,155,155,155,147,-0.0235800604583861,0.2552856816599022,0.0582739840804356,4.494302471721826,2.6565982404692083,False,True,True,True,True,True,True,True,True,False,,True,23,8,7
Mono,overall,50,0.75,0.005,2000,100,100,199,117,117,81,97,-2.629848783695151e-05,0.0644598516393388,0.0146625405246094,0.4635278514588859,1.7253905098732685,False,True,True,True,True,True,True,True,True,False,,True,21,1,1
Mono,overall,50,0.75,0.005,2000,100,250,500,147,147,119,138,0.0282367945584015,0.1341722210626792,0.0232969900288882,1.4958997297549157,2.857888360823781,False,True,True,True,True,True,True,True,True,False,,True,23,2,1
Mono,overall,50,0.75,0.005,2000,100,500,1000,153,153,140,146,-0.0071596633803426,0.2089192908333804,0.0429996560027519,3.1277519779841763,2.628955968352253,False,True,True,True,True,True,True,True,True,False,,True,23,6,5
Mono,overall,50,0.75,0.005,2000,100,1000,1401,156,156,156,148,-0.0124274189078075,0.2547652464672078,0.057940446650124,4.500082712985939,2.6536393713813067,False,True,True,True,True,True,True,True,True,False,,True,23,8,7
Mono,overall,50,0.75,0.005,3000,10,100,200,44,44,42,41,0.0223704866562009,0.3609267483774943,0.1057082452431289,2.721458773784355,2.306025369978858,False,True,False,False,True,False,True,True,True,False,,False,11,1,0
Mono,overall,50,0.75,0.005,3000,10,250,240,44,44,44,38,0.0084090909090909,0.3606752531094637,0.1268498942917547,3.01215644820296,2.1569767441860463,False,False,False,False,True,False,True,True,True,False,,False,9,0,0
Mono,overall,50,0.75,0.005,3000,10,500,241,44,44,44,38,0.0074937040601134,0.3831234189786821,0.1273784355179704,3.031183932346723,2.156448202959831,False,False,False,False,True,False,True,True,True,False,,False,9,0,0
Mono,overall,50,0.75,0.005,3000,10,1000,241,44,44,44,38,0.0074937040601134,0.3831234189786821,0.1273784355179704,3.031183932346723,2.156448202959831,False,False,False,False,True,False,True,True,True,False,,False,9,0,0
Mono,overall,50,0.75,0.005,3000,25,100,200,84,84,65,75,0.0330478670568337,0.1474497481076428,0.0286861732644865,0.9572576018359152,2.382530120481928,False,True,False,True,True,False,True,True,True,False,,False,16,0,0
Mono,overall,50,0.75,0.005,3000,25,250,500,92,92,81,89,0.0194897583139353,0.2261668172262099,0.0597228858098423,2.856426182513139,2.446607740086001,False,True,True,True,True,False,True,True,True,False,,True,19,2,1
Mono,overall,50,0.75,0.005,3000,25,500,987,94,94,93,90,0.0037096529814572,0.3675229727141363,0.1129032258064516,6.009151223976207,2.2213452299245025,False,True,True,True,True,False,True,True,True,False,,True,19,9,5
Mono,overall,50,0.75,0.005,3000,25,1000,1045,94,94,94,90,0.0032498026335347,0.3911610519677642,0.1195378631892015,6.354037977579501,2.217227179135209,False,True,True,True,True,False,True,True,True,False,,True,19,9,5
Mono,overall,50,0.75,0.005,3000,50,100,195,119,119,83,96,0.0020083102493074,0.07590884838784,0.0138869106964819,0.306580259222333,1.2644210226463466,False,True,True,True,True,True,True,True,True,False,,False,19,1,1
Mono,overall,50,0.75,0.005,3000,50,250,500,149,149,122,137,0.01405887979594,0.1106627430926544,0.0226736803918011,1.3703065481588972,2.429076727734446,False,True,True,True,True,True,True,True,True,False,,True,24,1,1
Mono,overall,50,0.75,0.005,3000,50,500,1000,153,153,140,149,0.0135379501385041,0.1703254160139657,0.0429996560027519,3.308393532851737,2.600533195734434,False,True,True,True,True,True,True,True,True,False,,True,24,3,2
Mono,overall,50,0.75,0.005,3000,50,1000,1888,153,153,153,149,-0.0065833873231832,0.302847348847754,0.0811833505331957,6.718266253869969,2.431501547987616,False,True,True,True,True,True,True,True,True,False,,True,24,10,5
Mono,overall,50,0.75,0.005,3000,75,100,196,121,121,89,97,0.0308242646857267,0.0811396133710183,0.0134986225895316,0.2798209366391184,1.1511019283746555,False,True,True,True,True,True,True,True,True,False,,False,20,1,1
Mono,overall,50,0.75,0.005,3000,75,250,500,157,157,126,143,0.0256757100035563,0.1012734098526092,0.0204148293320267,1.2589008655887637,2.4727257880124123,False,True,True,True,True,True,True,True,True,False,,True,24,1,1
Mono,overall,50,0.75,0.005,3000,75,500,1000,165,165,151,161,0.0372039694564488,0.1620990924937735,0.0369549150036954,2.989430894308943,2.7125277161862527,False,True,True,True,True,True,True,True,True,False,,True,24,3,2
Mono,overall,50,0.75,0.005,3000,75,1000,1988,165,165,164,162,0.0030387105676955,0.2799547236892458,0.0734663710273466,6.559423503325943,2.48470066518847,False,True,True,True,True,True,True,True,True,False,,True,24,7,5
Mono,overall,50,0.75,0.005,3000,100,100,193,117,117,80,102,0.0239078768673607,0.0596335763002429,0.0142204538756262,0.4433392278219864,2.54000884173298,False,True,True,True,True,True,True,True,True,False,,False,18,1,1
Mono,overall,50,0.75,0.005,3000,100,250,500,159,159,127,145,0.0414380429812529,0.1103558513715547,0.0199028739750019,1.2452034073720246,2.477111694928748,False,True,True,True,True,True,True,True,True,False,,True,24,1,1
Mono,overall,50,0.75,0.005,3000,100,500,1000,167,167,151,163,0.0323737951062778,0.1737510117664535,0.0360724334463602,2.9036505302647715,2.7376451915446216,False,True,True,True,True,True,True,True,True,False,,True,24,3,2
Mono,overall,50,0.75,0.005,3000,100,1000,1985,168,168,167,165,0.0298211955755793,0.2679851971530653,0.0707513544339891,6.429640718562874,2.519282862845737,False,True,True,True,True,True,True,True,True,False,,True,24,9,6
Mono,overall,50,0.75,0.005,4000,10,100,200,43,43,42,38,-0.0004528853177501,0.3220107909466395,0.1107419712070874,2.663344407530454,2.18936877076412,False,True,False,False,True,False,True,True,True,False,,False,10,1,0
Mono,overall,50,0.75,0.005,4000,10,250,277,43,43,43,38,-0.0019762539525079,0.4390062147539131,0.1533776301218161,3.697674418604651,1.9983388704318936,False,True,False,False,True,False,True,True,True,False,,True,11,2,0
Mono,overall,50,0.75,0.005,4000,10,500,275,43,43,43,38,-0.0037241748551272,0.4361232318324574,0.1522702104097452,3.6118493909191582,2.0348837209302326,False,True,False,False,True,False,True,True,True,False,,False,10,1,0
Mono,overall,50,0.75,0.005,4000,10,1000,273,44,44,44,39,-0.0018888589070014,0.4469989372892921,0.144291754756871,3.3033826638477803,2.022198731501057,False,True,False,False,True,False,False,True,True,False,,True,10,1,0
Mono,overall,50,0.75,0.005,4000,25,100,199,81,81,61,74,0.0294736842105263,0.1546026675656305,0.0307098765432098,0.8888888888888888,1.9932098765432096,False,True,False,True,True,False,True,True,True,False,,False,15,1,0
Mono,overall,50,0.75,0.005,4000,25,250,500,90,90,83,88,0.0308792634700939,0.1719912242230546,0.062421972534332,2.9792759051186017,2.507865168539326,False,True,True,True,True,False,False,True,True,False,,True,18,0,0
Mono,overall,50,0.75,0.005,4000,25,500,1000,97,97,95,92,0.0075117512633769,0.3359017911482199,0.1073883161512027,5.901417525773196,2.1887886597938144,False,True,True,True,True,False,True,True,True,False,,True,19,6,3
Mono,overall,50,0.75,0.005,4000,25,1000,1287,96,96,96,91,0.0049601821405872,0.4024620225292792,0.1411184210526316,7.763706140350878,2.079276315789474,False,True,True,True,True,False,True,True,True,False,,True,19,9,5
Mono,overall,50,0.75,0.005,4000,50,100,199,119,119,79,101,0.0259326177064512,0.05723571479874,0.0141717704030764,0.2857142857142857,1.2352941176470589,False,True,True,True,True,True,False,True,True,False,,True,20,1,1
Mono,overall,50,0.75,0.005,4000,50,250,500,151,151,119,139,0.0176176374373719,0.1167221790315554,0.0220750551876379,1.2943046357615895,2.3437527593818985,False,True,True,True,True,True,True,True,True,False,,True,23,2,1
Mono,overall,50,0.75,0.005,4000,50,500,1000,154,154,139,150,0.0282304709141274,0.1787356015064735,0.0424412189118071,3.339190221543163,2.67519735166794,False,True,True,True,True,True,True,True,True,False,,True,23,2,1
Mono,overall,50,0.75,0.005,4000,50,1000,2000,154,154,150,151,0.0044645698555653,0.2898341359452232,0.0848824378236142,7.271369153722095,2.311603429250488,False,True,True,True,True,True,True,True,True,False,,True,23,7,4
Mono,overall,50,0.75,0.005,4000,75,100,198,123,123,81,101,0.0443591242427462,0.0672578099407367,0.0131947221111555,0.2162468345994935,0.8553245368519259,False,True,True,True,True,True,True,True,True,False,,False,20,1,1
Mono,overall,50,0.75,0.005,4000,75,250,500,164,164,124,152,0.0531271701388889,0.1092181920686068,0.018704174771809,1.2215322459973066,2.6011147688164,False,True,True,True,True,True,True,True,True,False,,True,24,2,1
Mono,overall,50,0.75,0.005,4000,75,500,1000,168,168,151,164,0.0215079123305261,0.1575543933888134,0.035642999714856,2.981608212147134,2.7328557171371544,False,True,True,True,True,True,True,True,True,False,,True,24,2,1
Mono,overall,50,0.75,0.005,4000,75,1000,2000,168,168,164,166,0.0122547801703255,0.2677450882698041,0.071285999429712,6.590818363273453,2.4462147134302823,False,True,True,True,True,True,True,True,True,False,,True,24,5,3
Mono,overall,50,0.75,0.005,4000,100,100,198,123,123,82,101,0.0404931448613029,0.0728327228327228,0.0131947221111555,0.3198720511795282,1.914434226309476,False,True,True,True,True,True,True,True,True,False,,False,19,1,1
Mono,overall,50,0.75,0.005,4000,100,250,500,161,161,126,148,0.0391866531223636,0.1041009487584685,0.0194099378881987,1.2068711180124223,2.496389751552795,False,True,True,True,True,True,True,True,True,False,,True,24,2,1
Mono,overall,50,0.75,0.005,4000,100,500,1000,171,171,151,166,0.0453235194884746,0.1539120050385067,0.0343997248022015,2.845029239766082,2.645889232886137,False,True,True,True,True,True,True,True,True,False,,True,24,3,1
Mono,overall,50,0.75,0.005,4000,100,1000,2000,170,170,165,168,0.021970675435559,0.266879126841069,0.0696136442742777,6.459450052210233,2.447406891750783,False,True,True,True,True,True,True,True,True,False,,True,24,5,3
Mono,overall,50,0.75,0.01,2000,10,100,141,33,33,33,30,0.0373949866812376,0.4564358997373351,0.1335227272727272,2.288825757575758,2.268939393939394,False,True,False,False,False,False,False,False,True,False,,False,6,0,0
Mono,overall,50,0.75,0.01,2000,10,250,143,34,34,34,30,0.0363209729658272,0.436677370616999,0.1274509803921568,2.193404634581105,2.2174688057041,False,True,False,False,False,False,False,False,True,False,,False,6,0,0
Mono,overall,50,0.75,0.01,2000,10,500,142,33,33,33,30,0.0362133834990594,0.4539504222518576,0.1344696969696969,2.302083333333333,2.2642045454545454,False,True,False,False,False,False,False,False,True,False,,False,6,0,0
Mono,overall,50,0.75,0.01,2000,10,1000,142,34,34,34,30,0.0375235151840903,0.4390897458234919,0.1265597147950089,2.180926916221034,2.22192513368984,False,True,False,False,False,False,False,False,True,False,,False,6,0,0
Mono,overall,50,0.75,0.01,2000,25,100,200,75,75,55,73,0.0257110648629899,0.1776412336660014,0.036036036036036,1.1569369369369369,2.5985585585585587,False,True,False,True,True,False,False,False,True,False,,False,14,1,1
Mono,overall,50,0.75,0.01,2000,25,250,500,80,80,73,77,0.0080852529643501,0.3441902309856214,0.0791139240506329,3.143354430379747,2.28243670886076,False,True,False,True,True,False,False,False,True,False,,False,15,4,2
Mono,overall,50,0.75,0.01,2000,25,500,661,80,80,78,77,-0.0023186500109577,0.3907439286696915,0.1045886075949367,4.3575949367088604,2.2713607594936707,False,True,False,True,True,False,False,False,True,False,,False,15,5,3
Mono,overall,50,0.75,0.01,2000,25,1000,661,80,80,78,77,-0.0020673533494046,0.3906419588802218,0.1045886075949367,4.3487341772151895,2.27990506329114,False,True,False,True,True,False,False,False,True,False,,False,15,5,3
Mono,overall,50,0.75,0.01,2000,50,100,200,106,106,75,95,0.034405531760029,0.0856425637502219,0.017969451931716,0.5948787061994609,1.8615453728661275,False,True,False,True,True,True,False,True,True,False,,False,17,1,1
Mono,overall,50,0.75,0.01,2000,50,250,500,115,115,99,112,0.0350401307966706,0.1901831833547085,0.03813882532418,2.041342486651411,2.7159420289855074,False,True,False,True,True,True,True,True,True,False,,False,19,2,1
Mono,overall,50,0.75,0.01,2000,50,500,925,117,117,112,115,0.0128110150463408,0.2962418694594715,0.0681550250515767,3.9654435602711455,2.5251252578838788,False,True,True,True,True,True,False,True,True,False,,False,19,5,3
Mono,overall,50,0.75,0.01,2000,50,1000,1029,117,117,116,114,-0.0023078691661712,0.3078835862947295,0.0758178603006189,4.518420277040967,2.5402298850574714,False,True,False,True,True,True,True,True,True,False,,False,19,5,3
Mono,overall,50,0.75,0.01,2000,75,100,195,102,102,72,93,0.1043097151205259,0.0758350309820898,0.0189283634245777,0.6381285187342264,2.3069306930693068,False,True,False,True,True,True,False,True,True,False,,True,16,1,1
Mono,overall,50,0.75,0.01,2000,75,250,500,132,132,111,124,0.0649947503177438,0.1719994580088163,0.0289151052509831,1.6002197547999075,2.680545917187138,False,True,True,True,True,True,True,True,True,False,,True,23,5,4
Mono,overall,50,0.75,0.01,2000,75,500,966,133,133,127,130,0.0253578428306332,0.287451496423229,0.055023923444976,3.557131465026202,2.73319662793347,False,True,True,True,True,True,True,True,True,False,,True,23,7,5
Mono,overall,50,0.75,0.01,2000,75,1000,1137,134,134,134,131,0.0277625784191907,0.2888294751283938,0.0637975535854561,4.223095051060487,2.7847604084838964,False,True,True,True,True,True,True,True,True,False,,True,23,8,6
Mono,overall,50,0.75,0.01,2000,100,100,195,103,103,74,93,0.0698173849525201,0.0740739573263845,0.0185608223872073,0.6260232248239102,2.3106796116504853,False,True,False,True,True,True,False,True,True,False,,True,16,1,1
Mono,overall,50,0.75,0.01,2000,100,250,500,131,131,110,124,0.051602786018552,0.175200213738655,0.0293599530240751,1.6537874339401055,2.7155020551967115,False,True,True,True,True,True,True,True,True,False,,True,23,5,4
Mono,overall,50,0.75,0.01,2000,100,500,968,133,133,127,130,0.0154426606337659,0.2816578224015501,0.0551378446115288,3.5601503759398496,2.743164730006835,False,True,True,True,True,True,True,True,True,False,,True,23,7,5
Mono,overall,50,0.75,0.01,2000,100,1000,1121,133,133,133,130,0.0034314558468334,0.3023424193224813,0.0638528138528138,4.144850763271816,2.773809523809524,False,True,True,True,True,True,True,True,True,False,,True,23,8,6
Mono,overall,50,0.75,0.01,3000,10,100,192,43,43,41,41,-0.0138689393213955,0.356588819825601,0.1063122923588039,2.528239202657807,2.4147286821705425,False,False,False,True,True,False,True,True,True,False,,False,9,1,0
Mono,overall,50,0.75,0.01,3000,10,250,233,43,43,43,41,0.0061543990476404,0.3958204891803423,0.1290143964562569,3.143964562569214,2.378183831672204,False,False,False,True,True,False,False,True,True,False,,False,8,1,0
Mono,overall,50,0.75,0.01,3000,10,500,234,43,43,43,41,0.0048727305090779,0.3786554836432438,0.1295681063122923,3.161683277962348,2.37375415282392,False,False,False,True,True,False,False,True,True,False,,False,8,1,0
Mono,overall,50,0.75,0.01,3000,10,1000,252,46,46,46,43,0.0029368000626517,0.3585488701409417,0.1217391304347826,3.092753623188406,2.351690821256039,False,False,False,True,True,False,False,True,True,False,,False,8,1,1
Mono,overall,50,0.75,0.01,3000,25,100,200,84,84,67,80,0.0717085187984658,0.075665736380022,0.0286861732644865,1.0833333333333333,2.712707974756168,False,True,False,True,True,False,True,True,True,False,,True,14,0,0
Mono,overall,50,0.75,0.01,3000,25,250,500,88,88,85,86,0.0203265639257367,0.2468782155740582,0.0653082549634273,3.174764890282132,2.654519331243469,False,True,True,True,True,False,True,True,True,False,,True,16,3,2
Mono,overall,50,0.75,0.01,3000,25,500,948,91,91,91,87,-0.0080629085150827,0.383520878297131,0.1157509157509157,5.847252747252747,2.2002442002442004,False,True,True,True,True,False,True,True,True,False,,True,15,4,2
Mono,overall,50,0.75,0.01,3000,25,1000,968,89,89,89,85,-0.0015658561269588,0.4001206352687909,0.1235955056179775,6.149131767109295,2.1650919305413687,False,True,True,True,True,False,True,True,True,False,,True,15,4,2
Mono,overall,50,0.75,0.01,3000,50,100,197,115,115,75,103,0.0395005738921082,0.0844745109962501,0.0150266971777269,0.4168573607932875,2.278871090770404,False,True,False,True,True,True,True,True,True,False,,False,17,1,1
Mono,overall,50,0.75,0.01,3000,50,250,500,140,140,114,134,0.0222119852587726,0.139799739545693,0.0256937307297019,1.69311408016444,2.855960945529291,False,True,False,True,True,True,True,True,True,False,,True,20,2,2
Mono,overall,50,0.75,0.01,3000,50,500,1000,141,141,133,138,0.0155036897317736,0.2356825945303856,0.0506585612968591,3.786220871327256,2.6217325227963526,False,True,True,True,True,True,True,True,True,False,,True,21,4,3
Mono,overall,50,0.75,0.01,3000,50,1000,1828,143,143,143,140,-0.0096635741837835,0.3333088704006597,0.0900226534029351,7.02122525361962,2.33674775928297,False,True,True,True,True,True,True,True,True,False,,True,21,7,3
Mono,overall,50,0.75,0.01,3000,75,100,197,126,126,77,113,0.099380375735627,0.0467688836736455,0.0125079365079365,0.3845079365079365,2.501079365079365,False,True,False,True,True,True,True,True,True,False,,False,17,1,1
Mono,overall,50,0.75,0.01,3000,75,250,500,157,157,123,149,0.044521797221453,0.1256298626140775,0.0204148293320267,1.4159725624693775,2.787359137677609,False,True,False,True,True,True,True,True,True,False,,True,21,2,2
Mono,overall,50,0.75,0.01,3000,75,500,1000,163,163,146,160,0.0506743932140757,0.2160176491042366,0.0378701810194652,3.044876164508066,2.6325456335681285,False,True,True,True,True,True,True,True,True,False,,True,22,4,3
Mono,overall,50,0.75,0.01,3000,75,1000,1928,170,170,169,167,-0.0003328722282508,0.2710052785468407,0.0671075530804037,5.996414897319875,2.4943961016359206,False,True,True,True,True,True,True,True,True,False,,True,22,6,3
Mono,overall,50,0.75,0.01,3000,100,100,197,125,125,77,110,0.0829702354006337,0.054085248085248,0.0127096774193548,0.3653548387096774,2.1390967741935483,False,True,False,True,True,True,True,True,True,False,,False,17,1,1
Mono,overall,50,0.75,0.01,3000,100,250,500,161,161,126,154,0.0758892273072882,0.0980861469523766,0.0194099378881987,1.3559782608695652,2.8312888198757764,False,True,False,True,True,True,True,True,True,False,,True,22,3,3
Mono,overall,50,0.75,0.01,3000,100,500,1000,165,165,147,161,0.0665509601264037,0.2083716632179496,0.0369549150036954,2.9892461197339246,2.614412416851441,False,True,True,True,True,True,True,True,True,False,,True,23,6,5
Mono,overall,50,0.75,0.01,3000,100,1000,1935,169,169,169,166,0.0082470647645499,0.2944054644034088,0.0681530008453085,6.007220343758806,2.5282121724429416,False,True,True,True,True,True,True,True,True,False,,True,23,9,5
Mono,overall,50,0.75,0.01,4000,10,100,200,45,45,40,43,-0.0013277982967552,0.3133051063907617,0.101010101010101,2.440909090909091,2.2808080808080806,False,False,False,False,True,False,True,True,True,False,,False,8,0,0
Mono,overall,50,0.75,0.01,4000,10,250,261,45,45,44,43,-0.0097962879130828,0.3908216754188846,0.1318181818181818,3.3924242424242426,2.306060606060606,False,False,False,False,True,False,True,True,True,False,,False,8,0,0
Mono,overall,50,0.75,0.01,4000,10,500,261,45,45,44,43,-0.0097962879130828,0.3908216754188846,0.1318181818181818,3.3924242424242426,2.306060606060606,False,False,False,False,True,False,True,True,True,False,,False,8,0,0
Mono,overall,50,0.75,0.01,4000,10,1000,288,46,46,46,44,-0.001129150390625,0.402549175932875,0.1391304347826087,3.550724637681159,2.2821256038647344,False,False,False,False,True,False,False,True,True,False,,True,9,1,0
Mono,overall,50,0.75,0.01,4000,25,100,199,86,86,68,79,0.0685451135186584,0.0747252101903264,0.0272229822161422,0.9322845417236664,2.564295485636115,False,True,False,True,True,False,True,True,True,False,,False,13,0,0
Mono,overall,50,0.75,0.01,4000,25,250,500,98,98,88,95,0.0333974649162516,0.2219811766088799,0.0525983589312013,2.756785188302125,2.549126867241742,False,True,True,True,True,False,True,True,True,False,,True,17,2,1
Mono,overall,50,0.75,0.01,4000,25,500,1000,99,99,99,97,0.0192433224862608,0.3182048766251757,0.1030715316429602,6.0689548546691405,2.318387961245104,False,True,True,True,True,False,True,True,True,False,,True,17,6,3
Mono,overall,50,0.75,0.01,4000,25,1000,1304,99,99,99,97,0.0056365949858882,0.3762314444454391,0.1344052772624201,7.958049886621315,2.147701504844362,False,True,True,True,True,False,True,True,True,False,,True,17,7,4
Mono,overall,50,0.75,0.01,4000,50,100,198,122,122,81,111,0.0035223815136646,0.027160362406264,0.0134128166915052,0.3648557106083187,2.1560764124102425,False,False,False,True,True,True,True,True,True,False,,False,16,1,1
Mono,overall,50,0.75,0.01,4000,50,250,500,152,152,119,148,0.0120444907405389,0.0862112756561874,0.021784593935169,1.5652666434297664,2.858008016730568,False,True,True,True,True,True,True,True,True,False,,True,21,3,2
Mono,overall,50,0.75,0.01,4000,50,500,1000,159,159,146,159,0.0179916897506925,0.1634493994834272,0.0398057479500039,3.548722235490805,2.8254517952392324,False,True,True,True,True,True,True,True,True,False,,True,23,3,2
Mono,overall,50,0.75,0.01,4000,50,1000,2000,159,159,157,159,0.0029329454500966,0.2520547688096031,0.0796114959000079,7.498566993073799,2.40064485311679,False,True,True,True,True,True,True,True,True,False,,True,23,7,4
Mono,overall,50,0.75,0.01,4000,75,100,195,127,127,83,112,0.0384769367153765,0.0257303064389678,0.0121859767529058,0.2094113235845519,0.9750031246094238,False,False,True,True,True,True,True,True,True,False,,False,16,1,1
Mono,overall,50,0.75,0.01,4000,75,250,499,167,167,126,157,0.050961992962308,0.0790441404188066,0.0180001442897337,1.313758026116442,2.7645552268956064,False,True,True,True,True,True,True,True,True,False,,True,22,3,2
Mono,overall,50,0.75,0.01,4000,75,500,997,175,175,161,174,0.044869050561401,0.1482957533001312,0.0327422003284072,3.099113300492611,2.980952380952381,False,True,True,True,True,True,True,True,True,False,,True,24,3,2
Mono,overall,50,0.75,0.01,4000,75,1000,2000,177,177,174,177,0.0242646752294633,0.2255557676575212,0.064201335387776,6.635785824345146,2.5044619928094503,False,True,True,True,True,True,True,True,True,False,,True,24,8,6
Mono,overall,50,0.75,0.01,4000,100,100,196,126,126,83,112,0.0553276369397917,0.0294226276369133,0.0124444444444444,0.2246984126984127,1.1052698412698412,False,False,True,True,True,True,True,True,True,False,,False,16,1,1
Mono,overall,50,0.75,0.01,4000,100,250,499,166,166,132,159,0.0654119710160408,0.0842463640976713,0.018218327856882,1.3176706827309237,2.7809784592917124,False,True,True,True,True,True,True,True,True,False,,True,22,1,1
Mono,overall,50,0.75,0.01,4000,100,500,997,175,175,161,174,0.0634963988919667,0.1405665754072264,0.0327422003284072,3.108866995073892,2.9968472906403942,False,True,True,True,True,True,True,True,True,False,,True,24,3,2
Mono,overall,50,0.75,0.01,4000,100,1000,2000,177,177,175,177,0.0259721782076463,0.2235731568575681,0.064201335387776,6.667404982023626,2.5279917822290705,False,True,True,True,True,True,True,True,True,False,,True,24,8,6
Mono,overall,50,0.75,0.02,2000,10,100,128,33,33,33,30,0.0201327626866975,0.3186910732365278,0.1212121212121212,1.9526515151515151,2.265151515151515,False,False,False,False,True,False,False,False,False,False,,False,5,0,0
Mono,overall,50,0.75,0.02,2000,10,250,129,33,33,33,30,0.0192901234567901,0.3178030723485269,0.1221590909090909,2.013257575757576,2.472537878787879,False,False,False,False,True,False,False,False,False,False,,False,5,0,0
Mono,overall,50,0.75,0.02,2000,10,500,161,35,35,35,32,0.0123393021120293,0.4386615765187194,0.1352941176470588,2.342857142857143,2.389075630252101,False,False,False,True,True,False,False,False,True,False,,False,8,1,0
Mono,overall,50,0.75,0.02,2000,10,1000,128,33,33,33,30,0.0201327626866975,0.3186910732365278,0.1212121212121212,1.9526515151515151,2.265151515151515,False,False,False,False,True,False,False,False,False,False,,False,5,0,0
Mono,overall,50,0.75,0.02,2000,25,100,200,75,75,61,69,0.0455672011705336,0.1871649831649831,0.036036036036036,1.1727927927927928,2.5645045045045043,False,True,False,True,True,True,False,False,True,False,,False,14,2,1
Mono,overall,50,0.75,0.02,2000,25,250,500,76,76,73,75,0.0151806228373702,0.3706841383303319,0.087719298245614,3.446491228070176,2.27859649122807,False,True,False,True,True,True,False,False,True,False,,False,14,3,2
Mono,overall,50,0.75,0.02,2000,25,500,616,76,76,76,75,0.000688915823328,0.4448975191644004,0.1080701754385965,4.338245614035087,2.292105263157895,False,True,False,True,True,True,False,False,True,False,,False,14,3,2
Mono,overall,50,0.75,0.02,2000,25,1000,606,74,74,74,73,-0.0007561680897066,0.4394172762662314,0.1121806738245094,4.471121806738245,2.3976305072195485,False,True,False,True,True,False,False,False,True,False,,False,13,3,2
Mono,overall,50,0.75,0.02,2000,50,100,200,95,95,77,88,0.0358915139976904,0.0758601048074732,0.0223964165733482,0.6624860022396416,3.022956326987682,False,True,False,True,True,True,False,False,True,False,,False,16,1,0
Mono,overall,50,0.75,0.02,2000,50,250,500,106,106,93,102,0.0475766489253524,0.2669129668657335,0.0449236298292902,2.2309973045822105,2.591015274034142,False,True,False,True,True,True,False,False,True,False,,False,16,2,1
Mono,overall,50,0.75,0.02,2000,50,500,854,108,108,106,104,0.0122079542769376,0.3818389402643006,0.0739010038075458,3.990221529941156,2.4263586015922463,False,True,False,True,True,True,True,False,True,False,,False,17,3,2
Mono,overall,50,0.75,0.02,2000,50,1000,920,114,114,113,109,0.0155067443610424,0.3566980663902054,0.071417481757491,4.068545256947679,2.4625834497748795,False,True,True,True,True,True,True,True,True,False,,False,19,3,2
Mono,overall,50,0.75,0.02,2000,75,100,197,97,97,78,89,0.1091718217396793,0.0805655970604424,0.0211554982817869,0.6829896907216495,2.889067869415808,False,True,True,True,True,True,False,False,True,False,,False,17,1,0
Mono,overall,50,0.75,0.02,2000,75,250,500,120,120,103,115,0.0705920816515159,0.241747596853728,0.0350140056022409,1.9280112044817928,2.642086834733893,False,True,True,True,True,True,False,True,True,False,,False,20,3,2
Mono,overall,50,0.75,0.02,2000,75,500,870,119,119,114,115,0.02352389446118,0.3503573750065483,0.0619569861843042,3.525708588520154,2.5666571713431137,False,True,True,True,True,True,False,False,True,False,,False,19,5,4
Mono,overall,50,0.75,0.02,2000,75,1000,950,123,123,122,116,0.0129969631350622,0.3301286048495978,0.0633080101292816,3.7598960415833664,2.5510462481674,False,True,True,True,True,True,True,True,True,False,,False,21,5,4
Mono,overall,50,0.75,0.02,2000,100,100,197,97,97,78,89,0.1163521020073223,0.0908376846521176,0.0211554982817869,0.7028565292096219,2.8155068728522337,False,True,True,True,True,True,False,False,True,False,,False,17,1,0
Mono,overall,50,0.75,0.02,2000,100,250,500,117,117,101,111,0.0579528449669434,0.2562053437121171,0.0368405540819333,1.9577070439139408,2.7298113763631005,False,True,True,True,True,True,False,False,True,False,,False,19,3,2
Mono,overall,50,0.75,0.02,2000,100,500,875,124,124,121,117,0.0294303202770544,0.306167363459888,0.0573695253081563,3.436795174403357,2.5788749016522425,False,True,True,True,True,True,True,True,True,False,,False,21,5,4
Mono,overall,50,0.75,0.02,2000,100,1000,926,121,121,120,116,0.0131065187747784,0.3686112529604439,0.0637741046831956,3.667768595041322,2.620867768595041,False,True,True,True,True,True,True,False,True,False,,False,20,5,4
Mono,overall,50,0.75,0.02,3000,10,100,177,36,36,36,32,0.0125213806411999,0.4119008607205202,0.1404761904761904,2.5515873015873014,2.1960317460317462,False,False,False,False,False,False,False,False,True,False,,False,5,0,0
Mono,overall,50,0.75,0.02,3000,10,250,184,35,35,35,31,0.0086576482830385,0.4157289069473943,0.1546218487394958,2.7218487394957984,2.1142857142857143,False,False,False,False,False,False,False,False,True,False,,False,5,0,0
Mono,overall,50,0.75,0.02,3000,10,500,188,36,36,36,32,0.0128585162634193,0.4188068331450684,0.1492063492063492,2.6619047619047618,2.1365079365079365,False,False,False,False,False,False,False,False,True,False,,False,5,0,0
Mono,overall,50,0.75,0.02,3000,10,1000,188,36,36,36,32,0.0128585162634193,0.4188068331450684,0.1492063492063492,2.6619047619047618,2.1365079365079365,False,False,False,False,False,False,False,False,True,False,,False,5,0,0
Mono,overall,50,0.75,0.02,3000,25,100,200,78,78,69,75,0.0704559706172176,0.1859332388744153,0.0333000333000333,1.249084249084249,4.01964701964702,False,True,False,True,True,False,False,False,True,False,,False,12,0,0
Mono,overall,50,0.75,0.02,3000,25,250,500,84,84,79,83,0.0546755002704164,0.2514251454978747,0.0717154331612163,3.289013195639701,2.4546758462421114,False,True,False,True,True,False,True,False,True,False,,False,13,4,3
Mono,overall,50,0.75,0.02,3000,25,500,893,84,84,84,83,0.0373218681674996,0.4489003571436519,0.1280837636259323,5.934021801491681,2.2253298909925414,False,True,False,True,True,False,True,False,True,False,,False,13,5,3
Mono,overall,50,0.75,0.02,3000,25,1000,896,84,84,84,83,0.038047423614056,0.4417140100868231,0.1285140562248996,5.983792312105565,2.217154331612163,False,True,False,True,True,False,True,False,True,False,,False,13,5,3
Mono,overall,50,0.75,0.02,3000,50,100,200,112,112,81,97,0.0567692771579726,0.046771928468357,0.016087516087516,0.3209459459459459,1.3693693693693694,False,True,False,True,True,True,True,False,True,False,,True,19,0,0
Mono,overall,50,0.75,0.02,3000,50,250,500,130,130,100,128,0.0508223062381852,0.1341526935273845,0.0298151460942158,1.8423375074537864,2.5184853905784137,False,True,False,True,True,True,True,True,True,False,,True,20,2,2
Mono,overall,50,0.75,0.02,3000,50,500,1000,131,131,123,127,0.0426972078433953,0.2673973287067868,0.0587199060481503,4.100822078684674,2.400352319436289,False,True,False,True,True,True,True,True,True,False,,False,19,4,3
Mono,overall,50,0.75,0.02,3000,50,1000,1580,131,131,131,127,0.0106385543290848,0.3663880374589408,0.0927774515560775,6.586846741045214,2.25554903112155,False,True,False,True,True,True,True,True,True,False,,False,19,6,4
Mono,overall,50,0.75,0.02,3000,75,100,200,118,118,86,96,0.0593348450491307,0.0306564433683077,0.0144864551644212,0.2485875706214689,1.027379400260756,False,True,True,True,True,True,True,False,True,False,,True,20,0,0
Mono,overall,50,0.75,0.02,3000,75,250,500,140,140,115,133,0.042517628369126,0.1324321931167772,0.0256937307297019,1.6354059609455294,2.878006166495376,False,True,True,True,True,True,True,True,True,False,,True,22,3,3
Mono,overall,50,0.75,0.02,3000,75,500,1000,150,150,134,148,0.0414592592592592,0.2371212988832745,0.0447427293064877,3.3987472035794184,2.521744966442953,False,True,True,True,True,True,True,True,True,False,,True,23,8,6
Mono,overall,50,0.75,0.02,3000,75,1000,1714,151,151,149,147,0.0195092864361637,0.3416953654812898,0.0756732891832229,5.841545253863135,2.3933774834437087,False,True,True,True,True,True,True,True,True,False,,False,22,8,6
Mono,overall,50,0.75,0.02,3000,100,100,200,120,120,85,103,0.0797491039426523,0.0199728974728974,0.0140056022408963,0.1966386554621848,0.903921568627451,False,True,True,True,True,True,False,False,True,False,,False,17,0,0
Mono,overall,50,0.75,0.02,3000,100,250,500,138,138,114,130,0.0744996564478165,0.1443935897874581,0.0264466306992489,1.6780387178673437,2.753305828837406,False,True,True,True,True,True,True,True,True,False,,False,21,3,3
Mono,overall,50,0.75,0.02,3000,100,500,1000,146,146,135,143,0.043723229906091,0.231608701868988,0.0472366556447803,3.5215871516296646,2.562305148795465,False,True,True,True,True,True,True,True,True,False,,False,22,6,5
Mono,overall,50,0.75,0.02,3000,100,1000,1735,155,155,154,151,0.0093856542128791,0.334330198737693,0.072685379136992,5.746795140343528,2.453581901968999,False,True,True,True,True,True,True,True,True,False,,True,23,9,7
Mono,overall,50,0.75,0.02,4000,10,100,183,38,38,37,38,-0.0021162064431295,0.4134825013307985,0.1301564722617354,2.692745376955904,2.581081081081081,False,False,False,False,True,False,False,False,True,False,,False,7,1,0
Mono,overall,50,0.75,0.02,4000,10,250,184,35,35,35,33,-0.0104447007561194,0.4807030818707068,0.1546218487394958,2.780672268907563,2.302521008403361,False,False,False,False,True,False,False,False,True,False,,False,5,0,0
Mono,overall,50,0.75,0.02,4000,10,500,184,35,35,35,33,-0.0104447007561194,0.4807030818707068,0.1546218487394958,2.780672268907563,2.302521008403361,False,False,False,False,True,False,False,False,True,False,,False,5,0,0
Mono,overall,50,0.75,0.02,4000,10,1000,185,35,35,35,33,-0.0006114015854275,0.4834449640486791,0.1554621848739495,2.8084033613445376,2.260504201680672,False,False,False,False,True,False,False,False,True,False,,False,5,0,0
Mono,overall,50,0.75,0.02,4000,25,100,199,86,86,60,82,0.0631001371742112,0.1147660479055828,0.0272229822161422,0.8001367989056087,2.484404924760602,False,True,False,True,True,False,True,False,True,False,,True,14,0,0
Mono,overall,50,0.75,0.02,4000,25,250,500,93,93,83,92,0.0423260565876441,0.1955587589967328,0.0584385226741468,2.9636512388966807,2.418770453482936,False,True,False,True,True,False,True,True,True,False,,True,15,4,3
Mono,overall,50,0.75,0.02,4000,25,500,994,92,92,91,91,0.0408584850035599,0.398779541766163,0.1187290969899665,6.2558528428093645,2.2316053511705687,False,True,False,True,True,False,True,True,True,False,,True,14,6,5
Mono,overall,50,0.75,0.02,4000,25,1000,1152,92,92,92,92,0.0371502094238536,0.4477823273313909,0.1376015289058767,7.276039178213091,2.198160535117057,False,True,False,True,True,False,True,True,True,False,,True,14,6,4
Mono,overall,50,0.75,0.02,4000,50,100,198,115,115,76,105,0.0204180845892075,0.0495410628019323,0.0151029748283752,0.2588100686498856,1.1485888634630053,False,True,False,True,True,True,True,True,True,False,,True,18,0,0
Mono,overall,50,0.75,0.02,4000,50,250,500,142,142,116,140,0.0358838086737798,0.1263524539455442,0.0249725302167615,1.7075217261012885,3.045350114873639,False,True,False,True,True,True,True,True,True,False,,True,20,0,0
Mono,overall,50,0.75,0.02,4000,50,500,1000,147,147,132,146,0.0405065447491449,0.1983862618930131,0.0465939800577765,3.716988165129065,2.5287018917155906,False,True,False,True,True,False,True,True,True,False,,True,20,4,4
Mono,overall,50,0.75,0.02,4000,50,1000,2000,150,150,149,150,0.0115805687335784,0.3374316494209259,0.0894854586129754,7.663355704697986,2.2796868008948548,False,True,False,True,True,True,True,True,True,False,,True,20,8,6
Mono,overall,50,0.75,0.02,4000,75,100,198,122,122,78,110,0.0559575850661625,0.0242388758782201,0.0134128166915052,0.2108792846497764,1.0518222463080884,False,True,False,True,True,True,True,False,True,False,,True,18,0,0
Mono,overall,50,0.75,0.02,4000,75,250,500,159,159,126,152,0.0490699649353495,0.0810489608977046,0.0199028739750019,1.4070535785367406,2.981888384682748,False,True,True,True,True,True,True,True,True,False,,True,22,0,0
Mono,overall,50,0.75,0.02,4000,75,500,1000,171,171,153,168,0.0530978907847745,0.1663912752138679,0.0343997248022015,3.024389404884761,2.724183006535948,False,True,True,True,True,True,True,True,True,False,,True,23,5,5
Mono,overall,50,0.75,0.02,4000,75,1000,2000,173,173,167,170,0.0111546035640495,0.2812702524472788,0.0672133351256889,6.271205807232155,2.3276314020701707,False,True,True,True,True,True,True,True,True,False,,True,23,9,7
Mono,overall,50,0.75,0.02,4000,100,100,198,122,122,80,108,0.1044128071833648,0.038335935467083,0.0134128166915052,0.2496274217585693,1.276046606150928,False,True,False,True,True,True,True,True,True,False,,True,19,0,0
Mono,overall,50,0.75,0.02,4000,100,250,500,161,161,127,154,0.0919412986847668,0.0872017779512647,0.0194099378881987,1.371777950310559,2.8736801242236023,False,True,True,True,True,True,True,True,True,False,,True,23,0,0
Mono,overall,50,0.75,0.02,4000,100,500,1000,171,171,151,167,0.0881233140561625,0.163670041886724,0.0343997248022015,3.0130374957000345,2.6583419332645337,False,True,True,True,True,True,True,True,True,False,,True,23,5,5
Mono,overall,50,0.75,0.02,4000,100,1000,2000,174,174,169,171,0.0303521112243464,0.2765222180379478,0.0664407680552787,6.242342701481629,2.356753704072819,False,True,True,True,True,True,True,True,True,False,,True,23,11,9
Mono,overall,50,0.75,0.03,2000,10,100,138,32,32,32,30,-0.0147462277091906,0.450240211177711,0.1391129032258064,2.3639112903225805,2.3205645161290325,False,True,False,False,True,False,False,False,True,False,,False,7,1,0
Mono,overall,50,0.75,0.03,2000,10,250,173,34,34,34,33,-0.016219723183391,0.4542293973454053,0.1541889483065953,2.8270944741532977,2.385026737967914,False,True,False,True,True,False,False,False,True,False,,False,7,2,2
Mono,overall,50,0.75,0.03,2000,10,500,148,33,33,33,31,-0.0236805555555555,0.4527530352396661,0.1401515151515151,2.4867424242424243,2.353219696969697,False,True,False,False,True,False,False,False,True,False,,False,7,1,0
Mono,overall,50,0.75,0.03,2000,10,1000,174,34,34,34,33,-0.0167563535617241,0.4494324785778983,0.1550802139037433,2.861853832442068,2.377005347593583,False,True,False,True,True,False,False,False,True,False,,False,7,2,2
Mono,overall,50,0.75,0.03,2000,25,100,200,72,72,61,69,0.061905059142973,0.1631905131905131,0.0391236306729264,1.4507042253521127,3.089006259780908,False,True,False,True,True,False,False,False,True,False,,False,15,1,0
Mono,overall,50,0.75,0.03,2000,25,250,500,75,75,70,72,0.0339625850340136,0.3528240535768491,0.09009009009009,3.447747747747748,2.231171171171172,False,True,False,True,True,False,False,False,True,False,,False,15,3,2
Mono,overall,50,0.75,0.03,2000,25,500,619,75,75,75,72,0.0186074955876669,0.4228632704100339,0.1115315315315315,4.35963963963964,2.335675675675676,False,True,False,True,True,False,False,False,True,False,,False,15,3,2
Mono,overall,50,0.75,0.03,2000,25,1000,610,76,76,76,73,0.011691343688005,0.4306279622561469,0.1070175438596491,4.187368421052631,2.3657894736842104,False,True,False,True,True,False,False,False,True,False,,False,15,3,2
Mono,overall,50,0.75,0.03,2000,50,100,199,85,85,68,81,0.0699880065648276,0.0760521178168236,0.0278711484593837,1.0214285714285714,3.199859943977591,False,True,False,True,True,True,False,False,True,False,,False,15,1,0
Mono,overall,50,0.75,0.03,2000,50,250,500,98,98,88,92,0.0962319989430572,0.2690350823464709,0.0525983589312013,2.4322533136966125,2.472228066484325,False,True,False,True,True,True,False,False,True,False,,False,16,3,2
Mono,overall,50,0.75,0.03,2000,50,500,796,99,99,99,93,0.0356068765345333,0.382863870899799,0.0820449391877963,4.008554937126366,2.398886827458256,False,True,False,True,True,True,False,False,True,False,,False,16,3,2
Mono,overall,50,0.75,0.03,2000,50,1000,807,100,100,100,93,0.0421469934382731,0.3966796279292448,0.0815151515151515,3.9624242424242415,2.372929292929293,False,True,False,True,True,True,False,False,True,False,,False,16,3,2
Mono,overall,50,0.75,0.03,2000,75,100,196,88,88,67,82,0.0816488307570352,0.0818353994490358,0.0256008359456635,0.927899686520376,3.0265151515151514,False,True,True,True,True,True,False,False,True,False,,False,16,1,0
Mono,overall,50,0.75,0.03,2000,75,250,490,106,106,97,99,0.0910693829878035,0.2470270118312147,0.0440251572327044,2.1556154537286614,2.479424977538185,False,True,True,True,True,True,False,False,True,False,,False,19,2,1
Mono,overall,50,0.75,0.03,2000,75,500,840,110,110,110,102,0.0258523375799246,0.3611481779441756,0.0700583819849874,3.587656380316931,2.5693911592994163,False,True,True,True,True,True,False,False,True,False,,False,19,5,4
Mono,overall,50,0.75,0.03,2000,75,1000,840,110,110,110,102,0.0277836876818172,0.3583859803442892,0.0700583819849874,3.585237698081735,2.569641367806505,False,True,True,True,True,True,False,False,True,False,,False,19,5,4
Mono,overall,50,0.75,0.03,2000,100,100,195,88,88,67,82,0.0757200422777117,0.0793105253332525,0.0254702194357366,0.9258098223615464,3.055773249738767,False,True,True,True,True,True,False,False,True,False,,False,16,1,0
Mono,overall,50,0.75,0.03,2000,100,250,500,106,106,93,100,0.0926961048381505,0.2507525884721003,0.0449236298292902,2.167654986522911,2.525876010781672,False,True,True,True,True,True,False,False,True,False,,False,19,4,3
Mono,overall,50,0.75,0.03,2000,100,500,837,110,110,110,102,0.0291883577099343,0.3613827297102008,0.0698081734778982,3.570058381984988,2.5775646371976646,False,True,True,True,True,True,False,False,True,False,,False,19,5,4
Mono,overall,50,0.75,0.03,2000,100,1000,842,110,110,110,102,0.0304000718366801,0.3636992128214827,0.0702251876563803,3.601417848206839,2.555546288573812,False,True,True,True,True,True,False,False,True,False,,False,19,5,4
Mono,overall,50,0.75,0.03,3000,10,100,138,31,31,31,28,-0.0123726959010184,0.4174446837160309,0.1483870967741935,2.4913978494623654,2.2096774193548385,False,False,False,False,True,False,False,False,True,False,,False,6,1,0
Mono,overall,50,0.75,0.03,3000,10,250,133,32,32,31,28,-0.0152189391242435,0.3932248307248307,0.1340725806451612,2.2066532258064515,2.106854838709677,False,False,False,False,True,False,False,False,True,False,,False,6,1,0
Mono,overall,50,0.75,0.03,3000,10,500,160,33,33,33,31,0.0029745808545159,0.474801346093212,0.1515151515151515,2.8077651515151514,2.203598484848485,False,False,False,False,True,False,False,False,True,False,,False,6,1,0
Mono,overall,50,0.75,0.03,3000,10,1000,163,34,34,33,32,0.0045451896742614,0.4534159682766493,0.1452762923351158,2.697860962566845,2.14795008912656,False,False,False,False,True,False,False,False,True,False,,False,6,1,0
Mono,overall,50,0.75,0.03,3000,25,100,200,77,77,62,76,0.0325896630841685,0.1564195544715025,0.0341763499658236,1.1493506493506491,3.132433356117567,False,True,False,True,True,False,False,False,True,False,,True,14,0,0
Mono,overall,50,0.75,0.03,3000,25,250,500,83,83,77,81,0.0490215336915203,0.2844405162624385,0.0734645900675874,3.3439612106964445,2.446958565971202,False,True,False,True,True,False,False,False,True,False,,True,14,3,2
Mono,overall,50,0.75,0.03,3000,25,500,865,82,82,81,81,0.0123952528465479,0.4563030833715548,0.1302318578741343,5.735621800662451,2.2029509183980727,False,True,False,True,True,False,False,False,True,False,,True,14,5,3
Mono,overall,50,0.75,0.03,3000,25,1000,867,82,82,81,81,0.0137798250608146,0.4529630129593427,0.1305329719963866,5.756699789220114,2.2017464619090634,False,True,False,True,True,False,False,False,True,False,,True,14,5,3
Mono,overall,50,0.75,0.03,3000,50,100,198,100,100,77,89,0.0378378378378378,0.1141852036852036,0.02,0.531010101010101,2.0727272727272728,False,True,False,True,True,True,False,False,True,False,,True,16,0,0
Mono,overall,50,0.75,0.03,3000,50,250,500,118,118,105,115,0.057958024691358,0.1716540543807426,0.0362161379110531,2.1561639866724613,2.893089960886571,False,True,False,True,True,True,False,True,True,False,,True,18,0,0
Mono,overall,50,0.75,0.03,3000,50,500,1000,123,123,116,121,0.0250272232061216,0.2919822851859867,0.0666400106624017,4.23363987738238,2.375183260029321,False,True,False,True,True,True,False,True,True,False,,True,18,3,2
Mono,overall,50,0.75,0.03,3000,50,1000,1472,127,127,126,125,-0.0017521305907983,0.3930210593560747,0.0919885014373203,6.007311586051744,2.324584426946632,False,True,False,True,True,True,True,True,True,False,,True,19,5,2
Mono,overall,50,0.75,0.03,3000,75,100,195,104,104,80,92,0.0717698348711517,0.1218954656454656,0.0182038834951456,0.5509708737864077,2.694454817027633,False,True,True,True,True,True,False,False,True,False,,True,17,0,0
Mono,overall,50,0.75,0.03,3000,75,250,500,129,129,108,125,0.0903444874043367,0.1638896032621281,0.0302810077519379,1.865431201550388,2.8689437984496124,False,True,True,True,True,True,True,True,True,False,,True,22,2,2
Mono,overall,50,0.75,0.03,3000,75,500,1000,139,139,126,136,0.0546678125591761,0.2790235654841903,0.0521322072776561,3.5667292253154,2.455791888228548,False,True,True,True,True,True,True,True,True,False,,True,22,5,4
Mono,overall,50,0.75,0.03,3000,75,1000,1590,141,141,140,138,0.0296337954864173,0.3711277876011388,0.080547112462006,5.680192502532928,2.430091185410334,False,True,True,True,True,True,True,True,True,False,,True,22,7,4
Mono,overall,50,0.75,0.03,3000,100,100,194,102,102,77,93,0.1054069556816809,0.1280527206997795,0.0188312948941953,0.5547466511357018,2.62599495243642,False,True,True,True,True,True,False,False,True,False,,True,17,0,0
Mono,overall,50,0.75,0.03,3000,100,250,500,129,129,110,125,0.1034437888183214,0.1704774045990115,0.0302810077519379,1.851501937984496,2.927386143410853,False,True,True,True,True,True,True,True,True,False,,True,22,2,2
Mono,overall,50,0.75,0.03,3000,100,500,1000,140,140,127,137,0.0643889549478134,0.2703714831134928,0.0513874614594039,3.5351490236382324,2.445529290853032,False,True,True,True,True,True,True,True,True,False,,True,22,5,4
Mono,overall,50,0.75,0.03,3000,100,1000,1590,141,141,140,138,0.0299491665845099,0.3724197950882925,0.080547112462006,5.677304964539007,2.432016210739615,False,True,True,True,True,True,True,True,True,False,,True,22,7,4
Mono,overall,50,0.75,0.03,4000,10,100,173,32,32,32,31,0.047388624567474,0.4384275771635485,0.1743951612903226,3.2580645161290325,2.163306451612903,False,False,False,False,True,False,False,False,True,False,,False,6,1,0
Mono,overall,50,0.75,0.03,4000,10,250,178,32,32,32,31,0.0413775510204081,0.4517393656180421,0.1794354838709677,3.3659274193548385,2.134072580645161,False,False,False,False,True,False,False,False,True,False,,False,6,1,0
Mono,overall,50,0.75,0.03,4000,10,500,172,32,32,32,31,0.0154544441969257,0.4335266843901712,0.1733870967741935,3.191532258064516,2.1794354838709675,False,False,False,False,True,False,False,False,True,False,,False,5,1,0
Mono,overall,50,0.75,0.03,4000,10,1000,177,32,32,32,31,0.0437933207309388,0.4496871023283562,0.1784274193548387,3.347782258064516,2.149193548387097,False,False,False,False,True,False,False,False,True,False,,False,6,1,0
Mono,overall,50,0.75,0.03,4000,25,100,200,84,84,64,76,0.0734301951233167,0.0580459884031312,0.0286861732644865,0.8845381526104418,2.44807802639128,False,True,False,True,True,False,True,False,True,False,,True,14,1,0
Mono,overall,50,0.75,0.03,4000,25,250,500,93,93,82,91,0.0566148318011506,0.2391306200191311,0.0584385226741468,2.861851332398317,2.3918887330528285,False,True,False,True,True,False,True,True,True,False,,True,15,2,1
Mono,overall,50,0.75,0.03,4000,25,500,1000,92,92,91,91,0.0319982671707624,0.3923482566430731,0.1194457716196846,6.134376493072145,2.2253941710463447,False,True,False,True,True,False,True,True,True,False,,True,14,5,4
Mono,overall,50,0.75,0.03,4000,25,1000,1209,94,94,94,92,0.0339751169660542,0.4549892583797901,0.1382978723404255,7.131548844657973,2.1535117822008694,False,True,False,True,True,False,True,True,True,False,,True,14,5,4
Mono,overall,50,0.75,0.03,4000,50,100,200,112,112,86,92,0.0502365555275607,0.0808067924139352,0.016087516087516,0.4478764478764478,1.8367921492921493,False,True,False,True,True,True,True,False,True,False,,True,18,1,0
Mono,overall,50,0.75,0.03,4000,50,250,500,137,137,119,131,0.0664201843043995,0.1449068797089181,0.0268355517389437,1.7665843709746671,2.942196221554316,False,True,False,True,True,True,True,True,True,False,,True,20,1,0
Mono,overall,50,0.75,0.03,4000,50,500,1000,142,142,125,141,0.045345770178121,0.2181140979577318,0.0499450604335231,3.74737788432724,2.4046548796324045,False,True,False,True,True,True,True,True,True,False,,True,20,4,3
Mono,overall,50,0.75,0.03,4000,50,1000,1971,145,145,144,144,0.0148642998866213,0.3642442219843637,0.0943965517241379,7.493773946360153,2.281896551724138,False,True,False,True,True,True,True,True,True,False,,True,20,7,4
Mono,overall,50,0.75,0.03,4000,75,100,199,119,119,89,98,0.1086390803282907,0.0621748699479791,0.0141717704030764,0.3989460190856003,1.836490528414756,False,True,True,True,True,True,True,False,True,False,,True,21,3,2
Mono,overall,50,0.75,0.03,4000,75,250,499,148,148,127,140,0.1019620374214555,0.1255941552148982,0.02293620150763,1.5981798124655269,3.237129987129987,False,True,True,True,True,True,True,True,True,False,,True,23,3,2
Mono,overall,50,0.75,0.03,4000,75,500,1000,159,159,141,156,0.0625256970005482,0.2029694937263085,0.0398057479500039,3.2576228007324257,2.6274978106838627,False,True,True,True,True,True,True,True,True,False,,True,23,5,4
Mono,overall,50,0.75,0.03,4000,75,1000,2000,163,163,160,160,0.0212484052088436,0.3327847166840203,0.0757403620389305,6.4632280542301,2.348519275922139,False,True,True,True,True,True,True,True,True,False,,True,23,8,6
Mono,overall,50,0.75,0.03,4000,100,100,200,119,119,89,97,0.1482146899049344,0.0640889689209017,0.0142429853297251,0.3688221051132317,1.6465603190428717,False,True,True,True,True,True,True,False,True,False,,True,21,3,2
Mono,overall,50,0.75,0.03,4000,100,250,499,148,148,127,138,0.1376168924870223,0.1101540429442906,0.02293620150763,1.5576852362566649,3.023166023166023,False,True,True,True,True,True,True,True,True,False,,True,23,3,2
Mono,overall,50,0.75,0.03,4000,100,500,1000,159,159,140,157,0.0920166646540273,0.1949554878327501,0.0398057479500039,3.259294642146326,2.618382294403312,False,True,True,True,True,True,True,True,True,False,,True,23,5,4
Mono,overall,50,0.75,0.03,4000,100,1000,2000,163,163,159,160,0.0366796719144516,0.329940692749163,0.0757403620389305,6.461220934636067,2.32719836400818,False,True,True,True,True,True,True,True,True,False,,True,23,8,6
Mono,overall,50,0.9,0.005,2000,10,100,179,40,40,39,37,-0.0093906432308329,0.3435158481869008,0.1147435897435897,2.476282051282052,2.442948717948718,False,True,False,True,True,False,True,True,True,False,,True,11,3,3
Mono,overall,50,0.9,0.005,2000,10,250,218,41,41,41,38,-0.0188246097337006,0.3828124642856953,0.1329268292682927,3.120731707317073,2.299390243902439,False,True,False,True,True,False,True,True,True,False,,True,11,3,3
Mono,overall,50,0.9,0.005,2000,10,500,218,41,41,41,38,-0.018230307402922,0.3870254798688688,0.1329268292682927,3.1170731707317074,2.298170731707317,False,True,False,True,True,False,True,True,True,False,,True,11,3,3
Mono,overall,50,0.9,0.005,2000,10,1000,218,41,41,41,38,-0.018230307402922,0.3870254798688688,0.1329268292682927,3.1170731707317074,2.298170731707317,False,True,False,True,True,False,True,True,True,False,,True,11,3,3
Mono,overall,50,0.9,0.005,2000,25,100,200,81,81,62,76,0.0182698567708333,0.1100761035946221,0.0308641975308641,1.0939814814814814,2.3040123456790123,False,True,True,True,True,False,True,True,True,False,,True,16,0,0
Mono,overall,50,0.9,0.005,2000,25,250,500,87,87,79,84,0.017687559354226,0.2198495566896985,0.0668270515904838,3.004544239508153,2.438519112536755,False,True,True,True,True,False,True,True,True,False,,True,17,3,3
Mono,overall,50,0.9,0.005,2000,25,500,735,88,88,87,84,0.0106886952546678,0.3389903300920953,0.0960031347962382,4.498301985370951,2.3234064785788924,False,True,True,True,True,False,True,True,True,False,,True,17,5,5
Mono,overall,50,0.9,0.005,2000,25,1000,737,88,88,87,84,0.0104488265494792,0.3382847157280629,0.0962643678160919,4.506400208986416,2.3235370950888194,False,True,True,True,True,False,True,True,True,False,,True,17,5,5
Mono,overall,50,0.9,0.005,2000,50,100,200,119,119,78,103,0.0130154102457309,0.0650524559199793,0.0142429853297251,0.5270616721264777,2.048924654607606,False,True,True,True,True,True,True,True,True,False,,True,20,1,1
Mono,overall,50,0.9,0.005,2000,50,250,500,144,144,106,138,0.0394589679666689,0.1365633970897684,0.0242812742812742,1.4825660450660452,2.570221445221445,False,True,True,True,True,True,True,True,True,False,,True,22,1,1
Mono,overall,50,0.9,0.005,2000,50,500,1000,143,143,134,139,0.012771191135734,0.2140615030800892,0.0492465281197675,3.5021668472372696,2.659509504579927,False,True,True,True,True,True,True,True,True,False,,True,21,4,4
Mono,overall,50,0.9,0.005,2000,50,1000,1345,143,143,143,140,0.0031785873832324,0.2710712865264964,0.0662365803210873,4.860435339308578,2.7735644637053087,False,True,True,True,True,True,True,True,True,False,,True,21,6,5
Mono,overall,50,0.9,0.005,2000,75,100,200,119,119,81,103,0.0527942143326758,0.0602065781749419,0.0142429853297251,0.5279162512462612,2.099700897308076,False,True,True,True,True,True,True,True,True,False,,True,19,1,1
Mono,overall,50,0.9,0.005,2000,75,250,500,155,155,112,148,0.0516377936018705,0.1176529120545864,0.0209467951403435,1.3664851277754504,2.522329283619606,False,True,True,True,True,True,True,True,True,False,,True,22,1,1
Mono,overall,50,0.9,0.005,2000,75,500,1000,157,157,142,152,0.0191497567343063,0.1899261638320981,0.0408296586640535,2.9887310142087213,2.580475257226849,False,True,True,True,True,True,True,True,True,False,,True,22,4,4
Mono,overall,50,0.9,0.005,2000,75,1000,1437,158,158,158,154,-0.0030435271354243,0.2475965912169197,0.057929533177457,4.591792308312505,2.8312505039103444,False,True,True,True,True,True,True,True,True,False,,True,22,6,5
Mono,overall,50,0.9,0.005,2000,100,100,200,122,122,80,106,0.051387245233399,0.061329700782449,0.0135482996883891,0.4980354965451836,2.080476900149032,False,True,True,True,True,True,True,True,True,False,,True,19,1,1
Mono,overall,50,0.9,0.005,2000,100,250,500,153,153,110,146,0.0417897757466256,0.1272937255585978,0.0214998280013759,1.393231854145167,2.475146198830409,False,True,True,True,True,True,True,True,True,False,,True,22,1,1
Mono,overall,50,0.9,0.005,2000,100,500,1000,158,158,144,153,0.0171727154257521,0.1992772245165269,0.0403128275417237,2.885753446746755,2.655567201483512,False,True,True,True,True,True,True,True,True,False,,True,22,4,4
Mono,overall,50,0.9,0.005,2000,100,1000,1439,158,158,158,154,-0.0083603112490734,0.2502790354420003,0.0580101588325405,4.597436104168346,2.822663871643957,False,True,True,True,True,True,True,True,True,False,,True,22,6,5
Mono,overall,50,0.9,0.005,3000,10,100,200,40,40,39,36,0.0052501449894691,0.3630331181975917,0.1282051282051282,2.948717948717949,2.171794871794872,False,True,False,True,True,False,True,True,True,False,,False,11,1,1
Mono,overall,50,0.9,0.005,3000,10,250,224,41,41,41,35,0.027469727486714,0.3648578208270122,0.1365853658536585,2.9865853658536587,1.9567073170731708,False,False,False,True,True,False,True,True,True,False,,False,10,1,1
Mono,overall,50,0.9,0.005,3000,10,500,256,41,41,41,36,0.0160084666577677,0.4106467496745051,0.1560975609756097,3.739024390243903,1.959756097560976,False,True,False,True,True,False,True,True,True,False,,False,11,2,2
Mono,overall,50,0.9,0.005,3000,10,1000,256,41,41,41,36,0.0160084666577677,0.4106467496745051,0.1560975609756097,3.739024390243903,1.959756097560976,False,True,False,True,True,False,True,True,True,False,,False,11,2,2
Mono,overall,50,0.9,0.005,3000,25,100,200,81,81,63,74,0.0759483476066471,0.1427383352334619,0.0308641975308641,0.9510802469135804,2.4550925925925924,False,True,True,True,True,False,True,True,True,False,,False,15,0,0
Mono,overall,50,0.9,0.005,3000,25,250,500,91,91,81,88,0.0309369110775875,0.2110420655341917,0.061050061050061,2.873870573870574,2.4205128205128204,False,True,True,True,True,False,True,True,True,False,,True,18,2,2
Mono,overall,50,0.9,0.005,3000,25,500,960,92,92,91,88,0.0120785135154028,0.3430295402559203,0.1146679407548972,6.019230769230769,2.180960344003822,False,True,True,True,True,False,True,True,True,False,,True,18,6,4
Mono,overall,50,0.9,0.005,3000,25,1000,1038,92,92,91,89,0.0133457063711911,0.3655397354766219,0.1239847109412326,6.500836120401337,2.2062828475871954,False,True,True,True,True,False,True,True,True,False,,True,18,7,4
Mono,overall,50,0.9,0.005,3000,50,100,197,116,116,84,95,0.0422548723993311,0.0756070557794695,0.014767616191904,0.3691154422788605,1.6683658170914544,False,True,True,True,True,True,True,True,True,False,,False,18,1,1
Mono,overall,50,0.9,0.005,3000,50,250,500,146,146,116,140,0.0229420981043714,0.1396093428332316,0.0236183278223901,1.3925838450637695,2.714170996693434,False,True,True,True,True,True,True,True,True,False,,True,21,1,1
Mono,overall,50,0.9,0.005,3000,50,500,1000,149,149,138,147,0.0150750833379738,0.1862700434853094,0.0453473607836023,3.479911119172864,2.611871939053147,False,True,True,True,True,True,True,True,True,False,,True,22,4,3
Mono,overall,50,0.9,0.005,3000,50,1000,1856,149,149,148,147,0.0011874397022562,0.2958504612469542,0.084164701614366,6.8977417014329765,2.4926537275530563,False,True,True,True,True,True,True,True,True,False,,True,22,8,4
Mono,overall,50,0.9,0.005,3000,75,100,197,113,113,80,97,0.059880485732299,0.0844832650142384,0.0155657395701643,0.4144279393173198,1.8586441213653604,False,True,True,True,True,True,True,True,True,False,,False,19,1,1
Mono,overall,50,0.9,0.005,3000,75,250,500,158,158,125,152,0.0548092750604676,0.1124800949587281,0.0201564137708618,1.341530274933484,2.785011690719987,False,True,True,True,True,True,True,True,True,False,,True,22,1,1
Mono,overall,50,0.9,0.005,3000,75,500,1000,162,162,151,160,0.0402293257647133,0.1538726334015621,0.0383406180507629,3.2210720036806992,3.0552488306111494,False,True,True,True,True,True,True,True,True,False,,True,23,2,1
Mono,overall,50,0.9,0.005,3000,75,1000,1941,162,162,160,161,0.0220640359168242,0.2534804446782437,0.0744191396365309,6.575952764358561,2.582969097461851,False,True,True,True,True,True,True,True,True,False,,True,23,8,6
Mono,overall,50,0.9,0.005,3000,100,100,197,116,116,81,98,0.0166387982785559,0.0755223225050811,0.014767616191904,0.3637181409295352,1.6581709145427286,False,True,True,True,True,True,True,True,True,False,,False,19,1,1
Mono,overall,50,0.9,0.005,3000,100,250,500,161,161,125,151,0.0608837107621876,0.1298007835194336,0.0194099378881987,1.19902950310559,2.657104037267081,False,True,True,True,True,True,True,True,True,False,,True,22,1,1
Mono,overall,50,0.9,0.005,3000,100,500,1000,165,165,151,162,0.0390386358296129,0.1677982236404414,0.0369549150036954,3.082779009608278,2.8048041389504803,False,True,True,True,True,True,True,True,True,False,,True,23,3,3
Mono,overall,50,0.9,0.005,3000,100,1000,1972,165,165,162,164,0.0219142541177754,0.246767486504102,0.0728750923872875,6.533924611973393,2.566371027346637,False,True,True,True,True,True,True,True,True,False,,True,23,7,5
Mono,overall,50,0.9,0.005,4000,10,100,200,44,44,43,41,0.0018991964937911,0.3242007064533803,0.1057082452431289,2.700845665961945,2.390063424947146,False,True,False,True,True,False,True,True,True,False,,True,12,2,1
Mono,overall,50,0.9,0.005,4000,10,250,316,44,44,44,41,-0.0021668205601723,0.4527385748261556,0.1670190274841437,4.418604651162791,2.0623678646934462,False,True,False,True,True,False,True,True,True,False,,True,12,5,2
Mono,overall,50,0.9,0.005,4000,10,500,315,44,44,44,41,-0.0021668205601723,0.4527385748261556,0.1664904862579281,4.395877378435518,2.0702959830866807,False,True,False,True,True,False,True,True,True,False,,True,12,5,2
Mono,overall,50,0.9,0.005,4000,10,1000,316,44,44,44,41,-0.0027446329893882,0.4475732855699572,0.1670190274841437,4.428646934460888,2.0570824524312896,False,True,False,True,True,False,True,True,True,False,,True,12,5,2
Mono,overall,50,0.9,0.005,4000,25,100,198,78,78,63,74,0.0589473684210526,0.1516787793103582,0.0329670329670329,1.0725940725940726,2.4064269064269066,False,True,True,True,True,False,True,True,True,False,,True,15,1,0
Mono,overall,50,0.9,0.005,4000,25,250,500,92,92,82,89,0.034599104764223,0.2183802586056566,0.0597228858098423,2.8626373626373627,2.401098901098901,False,True,True,True,True,False,True,True,True,False,,True,18,2,1
Mono,overall,50,0.9,0.005,4000,25,500,1000,92,92,91,89,0.0185298265088217,0.3477849021174979,0.1194457716196846,6.369087434304825,2.202699474438605,False,True,True,True,True,False,True,True,True,False,,True,18,4,2
Mono,overall,50,0.9,0.005,4000,25,1000,1220,92,92,91,90,0.0117193931181216,0.3925542406882733,0.1457238413760153,7.50764452938366,2.1811992355470617,False,True,True,True,True,False,False,True,True,False,,True,17,8,4
Mono,overall,50,0.9,0.005,4000,50,100,200,112,112,81,94,0.0177051732932427,0.054249123891981,0.016087516087516,0.4581724581724581,1.800836550836551,False,True,True,True,True,True,True,True,True,False,,True,19,2,1
Mono,overall,50,0.9,0.005,4000,50,250,500,142,142,117,136,0.0407003063345771,0.1312305913767236,0.0249725302167615,1.562431325541904,2.8055638797322944,False,True,True,True,True,True,True,True,True,False,,True,21,2,1
Mono,overall,50,0.9,0.005,4000,50,500,1000,147,147,138,145,0.0368331155991808,0.1991529278715673,0.0465939800577765,3.700400708228497,2.7354859752120024,False,True,True,True,True,True,True,True,True,False,,True,22,3,2
Mono,overall,50,0.9,0.005,4000,50,1000,2000,148,148,144,146,0.0156691911111111,0.2984441919927599,0.0919286633572347,7.506067291781577,2.287598823313109,False,True,True,True,True,True,True,True,True,False,,True,22,9,3
Mono,overall,50,0.9,0.005,4000,75,100,199,117,117,85,97,0.0353432306907567,0.0564916564916564,0.0146625405246094,0.4190981432360742,1.9013409961685823,False,True,True,True,True,True,True,True,True,False,,False,19,1,1
Mono,overall,50,0.9,0.005,4000,75,250,500,157,157,126,149,0.0365597486179606,0.1049264580280104,0.0204148293320267,1.3876367793565243,2.8123060591213456,False,True,True,True,True,True,True,True,True,False,,True,22,2,1
Mono,overall,50,0.9,0.005,4000,75,500,1000,164,164,151,162,0.030061127710315,0.1736829111343784,0.0374083495436181,3.097074667065689,2.780113721382613,False,True,True,True,True,True,True,True,True,False,,True,23,3,2
Mono,overall,50,0.9,0.005,4000,75,1000,2000,165,165,160,164,0.0216668429332339,0.2466086274713387,0.0739098300073909,6.680746489283075,2.450332594235033,False,True,True,True,True,True,True,True,True,False,,True,23,6,4
Mono,overall,50,0.9,0.005,4000,100,100,199,120,120,82,104,0.0328369140625,0.0509336959336959,0.0139355742296918,0.2833333333333333,1.389985994397759,False,True,True,True,True,True,True,True,True,False,,False,19,1,1
Mono,overall,50,0.9,0.005,4000,100,250,500,154,154,129,146,0.0193448994240296,0.1075610852730322,0.0212206094559035,1.4057380527968764,2.7852898735251674,False,True,True,True,True,True,True,True,True,False,,True,22,2,1
Mono,overall,50,0.9,0.005,4000,100,500,1000,165,165,152,162,0.0244262180283958,0.1701920967315562,0.0369549150036954,3.0965631929046564,2.8028455284552845,False,True,True,True,True,True,True,True,True,False,,True,23,3,2
Mono,overall,50,0.9,0.005,4000,100,1000,2000,166,166,160,165,0.0228811876077276,0.2606639489836717,0.0730193501277838,6.5713399050748444,2.4303395399780943,False,True,True,True,True,True,True,True,True,False,,True,23,6,4
Mono,overall,50,0.9,0.01,2000,10,100,160,36,36,36,33,0.0235098379629629,0.4267620282003667,0.1269841269841269,2.4063492063492062,2.27936507936508,False,True,False,True,False,False,False,False,True,False,,False,7,1,1
Mono,overall,50,0.9,0.01,2000,10,250,166,37,37,37,34,0.0260226442658875,0.4221597174383552,0.1246246246246246,2.425675675675676,2.2815315315315314,False,True,False,True,False,False,False,False,True,False,,False,7,1,1
Mono,overall,50,0.9,0.01,2000,10,500,162,36,36,36,33,0.0235098379629629,0.4267620282003667,0.1285714285714285,2.425396825396825,2.273809523809524,False,True,False,True,False,False,False,False,True,False,,False,7,1,1
Mono,overall,50,0.9,0.01,2000,10,1000,162,36,36,36,33,0.0235098379629629,0.4267620282003667,0.1285714285714285,2.425396825396825,2.273809523809524,False,True,False,True,False,False,False,False,True,False,,False,7,1,1
Mono,overall,50,0.9,0.01,2000,25,100,200,77,77,56,72,0.0294816659121774,0.1576744020011279,0.0341763499658236,0.9745386192754614,1.914388243335612,False,True,False,True,True,False,False,False,True,False,,False,13,0,0
Mono,overall,50,0.9,0.01,2000,25,250,500,81,81,75,78,-0.0022090103258934,0.3099251521328736,0.0771604938271604,3.2087962962962964,2.389506172839506,False,True,False,True,True,False,False,False,True,False,,False,13,3,1
Mono,overall,50,0.9,0.01,2000,25,500,702,81,81,80,78,-0.0101888,0.3818515538087237,0.1083333333333333,4.642901234567901,2.30679012345679,False,True,False,True,True,False,False,False,True,False,,False,13,3,1
Mono,overall,50,0.9,0.01,2000,25,1000,701,83,83,83,80,0.0013504,0.3573483881399099,0.1029973552747575,4.567146635321775,2.3920070526006465,False,True,False,True,True,False,True,False,True,False,,False,15,4,2
Mono,overall,50,0.9,0.01,2000,50,100,199,102,102,77,92,0.045180055401662,0.1626083926393524,0.0193166375461075,0.677732479130266,2.410017472335469,False,True,True,True,True,True,False,True,True,False,,False,16,1,1
Mono,overall,50,0.9,0.01,2000,50,250,500,118,118,103,114,0.0304753282028066,0.2407470786841295,0.0362161379110531,1.9246704331450093,2.6270462117919746,False,True,True,True,True,True,False,True,True,False,,False,18,1,1
Mono,overall,50,0.9,0.01,2000,50,500,960,121,121,117,118,0.0023096811261131,0.2807934645036237,0.0661157024793388,4.137190082644628,2.566804407713499,False,True,True,True,True,True,True,True,True,False,,True,20,5,3
Mono,overall,50,0.9,0.01,2000,50,1000,1072,120,120,119,117,0.0014530551810963,0.3159870484690952,0.0750700280112044,4.646778711484594,2.517927170868348,False,True,True,True,True,True,False,True,True,False,,False,18,4,2
Mono,overall,50,0.9,0.01,2000,75,100,197,101,101,74,90,0.0951222272521503,0.1435530510830146,0.0195049504950495,0.6693069306930693,2.366831683168317,False,True,True,True,True,True,False,True,True,False,,True,17,1,1
Mono,overall,50,0.9,0.01,2000,75,250,500,132,132,117,123,0.0640153915799004,0.1961583446588208,0.0289151052509831,1.7327087670599122,2.78411982419616,False,True,True,True,True,True,True,True,True,False,,True,22,5,4
Mono,overall,50,0.9,0.01,2000,75,500,991,137,137,129,134,0.0164690096952908,0.269260164667749,0.0531880635465865,3.5412194074710177,2.672874624302276,False,True,True,True,True,True,True,True,True,False,,True,22,7,5
Mono,overall,50,0.9,0.01,2000,75,1000,1148,137,137,136,133,0.0122613524487313,0.2809482811232359,0.0616144267926148,4.184360240446543,2.726062687848862,False,True,True,True,True,True,True,True,True,False,,True,22,7,5
Mono,overall,50,0.9,0.01,2000,100,100,195,105,105,80,93,0.0949890430971512,0.1167960517540349,0.0178571428571428,0.611904761904762,2.515201465201465,False,True,False,True,True,True,True,True,True,False,,True,18,1,1
Mono,overall,50,0.9,0.01,2000,100,250,500,133,133,117,124,0.0666707758053912,0.1915174233141186,0.0284802916381863,1.6917293233082706,2.682102984734564,False,True,True,True,True,True,True,True,True,False,,True,22,5,4
Mono,overall,50,0.9,0.01,2000,100,500,992,138,138,130,134,0.0123571675900277,0.2759115256302371,0.0524701153073098,3.432296625409923,2.626573574526605,False,True,True,True,True,True,True,True,True,False,,True,22,7,5
Mono,overall,50,0.9,0.01,2000,100,1000,1155,138,138,137,134,0.0088454847570125,0.2911255994466853,0.0610917169152649,4.110494023061462,2.712525124299164,False,True,True,True,True,True,True,True,True,False,,True,22,7,5
Mono,overall,50,0.9,0.01,3000,10,100,200,46,46,43,44,-0.0018115412710007,0.2930628553929133,0.0966183574879227,2.484541062801932,2.45024154589372,False,False,False,True,True,False,True,True,True,False,,True,10,1,1
Mono,overall,50,0.9,0.01,3000,10,250,259,46,46,46,44,-0.001749894085358,0.3906539775129964,0.1251207729468599,3.340096618357488,2.3483091787439614,False,False,False,True,True,False,True,True,True,False,,True,10,2,2
Mono,overall,50,0.9,0.01,3000,10,500,259,46,46,46,44,-0.001749894085358,0.3906539775129964,0.1251207729468599,3.340096618357488,2.3483091787439614,False,False,False,True,True,False,True,True,True,False,,True,10,2,2
Mono,overall,50,0.9,0.01,3000,10,1000,259,46,46,46,44,-0.001749894085358,0.3906539775129964,0.1251207729468599,3.340096618357488,2.3483091787439614,False,False,False,True,True,False,True,True,True,False,,True,10,2,2
Mono,overall,50,0.9,0.01,3000,25,100,200,84,84,59,80,0.0045437282986111,0.0798172500710094,0.0286861732644865,0.9485083189902468,2.234366035570855,False,True,False,True,True,False,True,True,True,False,,True,14,0,0
Mono,overall,50,0.9,0.01,3000,25,250,500,92,92,82,89,0.0030285800751069,0.2504034937208583,0.0597228858098423,2.786669851887244,2.400621118012422,False,True,True,True,True,False,True,True,True,False,,True,16,2,2
Mono,overall,50,0.9,0.01,3000,25,500,978,92,92,91,90,-0.0121220592746178,0.3806104266572187,0.1168179646440516,6.036072623029145,2.221571906354515,False,True,True,True,True,False,True,True,True,False,,True,16,5,3
Mono,overall,50,0.9,0.01,3000,25,1000,1024,92,92,92,90,-0.014602433837429,0.3824527227423274,0.122312470138557,6.325489727663641,2.2240802675585285,False,True,True,True,True,False,True,True,True,False,,True,16,5,3
Mono,overall,50,0.9,0.01,3000,50,100,198,115,115,73,101,0.0450371426221868,0.0422484066090204,0.0151029748283752,0.4062547673531655,2.0540045766590387,False,True,False,True,True,True,True,True,True,False,,False,17,1,1
Mono,overall,50,0.9,0.01,3000,50,250,500,142,142,116,136,0.0214599694849175,0.1104807859942381,0.0249725302167615,1.6248127060233744,2.887973229447608,False,True,True,True,True,True,True,True,True,False,,True,20,2,2
Mono,overall,50,0.9,0.01,3000,50,500,1000,147,147,136,145,0.0225453802786555,0.2269706985007591,0.0465939800577765,3.550647656322803,2.6942037088808126,False,True,True,True,True,True,True,True,True,False,,True,21,3,3
Mono,overall,50,0.9,0.01,3000,50,1000,1862,146,146,146,145,-0.0054847219586915,0.3164294473244717,0.087954652810581,7.160935285781767,2.3697685403873407,False,True,True,True,True,True,True,True,True,False,,True,21,6,3
Mono,overall,50,0.9,0.01,3000,75,100,197,124,124,74,107,0.0740443213296399,0.022132871871961,0.0129163388408077,0.3399554156831891,1.6344086021505375,False,True,False,True,True,True,True,True,True,False,,False,17,1,1
Mono,overall,50,0.9,0.01,3000,75,250,500,155,155,118,149,0.0538730393760438,0.1206609793428824,0.0209467951403435,1.363049853372434,2.797695852534562,False,True,False,True,True,True,True,True,True,False,,True,20,2,2
Mono,overall,50,0.9,0.01,3000,75,500,1000,165,165,150,160,0.0335224376731301,0.1989661030430008,0.0369549150036954,3.068920916481892,2.708351810790836,False,True,True,True,True,True,True,True,True,False,,True,22,4,4
Mono,overall,50,0.9,0.01,3000,75,1000,1951,166,166,165,165,0.0093216083836993,0.2776487067011406,0.0712303760496531,6.381672143117926,2.508433734939759,False,True,True,True,True,True,True,True,True,False,,True,22,8,5
Mono,overall,50,0.9,0.01,3000,100,100,197,120,120,79,103,0.0721608508538691,0.0305429292929292,0.0137955182072829,0.2647759103641456,1.1607843137254903,False,True,False,True,True,True,True,True,True,False,,False,17,1,1
Mono,overall,50,0.9,0.01,3000,100,250,500,155,155,117,150,0.0633231184166735,0.1238592273137126,0.0209467951403435,1.3203183912861332,2.627859237536657,False,True,False,True,True,True,True,True,True,False,,True,20,2,2
Mono,overall,50,0.9,0.01,3000,100,500,1000,166,166,152,161,0.0523633662409879,0.1994533737133157,0.0365096750638919,3.0721066082511865,2.7673603504928805,False,True,True,True,True,True,True,True,True,False,,True,22,4,4
Mono,overall,50,0.9,0.01,3000,100,1000,1951,167,167,166,166,0.0062325303346097,0.2790380304241649,0.0703773176538489,6.316463458624919,2.516124377750523,False,True,True,True,True,True,True,True,True,False,,True,22,8,5
Mono,overall,50,0.9,0.01,4000,10,100,200,45,45,43,43,-7.384215500946332e-05,0.2509723943831271,0.101010101010101,2.494949494949495,2.5171717171717174,False,False,False,True,True,False,True,True,True,False,,False,9,0,0
Mono,overall,50,0.9,0.01,4000,10,250,338,47,47,47,45,-0.0205758324850952,0.4511153389152249,0.156336725254394,4.359389454209066,2.13691026827012,False,False,False,True,True,False,True,True,True,False,,False,9,1,1
Mono,overall,50,0.9,0.01,4000,10,500,320,47,47,47,45,-0.0114053619033247,0.3996114310842388,0.1480111008325624,4.176688251618871,2.1766882516188715,False,False,False,True,True,False,True,True,True,False,,False,9,1,0
Mono,overall,50,0.9,0.01,4000,10,1000,337,47,47,46,45,-0.0236686390532544,0.4497477700497539,0.1558741905642923,4.28677150786309,2.0777058279370952,False,False,False,True,True,False,True,True,True,False,,False,9,1,1
Mono,overall,50,0.9,0.01,4000,25,100,200,89,89,68,84,0.0423834314169307,0.0554523503961706,0.0255362614913176,0.8614657814096016,2.325076608784474,False,True,False,True,True,False,True,True,True,False,,True,13,0,0
Mono,overall,50,0.9,0.01,4000,25,250,500,96,96,92,94,0.0311987124990339,0.2489110040960369,0.0548245614035087,2.823684210526316,2.7519736842105265,False,True,True,True,True,False,True,True,True,False,,True,15,2,1
Mono,overall,50,0.9,0.01,4000,25,500,1000,97,97,97,95,-0.0014206441524761,0.3064841954236901,0.1073883161512027,6.436963058419244,2.292310996563574,False,True,True,True,True,False,True,True,True,False,,True,16,5,3
Mono,overall,50,0.9,0.01,4000,25,1000,1428,97,97,97,95,-0.0035037516945295,0.3967689040445684,0.1533505154639175,9.104059278350515,2.057023195876289,False,True,True,True,True,False,True,True,True,False,,True,15,7,3
Mono,overall,50,0.9,0.01,4000,50,100,200,121,121,87,107,0.0443522135416666,0.0468919848215194,0.0137741046831955,0.2207300275482093,0.9331955922865014,False,True,False,True,True,True,True,True,True,False,,False,16,1,1
Mono,overall,50,0.9,0.01,4000,50,250,500,148,148,121,146,0.0240935907984804,0.100343870941697,0.0229821658393086,1.594180915609487,3.02426916712631,False,True,True,True,True,True,True,True,True,False,,True,20,2,2
Mono,overall,50,0.9,0.01,4000,50,500,1000,151,151,141,151,0.0253019316264667,0.1693717240702069,0.0441501103752759,3.83121412803532,2.7444150110375274,False,True,True,True,True,True,True,True,True,False,,True,22,5,2
Mono,overall,50,0.9,0.01,4000,50,1000,2000,155,155,153,155,0.0014290669441553,0.2708004558023896,0.0837871805613741,7.7262253875157105,2.378299120234604,False,True,True,True,True,True,True,True,True,False,,True,22,7,4
Mono,overall,50,0.9,0.01,4000,75,100,197,124,124,84,106,0.0743120293384843,0.0587724972687022,0.0129163388408077,0.1770259638080251,0.8366771570941516,False,False,False,True,True,True,True,True,True,False,,False,15,1,1
Mono,overall,50,0.9,0.01,4000,75,250,500,164,164,131,158,0.0547504587235934,0.0847353334869381,0.018704174771809,1.3812284901990124,3.1291336226245696,False,True,True,True,True,True,True,True,True,False,,True,22,2,2
Mono,overall,50,0.9,0.01,4000,75,500,1000,171,171,157,170,0.0507186330414519,0.1454732600110252,0.0343997248022015,3.3034743722050224,2.85218438252494,False,True,True,True,True,True,True,True,True,False,,True,23,6,3
Mono,overall,50,0.9,0.01,4000,75,1000,2000,172,172,168,172,0.0189461998619959,0.2188126564754602,0.0679994560043519,6.949442404460764,2.474636202910377,False,True,True,True,True,True,True,True,True,False,,True,23,9,6
Mono,overall,50,0.9,0.01,4000,100,100,197,126,126,86,108,0.0802682209144409,0.0592190411518142,0.0125079365079365,0.1791746031746031,0.8483809523809523,False,False,False,True,True,True,True,True,True,False,,False,15,1,1
Mono,overall,50,0.9,0.01,4000,100,250,500,164,164,132,158,0.0592548846980269,0.0891884123299817,0.018704174771809,1.378123597186892,3.1548331587610354,False,True,True,True,True,True,True,True,True,False,,True,22,2,2
Mono,overall,50,0.9,0.01,4000,100,500,1000,172,172,152,171,0.0452437673130193,0.1656048560091592,0.0339997280021759,3.081327349381205,2.671358629130967,False,True,True,True,True,True,True,True,True,False,,True,23,4,2
Mono,overall,50,0.9,0.01,4000,100,1000,2000,172,172,170,172,0.0251170923304131,0.2283994987546261,0.0679994560043519,6.886270909832722,2.5098939208486333,False,True,True,True,True,True,True,True,True,False,,True,23,8,5
Mono,overall,50,0.9,0.02,2000,10,100,163,35,35,35,33,0.0119079332942618,0.4377707073505393,0.1369747899159664,2.453781512605042,2.4159663865546217,False,False,False,True,False,False,False,False,True,False,,False,6,0,0
Mono,overall,50,0.9,0.02,2000,10,250,159,33,33,33,31,0.0244449624147776,0.3930152219485178,0.1505681818181818,2.5681818181818183,2.279356060606061,False,False,False,True,False,False,False,False,True,False,,False,6,0,0
Mono,overall,50,0.9,0.02,2000,10,500,164,34,34,34,32,0.0171929065743944,0.3947159565580619,0.1461675579322638,2.5686274509803924,2.2816399286987523,False,False,False,True,False,False,False,False,True,False,,False,6,0,0
Mono,overall,50,0.9,0.02,2000,10,1000,163,34,34,34,32,0.0184087791495198,0.3947109478069231,0.1452762923351158,2.553475935828877,2.285204991087344,False,False,False,True,False,False,False,False,True,False,,False,6,0,0
Mono,overall,50,0.9,0.02,2000,25,100,200,72,72,57,69,0.0582292750607006,0.1418735970819303,0.0391236306729264,1.3687402190923317,2.8157276995305165,False,True,False,True,True,False,False,False,True,False,,False,12,0,0
Mono,overall,50,0.9,0.02,2000,25,250,500,75,75,72,75,0.020989509227208,0.4064972483492045,0.09009009009009,3.522702702702703,2.39009009009009,False,True,False,True,True,False,False,False,True,False,,False,13,1,1
Mono,overall,50,0.9,0.02,2000,25,500,602,74,74,74,74,0.0156602884343481,0.4613903678169733,0.1114402073306183,4.4241021843761565,2.424102184376157,False,True,False,True,True,False,False,False,True,False,,False,13,1,1
Mono,overall,50,0.9,0.02,2000,25,1000,612,76,76,76,75,-0.0018251322648888,0.4074509103057337,0.1073684210526315,4.368947368421052,2.406491228070176,False,True,False,True,True,False,False,False,True,False,,False,13,1,1
Mono,overall,50,0.9,0.02,2000,50,100,200,95,95,71,90,0.0578101514625968,0.0886016322858428,0.0223964165733482,0.8717805151175811,2.765509518477044,False,True,True,True,True,True,False,False,True,False,,False,14,0,0
Mono,overall,50,0.9,0.02,2000,50,250,500,104,104,90,102,0.0374681122448979,0.2705708453052993,0.0466766243465272,2.2932225541448843,2.445761762509336,False,True,True,True,True,True,False,False,True,False,,False,16,1,1
Mono,overall,50,0.9,0.02,2000,50,500,882,111,111,110,108,0.0136024973985432,0.3887634411618098,0.0722358722358722,4.012366912366913,2.5076167076167075,False,True,True,True,True,True,True,False,True,False,,False,17,1,1
Mono,overall,50,0.9,0.02,2000,50,1000,929,112,112,112,109,0.0114596966091611,0.3573099362105431,0.0747265122265122,4.2486325611325615,2.509009009009009,False,True,True,True,True,True,True,True,True,False,,False,18,1,1
Mono,overall,50,0.9,0.02,2000,75,100,198,96,96,70,91,0.1074979844127922,0.0795062576312576,0.0217105263157894,0.750328947368421,2.769736842105264,False,True,True,True,True,True,False,False,True,False,,False,14,0,0
Mono,overall,50,0.9,0.02,2000,75,250,496,110,110,96,105,0.0848029798877956,0.2457336922898358,0.0413678065054211,2.112844036697248,2.575729774812344,False,True,True,True,True,True,False,False,True,False,,False,16,1,1
Mono,overall,50,0.9,0.02,2000,75,500,890,119,119,118,114,0.0119872646044963,0.3572137089763446,0.0633812847172767,3.643142002563737,2.6144423871243414,False,True,True,True,True,True,True,False,True,False,,False,19,3,3
Mono,overall,50,0.9,0.02,2000,75,1000,940,119,119,119,114,0.0085746768069973,0.3671217268409403,0.066942031049708,3.820253525138869,2.6071784646061813,False,True,True,True,True,True,True,False,True,False,,False,19,3,3
Mono,overall,50,0.9,0.02,2000,100,100,199,97,97,70,91,0.1016303860969273,0.1236028576234761,0.0213702749140893,0.7507517182130584,2.775665807560137,False,True,True,True,True,True,False,False,True,False,,False,15,0,0
Mono,overall,50,0.9,0.02,2000,100,250,500,114,114,99,109,0.0866532003534907,0.2324027142515912,0.0388138487812451,2.0051234280391244,2.5454898307716194,False,True,True,True,True,True,False,False,True,False,,False,18,2,2
Mono,overall,50,0.9,0.02,2000,100,500,891,119,119,118,114,0.017147819610079,0.3539039134896106,0.0634524996439253,3.636590229312064,2.614299957271044,False,True,True,True,True,True,True,False,True,False,,False,19,3,3
Mono,overall,50,0.9,0.02,2000,100,1000,940,119,119,119,114,0.00983170535371,0.3646083209396004,0.066942031049708,3.84090585386697,2.6058253809998577,False,True,True,True,True,True,True,False,True,False,,False,19,3,3
Mono,overall,50,0.9,0.02,3000,10,100,179,35,35,35,33,0.0508137119113573,0.4609714674730155,0.1504201680672268,2.7630252100840336,2.231932773109244,False,False,False,True,False,False,False,False,True,False,,False,5,0,0
Mono,overall,50,0.9,0.02,3000,10,250,184,35,35,35,33,0.0445993756503642,0.4619924765391373,0.1546218487394958,2.8605042016806723,2.209243697478992,False,False,False,True,False,False,False,False,True,False,,False,5,0,0
Mono,overall,50,0.9,0.02,3000,10,500,184,35,35,35,33,0.0445993756503642,0.4619924765391373,0.1546218487394958,2.8605042016806723,2.209243697478992,False,False,False,True,False,False,False,False,True,False,,False,5,0,0
Mono,overall,50,0.9,0.02,3000,10,1000,194,36,36,36,34,0.0456524894759762,0.4831892264941799,0.1539682539682539,3.0063492063492063,2.3095238095238093,False,False,False,True,False,False,False,False,True,False,,False,5,0,0
Mono,overall,50,0.9,0.02,3000,25,100,200,79,79,66,76,0.0995390861084826,0.1165104937256835,0.0324569944823109,1.0910418695228823,3.1728334956183057,False,True,False,True,True,False,False,False,True,False,,False,11,0,0
Mono,overall,50,0.9,0.02,3000,25,250,500,85,85,79,84,0.0584225128814902,0.2481297051421462,0.0700280112044818,3.2483193277310924,2.522549019607843,False,True,False,True,True,False,True,False,True,False,,False,12,0,0
Mono,overall,50,0.9,0.02,3000,25,500,884,84,84,84,83,0.0376564900452463,0.4334856594048329,0.1267928858290304,5.884107860011475,2.2531554790590933,False,True,False,True,True,False,True,False,True,False,,False,11,2,2
Mono,overall,50,0.9,0.02,3000,25,1000,895,85,85,85,84,0.0422052389259058,0.4264764255496632,0.1253501400560224,5.907983193277311,2.257282913165266,False,True,False,True,True,False,True,False,True,False,,False,12,2,2
Mono,overall,50,0.9,0.02,3000,50,100,199,107,107,79,90,0.0549256739732929,0.0566688244258337,0.0175454064538882,0.3007406101216716,1.1697231528830894,False,True,False,True,True,True,True,False,True,False,,True,17,0,0
Mono,overall,50,0.9,0.02,3000,50,250,500,129,129,103,127,0.0639113311155132,0.136720582381417,0.0302810077519379,1.84968507751938,2.535186531007752,False,True,False,True,True,True,True,True,True,False,,True,19,1,1
Mono,overall,50,0.9,0.02,3000,50,500,1000,132,132,121,130,0.0431549695073341,0.2585275105537151,0.0578302105019662,3.989590562109646,2.3975826972010177,False,True,False,True,True,True,True,True,True,False,,True,19,2,2
Mono,overall,50,0.9,0.02,3000,50,1000,1602,132,132,132,130,0.0091298167135378,0.3758128254973986,0.0926439972241499,6.664642609299098,2.3041290770298404,False,True,False,True,True,True,True,True,True,False,,True,19,5,5
Mono,overall,50,0.9,0.02,3000,75,100,198,118,118,85,101,0.0085125448028673,0.0326529873140042,0.014341590612777,0.1831812255541069,0.7740112994350282,False,True,False,True,True,True,False,False,True,False,,True,17,0,0
Mono,overall,50,0.9,0.02,3000,75,250,500,139,139,117,135,0.0352592714781967,0.13699265751708,0.026066103638828,1.6978938588259826,2.91726618705036,False,True,True,True,True,True,True,True,True,False,,True,22,2,2
Mono,overall,50,0.9,0.02,3000,75,500,1000,150,150,139,147,0.0385626321560028,0.2028646987686209,0.0447427293064877,3.4097986577181207,2.638702460850112,False,True,True,True,True,True,True,True,True,False,,True,22,5,5
Mono,overall,50,0.9,0.02,3000,75,1000,1726,151,151,150,148,-0.0034680709127524,0.3490993828966502,0.0762030905077262,5.925430463576159,2.4124061810154527,False,True,True,True,True,True,True,True,True,False,,True,22,7,7
Mono,overall,50,0.9,0.02,3000,100,100,198,114,114,83,92,0.0844601214971585,0.0335440874914559,0.015370284117373,0.175749107281478,0.5992858251824251,False,True,False,True,True,True,True,False,True,False,,True,18,0,0
Mono,overall,50,0.9,0.02,3000,100,250,500,139,139,115,135,0.0904653354878424,0.1319168382134727,0.026066103638828,1.638254613700344,2.6775622979876967,False,True,True,True,True,True,True,True,True,False,,True,22,2,2
Mono,overall,50,0.9,0.02,3000,100,500,1000,147,147,134,143,0.0511544775260373,0.2267113824782426,0.0465939800577765,3.420743639921722,2.4355139316000374,False,True,True,True,True,True,True,True,True,False,,True,22,4,4
Mono,overall,50,0.9,0.02,3000,100,1000,1724,150,150,149,147,0.0109768479032042,0.3533081871744023,0.0771364653243847,5.971946308724832,2.4013422818791947,False,True,True,True,True,True,True,True,True,False,,True,22,7,7
Mono,overall,50,0.9,0.02,4000,10,100,200,41,41,38,40,0.0502355574860503,0.3597314726854861,0.1219512195121951,2.619512195121952,2.173780487804878,False,False,False,True,True,False,False,False,True,False,,True,9,2,2
Mono,overall,50,0.9,0.02,4000,10,250,169,38,38,38,36,0.0112606095679012,0.388806057746501,0.1201991465149359,2.323613086770981,2.4054054054054053,False,False,False,False,True,False,False,True,True,False,,False,7,0,0
Mono,overall,50,0.9,0.02,4000,10,500,168,38,38,38,36,0.0118587706000293,0.3854434846470858,0.1194879089615931,2.2809388335704126,2.423186344238976,False,False,False,False,True,False,False,True,True,False,,False,7,0,0
Mono,overall,50,0.9,0.02,4000,10,1000,166,37,37,36,35,0.013935727038286,0.4044623347254926,0.1246246246246246,2.358108108108108,2.22972972972973,False,False,False,False,True,False,False,False,True,False,,False,6,0,0
Mono,overall,50,0.9,0.02,4000,25,100,198,82,82,60,81,0.0453686200378071,0.1383353773597676,0.029810298102981,0.8074375188196327,3.091990364348088,False,True,False,True,True,False,False,True,True,False,,True,13,0,0
Mono,overall,50,0.9,0.02,4000,25,250,500,92,92,77,92,0.0551849513950258,0.1846808393680789,0.0597228858098423,3.040850453893932,2.260989010989011,False,True,False,True,True,False,True,True,True,False,,True,13,2,2
Mono,overall,50,0.9,0.02,4000,25,500,1000,93,93,90,93,0.0428147743913475,0.3964383911727722,0.1168770453482936,6.266947171575502,2.206638616175783,False,True,False,True,True,False,True,True,True,False,,True,14,5,5
Mono,overall,50,0.9,0.02,4000,25,1000,1173,93,93,93,93,0.0372095294801015,0.4441870073876028,0.1370967741935483,7.395278167367929,2.18291257597008,False,True,False,True,True,False,True,True,True,False,,True,14,5,5
Mono,overall,50,0.9,0.02,4000,50,100,199,115,115,76,102,0.0522521765908009,0.0935231193926846,0.0151792524790236,0.2495041952707856,1.3501144164759726,False,True,False,True,True,True,True,False,True,False,,True,17,0,0
Mono,overall,50,0.9,0.02,4000,50,250,500,145,145,111,142,0.0506600024509374,0.125638994221678,0.0239463601532567,1.4830459770114943,2.4848180076628354,False,True,False,True,True,True,True,True,True,False,,True,20,0,0
Mono,overall,50,0.9,0.02,4000,50,500,1000,146,146,129,145,0.0386179281807915,0.21006368905673,0.0472366556447803,3.7,2.409163911195088,False,True,False,True,True,True,True,True,True,False,,True,20,3,3
Mono,overall,50,0.9,0.02,4000,50,1000,2000,147,147,147,147,0.011940350299137,0.3348336428439042,0.093187960115553,7.941897306867952,2.3148821172304537,False,True,False,True,True,True,True,True,True,False,,True,19,6,5
Mono,overall,50,0.9,0.02,4000,75,100,198,122,122,85,101,0.0393218387653847,0.0758640266836988,0.0134128166915052,0.2277469177618209,1.2038341688118142,False,True,False,True,True,True,True,False,True,False,,True,17,0,0
Mono,overall,50,0.9,0.02,4000,75,250,499,156,156,122,148,0.0670254054727696,0.0899656639098569,0.0206368899917287,1.4135235732009923,2.788089330024814,False,True,True,True,True,True,True,True,True,False,,True,23,1,1
Mono,overall,50,0.9,0.02,4000,75,500,1000,167,167,142,165,0.0575967869697985,0.1802294647707697,0.0360724334463602,3.028352932688839,2.5250703412452205,False,True,True,True,True,True,True,True,True,False,,True,23,4,4
Mono,overall,50,0.9,0.02,4000,75,1000,2000,171,171,167,171,0.020724912556439,0.2745425107544321,0.0687994496044031,6.500275197798418,2.4393188854489165,False,True,True,True,True,True,True,True,True,False,,True,23,7,6
Mono,overall,50,0.9,0.02,4000,100,100,198,121,121,83,102,0.1111984900912236,0.043890452981362,0.0136363636363636,0.181267217630854,0.8787878787878788,False,True,False,True,True,True,True,False,True,False,,True,16,0,0
Mono,overall,50,0.9,0.02,4000,100,250,500,158,158,126,151,0.1011865163425009,0.120413751402112,0.0201564137708618,1.3264129646053373,2.731798758364912,False,True,True,True,True,True,True,True,True,False,,True,22,0,0
Mono,overall,50,0.9,0.02,4000,100,500,1000,167,167,143,164,0.0976104678638941,0.1674150088626469,0.0360724334463602,3.026332876415843,2.5738402712647,False,True,True,True,True,True,True,True,True,False,,True,22,5,5
Mono,overall,50,0.9,0.02,4000,100,1000,2000,171,171,167,171,0.0469130365981266,0.2692511131998749,0.0687994496044031,6.501410388716891,2.439559683522532,False,True,True,True,True,True,True,True,True,False,,True,23,7,6
Mono,overall,50,0.9,0.03,2000,10,100,160,32,32,32,32,-0.00730124391563,0.5126540354747591,0.1612903225806451,2.8356854838709675,2.3891129032258065,False,False,False,True,False,False,False,False,True,False,,False,6,0,0
Mono,overall,50,0.9,0.03,2000,10,250,133,29,29,29,29,0.025460738929164,0.4830456899422416,0.1637931034482758,2.681034482758621,2.3805418719211824,False,False,False,True,False,False,False,False,True,False,,False,6,0,0
Mono,overall,50,0.9,0.03,2000,10,500,132,29,29,29,29,0.0259878960484158,0.4818962646548853,0.1625615763546798,2.65024630541872,2.3830049261083746,False,False,False,True,False,False,False,False,True,False,,False,6,0,0
Mono,overall,50,0.9,0.03,2000,10,1000,133,29,29,29,29,0.0045855533234343,0.4830456899422417,0.1637931034482758,2.681034482758621,2.3805418719211824,False,False,False,True,False,False,False,False,True,False,,False,6,0,0
Mono,overall,50,0.9,0.03,2000,25,100,200,71,71,60,67,0.0496983625395001,0.1821524328566582,0.0402414486921529,1.359959758551308,2.736217303822938,False,True,False,True,False,False,False,False,True,False,,False,13,0,0
Mono,overall,50,0.9,0.03,2000,25,250,483,71,71,70,67,0.0283856974806391,0.3790546523816691,0.0971830985915492,3.601408450704225,2.346881287726358,False,True,False,True,False,False,False,False,True,False,,False,13,1,1
Mono,overall,50,0.9,0.03,2000,25,500,566,71,71,71,67,0.0157159735349716,0.4333236970853644,0.1138832997987927,4.190342052313883,2.2688128772635814,False,True,False,True,False,False,False,False,True,False,,False,13,1,1
Mono,overall,50,0.9,0.03,2000,25,1000,566,71,71,71,67,0.0172471644612476,0.4346204947102173,0.1138832997987927,4.182897384305835,2.275452716297787,False,True,False,True,False,False,False,False,True,False,,False,13,1,1
Mono,overall,50,0.9,0.03,2000,50,100,199,85,85,62,78,0.1056848287529126,0.102256828139181,0.0278711484593837,0.9869747899159664,2.5827731092436976,False,True,False,True,False,True,False,False,True,False,,False,13,0,0
Mono,overall,50,0.9,0.03,2000,50,250,486,94,94,84,88,0.0959750566893423,0.2545395211454688,0.0555936856554564,2.545527339281629,2.3312743079386866,False,True,False,True,False,True,False,False,True,False,,False,14,0,0
Mono,overall,50,0.9,0.03,2000,50,500,805,98,98,97,92,0.0313360372155459,0.4056183115185453,0.0846833578792341,4.075952030296655,2.322848727119714,False,True,False,True,False,True,False,False,True,False,,False,14,1,1
Mono,overall,50,0.9,0.03,2000,50,1000,795,97,97,96,91,0.0330112905139603,0.4042426010378228,0.0853737113402061,4.0382302405498285,2.328608247422681,False,True,False,True,False,True,False,False,True,False,,False,14,1,1
Mono,overall,50,0.9,0.03,2000,75,100,196,87,87,65,77,0.1341326463205179,0.1009852216748768,0.0261962042234696,0.8942796043838546,2.55105586741513,False,True,True,True,False,True,False,False,True,False,,False,14,0,0
Mono,overall,50,0.9,0.03,2000,75,250,488,105,105,92,97,0.0790511525453897,0.2286054609438196,0.0446886446886446,2.1476190476190475,2.4284798534798533,False,True,True,True,False,True,False,False,True,False,,False,17,1,1
Mono,overall,50,0.9,0.03,2000,75,500,829,108,108,107,102,0.0252660598980945,0.3746307433026004,0.0717376254759432,3.618293527172032,2.5678435444790586,False,True,True,True,False,True,False,False,True,False,,False,17,3,3
Mono,overall,50,0.9,0.03,2000,75,1000,820,106,106,105,99,0.0328061929416255,0.3609332720574197,0.0736747529200359,3.6378256963162623,2.536208445642408,False,True,True,True,False,True,False,False,True,False,,False,17,3,3
Mono,overall,50,0.9,0.03,2000,100,100,196,85,85,63,76,0.1521832474567314,0.1245609292668115,0.0274509803921568,0.9249299719887956,2.711624649859944,False,True,True,True,False,True,False,False,True,False,,False,14,0,0
Mono,overall,50,0.9,0.03,2000,100,250,487,103,103,91,95,0.0943827895351526,0.2253009385314816,0.0463544641157433,2.16076527698458,2.3997715591090807,False,True,True,True,False,True,False,False,True,False,,False,17,1,1
Mono,overall,50,0.9,0.03,2000,100,500,817,106,106,105,99,0.0373694442201999,0.3668366353782721,0.0734052111410602,3.602785265049416,2.540251572327044,False,True,True,True,False,True,False,False,True,False,,False,17,3,3
Mono,overall,50,0.9,0.03,2000,100,1000,825,107,107,106,100,0.0370662545097526,0.3718047754171102,0.0727384940927526,3.592311761594075,2.5433785928407686,False,True,True,True,False,True,False,False,True,False,,False,17,3,3
Mono,overall,50,0.9,0.03,3000,10,100,154,31,31,30,29,0.056064,0.5015686115431447,0.1655913978494623,2.729032258064516,2.075268817204301,False,False,False,False,True,False,False,False,True,False,,False,5,0,0
Mono,overall,50,0.9,0.03,3000,10,250,159,32,32,31,30,0.0492900985801971,0.4970901311773023,0.1602822580645161,2.700604838709677,2.0826612903225805,False,False,False,False,True,False,False,False,True,False,,False,5,0,0
Mono,overall,50,0.9,0.03,3000,10,500,158,31,31,30,28,0.0489490978981957,0.5104608977249544,0.1698924731182795,2.79247311827957,1.927956989247312,False,False,False,False,True,False,False,False,True,False,,False,5,0,0
Mono,overall,50,0.9,0.03,3000,10,1000,158,31,31,30,29,0.0275900551801103,0.5069160036452556,0.1698924731182795,2.813978494623656,2.0236559139784944,False,False,False,False,True,False,False,False,True,False,,False,5,0,0
Mono,overall,50,0.9,0.03,3000,25,100,200,79,79,61,77,0.0717896274653031,0.1356135425755678,0.0324569944823109,0.9305420318078546,2.4159363842908146,False,True,False,True,True,False,True,False,True,False,,True,12,0,0
Mono,overall,50,0.9,0.03,3000,25,250,500,84,84,76,81,0.0627577550654473,0.3049440630564519,0.0717154331612163,3.0870625358577164,2.2243258749282844,False,True,False,True,True,False,True,False,True,False,,True,13,1,1
Mono,overall,50,0.9,0.03,3000,25,500,880,85,85,84,84,0.0323169922911269,0.480475755681384,0.1232492997198879,5.522689075630252,2.16890756302521,False,True,False,True,True,False,True,False,True,False,,True,13,4,3
Mono,overall,50,0.9,0.03,3000,25,1000,892,85,85,84,84,0.0304600126010114,0.482054532241744,0.1249299719887955,5.553081232492997,2.160224089635854,False,True,False,True,True,False,True,False,True,False,,True,13,3,1
Mono,overall,50,0.9,0.03,3000,50,100,199,102,102,72,94,0.0566072807343647,0.1004579842815136,0.0193166375461075,0.4840807610172782,1.792079207920792,False,True,False,True,True,True,False,False,True,False,,True,14,0,0
Mono,overall,50,0.9,0.03,3000,50,250,500,124,124,104,121,0.0574577805017021,0.1826165117772441,0.032782585890375,1.8583136637817992,2.6625360608444795,False,True,False,True,True,True,True,True,True,False,,True,18,0,0
Mono,overall,50,0.9,0.03,3000,50,500,1000,127,127,120,125,0.0193674561655572,0.3019127231108258,0.0624921884764404,4.008498937632796,2.46875390576178,False,True,False,True,True,True,True,True,True,False,,True,18,3,2
Mono,overall,50,0.9,0.03,3000,50,1000,1493,127,127,126,125,-0.0013176336520582,0.4033463158177494,0.0933008373953255,6.105799275090614,2.3079615048118987,False,True,False,True,True,True,True,True,True,False,,True,18,4,2
Mono,overall,50,0.9,0.03,3000,75,100,196,106,106,80,93,0.0795634387410791,0.0899983140549178,0.0176100628930817,0.4338724168912848,1.6516621743036837,False,True,True,True,True,True,True,False,True,False,,True,16,0,0
Mono,overall,50,0.9,0.03,3000,75,250,500,133,133,108,128,0.1029595644813789,0.161011920274483,0.0284802916381863,1.6559011164274322,2.6220665299612667,False,True,True,True,True,True,True,True,True,False,,True,21,1,1
Mono,overall,50,0.9,0.03,3000,75,500,1000,141,141,127,139,0.0480688404481089,0.2547476695166376,0.0506585612968591,3.473302938196555,2.438196555217832,False,True,True,True,True,True,True,True,True,False,,True,21,5,4
Mono,overall,50,0.9,0.03,3000,75,1000,1620,142,142,141,139,0.0195901852162965,0.369887286309793,0.0809109979023074,5.74368194985516,2.402457296973329,False,True,True,True,True,True,True,True,True,False,,True,21,6,4
Mono,overall,50,0.9,0.03,3000,100,100,197,106,106,78,94,0.1022126668458299,0.0719236738104662,0.0176999101527403,0.4324348607367475,1.7147349505840073,False,True,True,True,True,True,True,False,True,False,,True,16,0,0
Mono,overall,50,0.9,0.03,3000,100,250,500,133,133,107,128,0.1213669846636879,0.1578223798616194,0.0284802916381863,1.6562428799270903,2.58794714057872,False,True,True,True,True,True,True,True,True,False,,True,21,1,1
Mono,overall,50,0.9,0.03,3000,100,500,1000,140,140,127,138,0.0597624065663887,0.274357449399835,0.0513874614594039,3.5311408016443986,2.4800616649537512,False,True,True,True,True,True,True,True,True,False,,True,21,4,3
Mono,overall,50,0.9,0.03,3000,100,1000,1623,141,141,140,139,0.0276192043895747,0.3767247407505897,0.0822188449848024,5.8246707193515705,2.4199594731509624,False,True,True,True,True,True,True,True,True,False,,True,21,5,3
Mono,overall,50,0.9,0.03,4000,10,100,190,34,34,33,33,0.0279708636836628,0.4361540033753656,0.1693404634581105,3.283422459893048,2.120320855614973,False,False,False,True,True,False,False,False,True,False,,False,6,1,0
Mono,overall,50,0.9,0.03,4000,10,250,238,36,36,36,34,0.0384227765180146,0.4980386565851187,0.1888888888888888,3.665079365079365,2.052380952380952,False,False,False,True,True,False,False,False,True,False,,False,6,1,0
Mono,overall,50,0.9,0.03,4000,10,500,238,36,36,36,34,0.044161697600851,0.4991618162867097,0.1888888888888888,3.6666666666666665,2.0539682539682538,False,False,False,True,True,False,False,False,True,False,,False,6,1,0
Mono,overall,50,0.9,0.03,4000,10,1000,238,36,36,36,34,0.0385207580974776,0.4966279682815668,0.1888888888888888,3.684920634920634,2.052380952380952,False,False,False,True,True,False,False,False,True,False,,False,6,1,0
Mono,overall,50,0.9,0.03,4000,25,100,200,84,84,64,77,0.0487574709027996,0.1003306878306878,0.0286861732644865,0.8822432587492829,2.454962707974756,False,True,False,True,True,False,True,True,True,False,,True,14,1,0
Mono,overall,50,0.9,0.03,4000,25,250,500,95,95,84,95,0.052813750527861,0.2115135839577606,0.0559910414333706,2.8494960806270995,2.5743561030235163,False,True,False,True,True,False,True,True,True,False,,True,14,1,0
Mono,overall,50,0.9,0.03,4000,25,500,1000,96,96,92,95,0.0344834183673469,0.3881187799991812,0.1096491228070175,5.840899122807017,2.200548245614036,False,True,False,True,True,False,True,True,True,False,,True,14,4,3
Mono,overall,50,0.9,0.03,4000,25,1000,1281,96,96,96,95,0.0301373490174869,0.4481543427312611,0.1404605263157894,7.648574561403507,2.1523026315789475,False,True,False,True,True,False,True,True,True,False,,True,14,5,4
Mono,overall,50,0.9,0.03,4000,50,100,200,113,113,84,95,0.0412516976007243,0.0590483754200568,0.0158027812895069,0.285161188369153,1.0956858407079646,False,True,False,True,True,True,False,False,True,False,,True,15,1,0
Mono,overall,50,0.9,0.03,4000,50,250,500,138,138,111,131,0.074556360344047,0.1365701172391171,0.0264466306992489,1.5910293028668148,2.722733523749074,False,True,False,True,True,True,True,True,True,False,,True,19,1,0
Mono,overall,50,0.9,0.03,4000,50,500,1000,145,145,130,143,0.0648108815281967,0.2167125683491993,0.0478927203065134,3.612021072796935,2.5036877394636017,False,True,False,True,True,True,True,True,True,False,,True,19,3,1
Mono,overall,50,0.9,0.03,4000,50,1000,1981,148,148,144,145,0.0173570791383474,0.3467037590457462,0.091055341055341,7.328277256848685,2.2154807869093585,False,True,False,True,True,True,True,True,True,False,,True,19,4,2
Mono,overall,50,0.9,0.03,4000,75,100,198,114,114,82,99,0.1398861140016187,0.0587938864254653,0.015370284117373,0.3990839931687626,1.9642912591212545,False,True,True,True,True,True,True,False,True,False,,True,18,1,0
Mono,overall,50,0.9,0.03,4000,75,250,499,149,149,119,141,0.0967580616563845,0.1311874561933735,0.0226283330310175,1.4567839651732268,2.9410484309813167,False,True,True,True,True,True,True,True,True,False,,True,22,2,1
Mono,overall,50,0.9,0.03,4000,75,500,1000,160,160,141,156,0.0919372465299335,0.20560599023489,0.0393081761006289,3.15310534591195,2.5750786163522013,False,True,True,True,True,True,True,True,True,False,,True,22,3,2
Mono,overall,50,0.9,0.03,4000,75,1000,2000,162,162,157,160,0.0290233720169231,0.3209560235391471,0.0766812361015259,6.654205965800169,2.318150448585232,False,True,True,True,True,True,True,True,True,False,,True,22,6,4
Mono,overall,50,0.9,0.03,4000,100,100,193,110,110,80,95,0.1383890834440285,0.0493484293484293,0.0160967472894078,0.3548790658882402,1.679482902418682,False,True,True,True,True,True,True,False,True,False,,True,17,1,0
Mono,overall,50,0.9,0.03,4000,100,250,499,150,150,118,139,0.1078940249164332,0.1358822034174975,0.0223266219239373,1.411543624161074,2.8105145413870245,False,True,True,True,True,True,True,True,True,False,,True,22,2,1
Mono,overall,50,0.9,0.03,4000,100,500,1000,160,160,141,156,0.0867581435095648,0.2043376959813814,0.0393081761006289,3.1719732704402515,2.579481132075472,False,True,True,True,True,True,True,True,True,False,,True,22,3,2
Mono,overall,50,0.9,0.03,4000,100,1000,2000,163,163,158,160,0.0315229376190316,0.3136609021588376,0.0757403620389305,6.566765129137317,2.3119745512383547,False,True,True,True,True,True,True,True,True,False,,True,22,6,4
Mono,overall,25,0.5,0.005,2000,10,100,200,43,43,43,37,0.0052654070388571,0.288744573559895,0.1107419712070874,2.6943521594684388,2.222591362126246,False,True,False,False,True,False,True,True,True,False,,False,11,1,0
Mono,overall,25,0.5,0.005,2000,10,250,242,43,43,43,37,-0.0052083333333333,0.4245612628679303,0.1339977851605758,3.1589147286821704,2.054263565891473,False,True,False,False,True,False,True,True,True,False,,False,11,1,0
Mono,overall,25,0.5,0.005,2000,10,500,242,43,43,43,37,-0.0052083333333333,0.4245612628679303,0.1339977851605758,3.1589147286821704,2.054263565891473,False,True,False,False,True,False,True,True,True,False,,False,11,1,0
Mono,overall,25,0.5,0.005,2000,10,1000,242,43,43,43,37,-0.0052083333333333,0.4245612628679303,0.1339977851605758,3.1589147286821704,2.054263565891473,False,True,False,False,True,False,True,True,True,False,,False,11,1,0
Mono,overall,25,0.5,0.005,2000,25,100,200,83,83,66,78,0.0193298969072164,0.1316156400493749,0.0293858360270349,1.0213047311196004,2.4801645606817515,False,True,False,False,True,False,True,True,True,False,,True,16,0,0
Mono,overall,25,0.5,0.005,2000,25,250,500,91,91,81,86,0.0130305354664328,0.2365571681813722,0.061050061050061,2.8683760683760684,2.305738705738705,False,True,False,False,True,False,True,True,True,False,,True,16,1,0
Mono,overall,25,0.5,0.005,2000,25,500,922,94,94,94,91,-0.0041083017847484,0.3643966462338273,0.1054678563257835,5.480324868451155,2.4036833676504235,False,True,False,False,True,False,True,True,True,False,,True,16,2,1
Mono,overall,25,0.5,0.005,2000,25,1000,922,94,94,94,91,-0.0030330990218812,0.364924006243513,0.1054678563257835,5.485358041638069,2.4036833676504235,False,True,False,False,True,False,True,True,True,False,,True,16,2,1
Mono,overall,25,0.5,0.005,2000,50,100,193,116,116,82,97,0.0546311778734135,0.055567373239787,0.0144677661169415,0.3955022488755622,1.9374812593703148,False,True,False,True,True,False,True,True,True,False,,True,18,0,0
Mono,overall,25,0.5,0.005,2000,50,250,500,139,139,113,135,0.0288046004717549,0.1142262928707457,0.026066103638828,1.7479929100198102,2.903763945365447,False,True,False,True,True,True,True,True,True,False,,True,20,2,2
Mono,overall,25,0.5,0.005,2000,50,500,1000,148,148,138,145,0.0206282548476454,0.1835305704362732,0.0459643316786173,3.573359073359073,2.7840136054421767,False,True,False,True,True,True,True,True,True,False,,True,21,4,4
Mono,overall,25,0.5,0.005,2000,50,1000,1775,152,152,152,148,-0.0062164319930323,0.3018903827100071,0.0773353084698501,6.244466713140467,2.4925496688741724,False,True,False,True,True,True,True,True,True,False,,True,21,7,6
Mono,overall,25,0.5,0.005,2000,75,100,192,122,122,84,101,0.0039612188365651,0.0488728029711636,0.0130063677008535,0.3335591383281398,1.5781059477035633,False,True,True,True,True,False,True,True,True,False,,True,20,0,0
Mono,overall,25,0.5,0.005,2000,75,250,499,156,156,122,147,0.042500680754319,0.1024820375532242,0.0206368899917287,1.4327543424317617,2.9370967741935483,False,True,True,True,True,True,True,True,True,False,,True,22,3,3
Mono,overall,25,0.5,0.005,2000,75,500,1000,167,167,153,164,0.0210909788657109,0.1578564456097653,0.0360724334463602,3.0422047471322418,2.814154822884352,False,True,True,True,True,True,True,True,True,False,,True,24,4,4
Mono,overall,25,0.5,0.005,2000,75,1000,2000,168,168,168,166,-0.001795988736149,0.2734494233552136,0.071285999429712,6.433454519532364,2.576454234388366,False,True,True,True,True,True,True,True,True,False,,True,24,10,9
Mono,overall,25,0.5,0.005,2000,100,100,192,123,123,85,102,-0.0156094182825484,0.0471269020049507,0.0127948820471811,0.3707183793149406,1.827002532320405,False,True,True,True,True,False,True,True,True,False,,True,20,0,0
Mono,overall,25,0.5,0.005,2000,100,250,500,160,160,124,148,0.0324318763422193,0.1140870598996089,0.0196540880503144,1.330935534591195,2.6033411949685537,False,True,True,True,True,True,True,True,True,False,,True,23,3,3
Mono,overall,25,0.5,0.005,2000,100,500,1000,169,169,153,166,0.0310192918149897,0.1574106092063411,0.0352211890673429,2.993730628346013,2.767399267399268,False,True,True,True,True,True,True,True,True,False,,True,24,4,4
Mono,overall,25,0.5,0.005,2000,100,1000,2000,170,170,170,168,8.080234899337981e-05,0.2657834882638618,0.0696136442742777,6.381517577445179,2.588270100939784,False,True,True,True,True,True,True,True,True,False,,True,24,10,9
Mono,overall,25,0.5,0.005,3000,10,100,200,44,44,44,39,0.0321150228433216,0.2721537461194089,0.1057082452431289,2.6580338266384778,2.3757928118393234,False,True,False,False,True,False,True,False,True,False,,False,10,1,0
Mono,overall,25,0.5,0.005,3000,10,250,295,44,44,44,39,0.0058312566749733,0.4602915963723577,0.1559196617336152,3.941331923890064,2.019027484143763,False,True,False,False,True,False,True,False,True,False,,False,10,1,0
Mono,overall,25,0.5,0.005,3000,10,500,295,44,44,44,39,0.0058312566749733,0.4602915963723576,0.1559196617336152,3.941331923890064,2.019027484143763,False,True,False,False,True,False,True,False,True,False,,False,10,1,0
Mono,overall,25,0.5,0.005,3000,10,1000,307,45,45,45,40,0.0092417559336274,0.4580125384304949,0.155050505050505,4.055555555555555,2.012121212121212,False,True,False,False,True,False,True,True,True,False,,False,11,2,0
Mono,overall,25,0.5,0.005,3000,25,100,200,82,82,64,77,0.0560157790927021,0.1591243982384585,0.0301114122252333,0.971093044263776,2.711984342065643,False,True,False,False,True,False,True,True,True,False,,True,16,0,0
Mono,overall,25,0.5,0.005,3000,25,250,500,93,93,84,91,0.0252362918881074,0.2091717060032114,0.0584385226741468,2.94109396914446,2.5877746610565686,False,True,True,False,True,False,True,True,True,False,,True,17,1,0
Mono,overall,25,0.5,0.005,3000,25,500,1000,95,95,93,93,0.0021126949049781,0.3494973000088063,0.1119820828667413,6.116797312430011,2.2501679731243,False,True,True,False,True,False,True,True,True,False,,True,17,4,2
Mono,overall,25,0.5,0.005,3000,25,1000,1201,95,95,95,92,0.0032372135693584,0.3936252243151759,0.1344904815229563,7.365957446808511,2.168756998880179,False,True,True,False,True,False,True,True,True,False,,True,17,5,2
Mono,overall,25,0.5,0.005,3000,50,100,198,119,119,83,98,0.0611456105542529,0.0711278450774249,0.0141005554764278,0.2766699900299103,1.0418031619427432,False,True,True,True,True,True,True,True,True,False,,True,20,0,0
Mono,overall,25,0.5,0.005,3000,50,250,500,143,143,119,139,0.0620486312385319,0.1269295565617529,0.0246232640598837,1.6386289766571456,2.8395548113857974,False,True,True,True,True,True,True,True,True,False,,True,20,2,2
Mono,overall,25,0.5,0.005,3000,50,500,1000,148,148,139,147,0.0221669545420583,0.171744218263747,0.0459643316786173,3.665839308696452,2.796975546975547,False,True,True,True,True,True,True,True,True,False,,True,21,5,4
Mono,overall,25,0.5,0.005,3000,50,1000,2000,151,151,151,150,0.0041973050378275,0.3055815221172795,0.0883002207505518,7.587593818984548,2.4010596026490068,False,True,True,True,True,True,True,True,True,False,,True,21,8,5
Mono,overall,25,0.5,0.005,3000,75,100,193,123,123,86,98,-0.0150489295797812,0.058192845997724,0.0128615220578435,0.2499000399840064,1.0744368919099028,False,True,True,True,True,False,True,True,True,False,,True,20,0,0
Mono,overall,25,0.5,0.005,3000,75,250,500,160,160,129,151,0.0213130129970046,0.1082384903423355,0.0196540880503144,1.3522798742138364,2.615566037735849,False,True,True,True,True,True,True,True,True,False,,True,23,2,2
Mono,overall,25,0.5,0.005,3000,75,500,1000,170,170,156,166,0.0301727895188741,0.1559473943235164,0.0348068221371388,3.006822137138879,2.753428471980508,False,True,True,True,True,True,True,True,True,False,,True,24,3,3
Mono,overall,25,0.5,0.005,3000,75,1000,2000,170,170,169,169,0.0191046767655441,0.2303567419463898,0.0696136442742777,6.773337974242952,2.541802993386704,False,True,True,True,True,True,True,True,True,False,,True,24,8,5
Mono,overall,25,0.5,0.005,3000,100,100,194,125,125,87,100,0.0244004991319444,0.054449062049062,0.012516129032258,0.2428387096774193,1.0618709677419356,False,True,True,True,True,False,True,True,True,False,,True,20,0,0
Mono,overall,25,0.5,0.005,3000,100,250,500,163,163,130,154,0.0243646803601866,0.1036483269171264,0.0189350905097326,1.320608952510793,2.61470877830796,False,True,True,True,True,True,True,True,True,False,,True,23,2,2
Mono,overall,25,0.5,0.005,3000,100,500,1000,172,172,157,169,0.0549619922560105,0.1570659537499459,0.0339997280021759,2.9684822521419827,2.77124983000136,False,True,True,True,True,True,True,True,True,False,,True,24,3,3
Mono,overall,25,0.5,0.005,3000,100,1000,2000,172,172,170,171,0.0274917791859805,0.2482676407855917,0.0679994560043519,6.577417380660955,2.501121991024072,False,True,True,True,True,True,True,True,True,False,,True,24,7,5
Mono,overall,25,0.5,0.005,4000,10,100,200,46,46,45,41,0.0209934258582907,0.2915444742810472,0.0966183574879227,2.4966183574879226,2.3768115942028984,False,True,False,False,True,False,True,True,True,False,,False,12,1,0
Mono,overall,25,0.5,0.005,4000,10,250,351,46,46,46,41,-0.0023931015387049,0.4671165018382004,0.1695652173913043,4.485507246376812,1.933333333333333,False,True,False,False,True,False,True,True,True,False,,False,12,2,0
Mono,overall,25,0.5,0.005,4000,10,500,351,46,46,46,41,-0.0023931015387049,0.4671165018382004,0.1695652173913043,4.485507246376812,1.933333333333333,False,True,False,False,True,False,True,True,True,False,,False,12,2,0
Mono,overall,25,0.5,0.005,4000,10,1000,343,48,48,48,44,0.0037914597617649,0.4248742061333515,0.1520390070921985,4.18218085106383,2.105496453900709,False,True,False,False,True,False,False,True,True,False,,False,11,1,0
Mono,overall,25,0.5,0.005,4000,25,100,199,86,86,63,81,0.0446537396121883,0.13592725104353,0.0272229822161422,0.7852257181942545,2.6109439124487004,False,True,False,False,True,False,True,True,True,False,,True,16,0,0
Mono,overall,25,0.5,0.005,4000,25,250,500,97,97,87,94,0.028152717981824,0.2038317907432813,0.0536941580756013,2.709729381443299,2.5652920962199315,False,True,True,False,True,False,True,True,True,False,,True,17,1,0
Mono,overall,25,0.5,0.005,4000,25,500,1000,97,97,96,95,0.0196599754719005,0.3369069220376213,0.1073883161512027,6.06604381443299,2.28747852233677,False,True,True,False,True,False,True,True,True,False,,True,17,2,1
Mono,overall,25,0.5,0.005,4000,25,1000,1531,97,97,97,95,0.0049934748018253,0.4674165709101192,0.1644115120274914,9.302405498281788,2.0655068728522337,False,True,True,False,True,False,True,True,True,False,,True,17,6,3
Mono,overall,25,0.5,0.005,4000,50,100,199,122,122,83,101,0.0806771625138499,0.0620047074965107,0.0134805581899471,0.3104592873594364,1.2119631486248477,False,True,True,True,True,True,True,True,True,False,,True,20,0,0
Mono,overall,25,0.5,0.005,4000,50,250,500,148,148,122,140,0.0421057929658094,0.130177973981701,0.0229821658393086,1.454954954954955,2.6508549365692224,False,True,True,True,True,True,True,True,True,False,,True,22,1,1
Mono,overall,25,0.5,0.005,4000,50,500,1000,153,153,144,152,0.0289636122272928,0.189086329776675,0.0429996560027519,3.5795063639490885,2.777433780529756,False,True,True,True,True,True,True,True,True,False,,True,22,3,2
Mono,overall,25,0.5,0.005,4000,50,1000,2000,153,153,151,153,0.0140349741984972,0.2834823624996646,0.0859993120055039,7.681630546955624,2.3742260061919507,False,True,True,True,True,True,True,True,True,False,,True,22,7,5
Mono,overall,25,0.5,0.005,4000,75,100,197,127,127,86,101,0.0182152541007812,0.0386406244673961,0.0123109611298587,0.2439695038120235,1.0381202349706289,False,True,True,True,True,True,True,True,True,False,,True,21,0,0
Mono,overall,25,0.5,0.005,4000,75,250,500,162,162,125,152,0.0085342819230552,0.0976960807048407,0.0191703090253814,1.279503105590062,2.6379112031285943,False,True,True,True,True,True,True,True,True,False,,True,23,0,0
Mono,overall,25,0.5,0.005,4000,75,500,1000,170,170,160,168,0.0086186815746564,0.1488206193295587,0.0348068221371388,3.175113122171945,2.970066132962061,False,True,True,True,True,True,True,True,True,False,,True,24,2,2
Mono,overall,25,0.5,0.005,4000,75,1000,2000,170,170,168,169,0.0118060345021885,0.2391441784176752,0.0696136442742777,6.81033762617473,2.482701009397842,False,True,True,True,True,True,True,True,True,False,,True,24,5,4
Mono,overall,25,0.5,0.005,4000,100,100,196,125,125,85,102,0.0167778862847222,0.0434181818181818,0.0126451612903225,0.2821935483870967,1.1705806451612903,False,True,True,True,True,True,True,True,True,False,,True,21,0,0
Mono,overall,25,0.5,0.005,4000,100,250,500,164,164,123,154,0.0046142456224927,0.0955949481201761,0.018704174771809,1.2198488702678438,2.555551399072273,False,True,True,True,True,True,True,True,True,False,,True,23,0,0
Mono,overall,25,0.5,0.005,4000,100,500,1000,171,171,160,169,0.0132799829114224,0.1539969507644887,0.0343997248022015,3.142758857929137,2.9457860337117303,False,True,True,True,True,True,True,True,True,False,,True,24,2,2
Mono,overall,25,0.5,0.005,4000,100,1000,2000,172,172,169,172,0.0384906544708842,0.2391289319261674,0.0679994560043519,6.668978648170815,2.5271997824017407,False,True,True,True,True,True,True,True,True,False,,True,24,5,4
Mono,overall,25,0.5,0.01,2000,10,100,191,42,42,42,39,0.007656165494862,0.3603940821820079,0.110917537746806,2.4332171893147505,2.5284552845528454,False,True,False,False,True,False,True,False,True,False,,False,9,0,0
Mono,overall,25,0.5,0.01,2000,10,250,205,42,42,42,39,0.000797495274102,0.3740178141118951,0.119047619047619,2.562717770034843,2.483159117305459,False,True,False,False,True,False,True,False,True,False,,False,9,0,0
Mono,overall,25,0.5,0.01,2000,10,500,206,42,42,42,39,0.0010080350620891,0.4017466760022477,0.1196283391405342,2.5696864111498257,2.4825783972125435,False,True,False,False,True,False,True,False,True,False,,False,9,0,0
Mono,overall,25,0.5,0.01,2000,10,1000,205,42,42,42,39,0.0017722117202268,0.4054208026577409,0.119047619047619,2.5476190476190474,2.4878048780487805,False,True,False,False,True,False,True,False,True,False,,False,9,0,0
Mono,overall,25,0.5,0.01,2000,25,100,199,85,85,66,82,0.0515232974910394,0.1169331322272499,0.0278711484593837,1.1102240896358544,3.145378151260504,False,True,False,True,True,False,True,True,True,False,,True,17,0,0
Mono,overall,25,0.5,0.01,2000,25,250,500,92,92,83,88,0.0141516180088098,0.2445507656140851,0.0597228858098423,2.8263258480649784,2.430721452460583,False,True,False,True,True,False,True,True,True,False,,True,17,3,1
Mono,overall,25,0.5,0.01,2000,25,500,926,93,93,93,88,-0.0050815212611904,0.4029498791028409,0.1082281439925198,5.326086956521739,2.247311827956989,False,True,False,True,True,False,True,True,True,False,,True,17,6,4
Mono,overall,25,0.5,0.01,2000,25,1000,973,94,94,94,90,0.0079853503244027,0.3901787994641488,0.1113017616106154,5.652139098604438,2.261153054221002,False,True,False,True,True,False,True,True,True,False,,True,18,6,3
Mono,overall,25,0.5,0.01,2000,50,100,196,111,111,80,96,0.0973155364448027,0.0976400388165094,0.016052416052416,0.6372645372645372,2.4824733824733825,False,True,False,True,True,True,True,True,True,False,,True,19,1,1
Mono,overall,25,0.5,0.01,2000,50,250,500,140,140,114,135,0.0577685503443898,0.1172792023521308,0.0256937307297019,1.693525179856115,2.799640287769784,False,True,True,True,True,True,True,True,True,False,,True,22,2,1
Mono,overall,25,0.5,0.01,2000,50,500,1000,141,141,132,139,0.030423611583816,0.2080011604096432,0.0506585612968591,3.6746200607902737,2.629787234042553,False,True,True,True,True,True,True,True,True,False,,True,22,4,2
Mono,overall,25,0.5,0.01,2000,50,1000,1625,144,144,142,140,-0.0075334351427645,0.3428038000414283,0.0789141414141414,5.8195415695415695,2.373591686091686,False,True,True,True,True,True,True,True,True,False,,True,22,7,5
Mono,overall,25,0.5,0.01,2000,75,100,199,121,121,88,102,0.0464864864864865,0.0788531245469044,0.0137052341597796,0.5489669421487603,2.426308539944904,False,True,False,True,True,True,True,True,True,False,,True,20,1,1
Mono,overall,25,0.5,0.01,2000,75,250,496,153,153,116,149,0.0572725215029425,0.1243253832447937,0.0213278293773649,1.4542913656690746,2.6886394908840727,False,True,True,True,True,True,True,True,True,False,,True,24,2,2
Mono,overall,25,0.5,0.01,2000,75,500,996,160,160,148,153,0.0493844281905179,0.194991211328594,0.0391509433962264,3.087185534591195,2.707704402515723,False,True,True,True,True,True,True,True,True,False,,True,24,6,4
Mono,overall,25,0.5,0.01,2000,75,1000,1808,161,161,159,157,0.0059026240344921,0.3074770741747207,0.0701863354037267,5.732336956521739,2.4612577639751554,False,True,True,True,True,True,True,True,True,False,,True,24,9,6
Mono,overall,25,0.5,0.01,2000,100,100,199,123,123,89,104,0.0458728999269539,0.0952502410178163,0.0132613621218179,0.554244968679195,2.674330267892843,False,True,False,True,True,True,True,True,True,False,,True,21,1,1
Mono,overall,25,0.5,0.01,2000,100,250,496,152,152,114,149,0.07727025803531,0.1334099091537401,0.0216103171836876,1.4430986406413384,2.657851167654235,False,True,True,True,True,True,True,True,True,False,,True,24,2,2
Mono,overall,25,0.5,0.01,2000,100,500,995,160,160,147,154,0.0609682670522573,0.199786355854522,0.0391116352201257,3.0687106918239,2.6391116352201256,False,True,True,True,True,True,True,True,True,False,,True,24,5,4
Mono,overall,25,0.5,0.01,2000,100,1000,1801,162,162,160,157,0.0064735149193469,0.3224446275349563,0.0690514531094241,5.602829537612147,2.4515374587838354,False,True,True,True,True,True,True,True,True,False,,True,24,9,6
Mono,overall,25,0.5,0.01,3000,10,100,200,50,50,46,47,0.0373641304347826,0.2652362800598095,0.0816326530612244,2.1975510204081634,2.527755102040816,False,True,False,False,True,False,True,True,True,False,,True,10,1,0
Mono,overall,25,0.5,0.01,3000,10,250,319,51,51,51,47,0.0078543120891751,0.3880125746893486,0.1250980392156862,3.486666666666667,2.25921568627451,False,True,False,False,True,False,True,True,True,False,,True,10,1,0
Mono,overall,25,0.5,0.01,3000,10,500,339,51,51,51,48,0.0063907551733404,0.426289143563604,0.1329411764705882,3.767843137254902,2.262745098039216,False,True,False,False,True,False,True,True,True,False,,True,10,1,0
Mono,overall,25,0.5,0.01,3000,10,1000,320,51,51,51,47,0.0069976218787158,0.3904745819839242,0.1254901960784313,3.505490196078432,2.2533333333333334,False,True,False,False,True,False,True,True,True,False,,True,10,1,0
Mono,overall,25,0.5,0.01,3000,25,100,198,91,91,68,86,0.0348867786705624,0.1164271015919367,0.0241758241758241,0.9118437118437118,2.82979242979243,False,True,False,True,True,False,True,True,True,False,,False,15,0,0
Mono,overall,25,0.5,0.01,3000,25,250,500,102,102,94,99,0.0271455526747944,0.2030102296595193,0.048534265191225,2.706853038245001,2.772956707435449,False,True,True,True,True,False,True,True,True,False,,True,18,4,2
Mono,overall,25,0.5,0.01,3000,25,500,1000,104,104,101,102,0.022924543143839,0.2976408727775513,0.0933532486930545,5.648431665421957,2.332337565347274,False,True,True,True,True,False,True,True,True,False,,True,18,8,5
Mono,overall,25,0.5,0.01,3000,25,1000,1477,103,103,103,101,0.0121365305052153,0.4130385951525749,0.1405863316200266,8.488577955454026,2.120883304778222,False,True,True,True,True,False,True,True,True,False,,True,18,10,6
Mono,overall,25,0.5,0.01,3000,50,100,198,121,121,78,111,0.0438117633884829,0.0681281528388966,0.0136363636363636,0.3127410468319559,1.518870523415978,False,True,True,True,True,True,True,True,True,False,,False,18,1,1
Mono,overall,25,0.5,0.01,3000,50,250,493,154,154,119,153,0.0250474833808167,0.1361764801986345,0.0209235209235209,1.3762838468720822,2.645021645021645,False,True,True,True,True,True,True,True,True,False,,True,21,2,2
Mono,overall,25,0.5,0.01,3000,50,500,1000,155,155,143,155,0.0369861928474422,0.1684972239550378,0.041893590280687,3.58169250104734,2.757729367406786,False,True,True,True,True,True,True,True,True,False,,True,22,5,3
Mono,overall,25,0.5,0.01,3000,50,1000,2000,159,159,158,159,0.0041910769559435,0.2715628447311022,0.0796114959000079,7.448172916169095,2.4058196003502905,False,True,True,True,True,True,True,True,True,False,,True,22,10,6
Mono,overall,25,0.5,0.01,3000,75,100,197,128,128,83,116,0.0638565586662472,0.033531746031746,0.0121186023622047,0.2701156496062992,1.320066437007874,False,True,True,True,True,True,True,True,True,False,,False,19,1,1
Mono,overall,25,0.5,0.01,3000,75,250,493,172,172,126,166,0.0389233517667336,0.103906242183875,0.0167618659050727,1.1361349109207126,2.702672378620971,False,True,True,True,True,True,True,True,True,False,,True,22,2,2
Mono,overall,25,0.5,0.01,3000,75,500,990,176,176,156,175,0.0423485366066147,0.1501963089417217,0.0321428571428571,2.983831168831169,2.783538961038961,False,True,True,True,True,True,True,True,True,False,,True,23,5,4
Mono,overall,25,0.5,0.01,3000,75,1000,2000,178,178,177,178,0.0189158047947762,0.229237930955248,0.0634799720688122,6.608106392433188,2.5306608265092363,False,True,True,True,True,True,True,True,True,False,,True,23,7,5
Mono,overall,25,0.5,0.01,3000,100,100,197,129,129,83,116,0.0600674883468214,0.0270241171403962,0.0119307170542635,0.2619912790697674,1.266896802325581,False,True,True,True,True,True,True,True,True,False,,False,19,1,1
Mono,overall,25,0.5,0.01,3000,100,250,493,170,170,125,164,0.0555454956994114,0.109224955159805,0.0171597633136094,1.1646014618865297,2.638043856595893,False,True,True,True,True,True,True,True,True,False,,True,22,2,2
Mono,overall,25,0.5,0.01,3000,100,500,990,177,177,156,176,0.0633211423182367,0.1563537107069363,0.0317796610169491,2.9378852080123266,2.788167693888033,False,True,True,True,True,True,True,True,True,False,,True,24,6,5
Mono,overall,25,0.5,0.01,3000,100,1000,2000,179,179,178,179,0.0317896340806014,0.2271966328634011,0.0627706986378758,6.566536940556149,2.53634423451133,False,True,True,True,True,True,True,True,True,False,,True,24,9,7
Mono,overall,25,0.5,0.01,4000,10,100,200,47,47,41,44,0.0483442324345307,0.2326601528663316,0.0925069380203515,2.3177613320999075,2.209990749306198,False,True,False,False,True,False,False,True,True,False,,True,8,0,0
Mono,overall,25,0.5,0.01,4000,10,250,361,49,49,49,47,0.0295102357639181,0.4212896597392424,0.1534863945578231,4.324829931972789,2.1883503401360542,False,True,False,False,True,False,False,True,True,False,,True,8,1,0
Mono,overall,25,0.5,0.01,4000,10,500,359,47,47,47,44,0.0346934911242603,0.4172516608965414,0.1660499537465309,4.611933395004625,2.074468085106383,False,True,False,False,True,False,False,True,True,False,,True,8,1,0
Mono,overall,25,0.5,0.01,4000,10,1000,361,49,49,49,47,0.0295102357639181,0.4212896597392424,0.1534863945578231,4.324829931972789,2.1883503401360542,False,True,False,False,True,False,False,True,True,False,,True,8,1,0
Mono,overall,25,0.5,0.01,4000,25,100,200,95,95,70,88,0.0340588251418546,0.081303959198696,0.0223964165733482,0.8391937290033594,2.6482642777155654,False,True,True,True,True,False,False,True,True,False,,True,17,2,2
Mono,overall,25,0.5,0.01,4000,25,250,500,102,102,92,101,0.0388115818985021,0.1835027965013395,0.048534265191225,2.800427101533683,2.9233158609978647,False,True,True,True,True,False,False,True,True,False,,True,17,2,2
Mono,overall,25,0.5,0.01,4000,25,500,1000,102,102,102,101,0.0278896349628364,0.2761198308831208,0.09706853038245,6.178897301494855,2.402251989904873,False,True,True,True,True,False,False,True,True,False,,True,17,7,4
Mono,overall,25,0.5,0.01,4000,25,1000,1839,102,102,102,101,0.0088845907554384,0.4562624776573409,0.1785090273733255,11.355853232382062,1.9919433119782568,False,True,True,True,True,False,False,True,True,False,,True,17,11,5
Mono,overall,25,0.5,0.01,4000,50,100,198,124,124,87,111,0.0259732910819375,0.0402921451308548,0.0129819040125885,0.3482166273275636,1.5462890112772096,False,True,True,True,True,True,False,True,True,False,,False,18,1,1
Mono,overall,25,0.5,0.01,4000,50,250,500,155,155,127,151,0.0207995464314438,0.0890596373469738,0.0209467951403435,1.5361122748219522,2.978382907415165,False,True,True,True,True,True,False,True,True,False,,True,21,2,2
Mono,overall,25,0.5,0.01,4000,50,500,1000,153,153,141,152,0.0340910133019088,0.1640934084248687,0.0429996560027519,3.617561059511524,2.7018403852769177,False,True,True,True,True,True,False,True,True,False,,True,22,5,4
Mono,overall,25,0.5,0.01,4000,50,1000,2000,157,157,157,157,0.0148749113894139,0.26597801133953,0.0816593173281071,7.760493222276661,2.407520823125919,False,True,True,True,True,True,False,True,True,False,,True,22,8,5
Mono,overall,25,0.5,0.01,4000,75,100,195,126,126,85,111,0.0319401086830847,0.025125073339359,0.0123809523809523,0.4632380952380952,3.2267936507936508,False,True,True,True,True,True,True,True,True,False,,False,20,1,1
Mono,overall,25,0.5,0.01,4000,75,250,500,169,169,131,163,0.0384727420379916,0.0993999001591436,0.0176105945336714,1.3186460974922514,2.9491758241758244,False,True,True,True,True,True,True,True,True,False,,True,23,1,1
Mono,overall,25,0.5,0.01,4000,75,500,1000,177,177,160,177,0.0373473648088306,0.1451732703714966,0.032100667693888,3.0625,2.8417758089368257,False,True,True,True,True,True,True,True,True,False,,True,24,6,6
Mono,overall,25,0.5,0.01,4000,75,1000,2000,177,177,175,177,0.0289229968782518,0.2204720954497307,0.064201335387776,6.8472008217770925,2.507993066255778,False,True,True,True,True,True,True,True,True,False,,True,24,12,9
Mono,overall,25,0.5,0.01,4000,100,100,198,129,129,91,112,0.0963438873491783,0.0187778629639094,0.0119912790697674,0.3710029069767442,2.211845930232558,False,True,False,True,True,True,True,True,True,False,,False,19,1,1
Mono,overall,25,0.5,0.01,4000,100,250,500,171,171,132,164,0.0864966663590135,0.0876958556322373,0.0171998624011007,1.300481596147231,2.9720674234606124,False,True,True,True,True,True,True,True,True,False,,True,23,1,1
Mono,overall,25,0.5,0.01,4000,100,500,1000,178,178,159,178,0.0802198195137867,0.1333549904720948,0.0317399860344061,3.047102139275059,2.8915762077064686,False,True,True,True,True,True,True,True,True,False,,True,24,4,4
Mono,overall,25,0.5,0.01,4000,100,1000,2000,179,179,177,179,0.0530442825760203,0.2199541927311015,0.0627706986378758,6.763417236833846,2.515221894419685,False,True,True,True,True,True,True,True,True,False,,True,24,10,8
Mono,overall,25,0.5,0.02,2000,10,100,131,35,35,35,30,0.0821109693877551,0.3680627402476142,0.1100840336134453,1.7714285714285714,2.294117647058824,False,False,False,False,False,False,False,False,True,False,,False,5,0,0
Mono,overall,25,0.5,0.02,2000,10,250,132,35,35,35,30,0.0821109693877551,0.377169450530795,0.1109243697478991,1.7789915966386554,2.276470588235294,False,False,False,False,False,False,False,False,True,False,,False,5,0,0
Mono,overall,25,0.5,0.02,2000,10,500,132,35,35,35,30,0.0821109693877551,0.377169450530795,0.1109243697478991,1.7789915966386554,2.276470588235294,False,False,False,False,False,False,False,False,True,False,,False,5,0,0
Mono,overall,25,0.5,0.02,2000,10,1000,130,35,35,35,30,0.0851797743689635,0.3737770259618998,0.1092436974789916,1.7478991596638656,2.295798319327731,False,False,False,False,False,False,False,False,True,False,,False,5,0,0
Mono,overall,25,0.5,0.02,2000,25,100,200,77,77,61,72,0.0354842648270809,0.1189903530812622,0.0341763499658236,1.3132262474367735,2.8778195488721803,False,True,False,True,True,False,False,False,True,False,,False,13,0,0
Mono,overall,25,0.5,0.02,2000,25,250,500,79,79,77,78,0.0577813223243885,0.3274646312936985,0.0811424862057773,3.623823433950016,2.4371957156767285,False,True,False,True,True,False,False,False,True,False,,False,13,3,2
Mono,overall,25,0.5,0.02,2000,25,500,821,78,78,78,78,0.0197271537040021,0.4718257850485812,0.1366966366966367,6.045621045621045,2.2236097236097234,False,True,False,True,True,False,False,False,True,False,,False,13,5,3
Mono,overall,25,0.5,0.02,2000,25,1000,795,78,78,78,77,0.0217005917159763,0.4639785935584554,0.1323676323676323,5.772394272394273,2.2076257076257075,False,True,False,True,True,False,False,False,True,False,,False,13,5,3
Mono,overall,25,0.5,0.02,2000,50,100,199,107,107,77,101,0.0637405482041587,0.0661771250556297,0.0175454064538882,0.4969141244930347,2.352759654381943,False,True,False,True,True,True,False,False,True,False,,False,16,0,0
Mono,overall,25,0.5,0.02,2000,50,250,500,123,123,101,120,0.0587360012530347,0.1803556445302043,0.0333200053312008,1.9322271091563368,2.509129681460749,False,True,False,True,True,True,False,True,True,False,,False,17,2,1
Mono,overall,25,0.5,0.02,2000,50,500,1000,125,125,118,124,0.0264441985674704,0.3032617712111615,0.064516129032258,4.24341935483871,2.456774193548387,False,True,False,True,True,True,False,True,True,False,,False,17,5,3
Mono,overall,25,0.5,0.02,2000,50,1000,1433,128,128,128,127,0.0082117557766908,0.3636124101186179,0.0881520669291338,6.001107283464567,2.41283218503937,False,True,False,True,True,True,True,True,True,False,,False,18,5,3
Mono,overall,25,0.5,0.02,2000,75,100,197,114,114,83,99,0.0558394376181474,0.0471804511278195,0.0152926564198105,0.4308337214718211,2.3553795994410804,False,True,True,True,True,True,False,False,True,False,,False,16,0,0
Mono,overall,25,0.5,0.02,2000,75,250,500,135,135,113,130,0.0567661753208367,0.129468983754292,0.0276395798783858,1.7343283582089553,2.7013266998341625,False,True,True,True,True,True,False,True,True,False,,False,20,3,3
Mono,overall,25,0.5,0.02,2000,75,500,1000,140,140,133,138,0.0429507090735582,0.2391808852218869,0.0513874614594039,3.736022610483042,2.599331963001028,False,True,True,True,True,True,True,True,True,False,,False,21,6,4
Mono,overall,25,0.5,0.02,2000,75,1000,1510,144,144,144,140,0.011064104067277,0.3355945845538378,0.0733294483294483,5.272678710178711,2.492715617715618,False,True,True,True,True,True,True,True,True,False,,False,21,7,5
Mono,overall,25,0.5,0.02,2000,100,100,197,113,113,81,100,0.0865725425330812,0.0507550217727208,0.0155657395701643,0.3041245259165613,1.2729930467762327,False,True,True,True,True,True,False,False,True,False,,False,16,0,0
Mono,overall,25,0.5,0.02,2000,100,250,500,137,137,114,130,0.0826888684219502,0.1532907752899218,0.0268355517389437,1.683716187204809,2.791380420781451,False,True,True,True,True,True,False,True,True,False,,False,20,4,3
Mono,overall,25,0.5,0.02,2000,100,500,1000,141,141,129,138,0.0398087362706729,0.2587613767490713,0.0506585612968591,3.572391084093212,2.460385005065856,False,True,True,True,True,True,True,True,True,False,,False,21,7,5
Mono,overall,25,0.5,0.02,2000,100,1000,1511,143,143,143,140,0.019554531984601,0.3378953850942964,0.0744115039889687,5.352999113562494,2.501674381956072,False,True,True,True,True,True,True,True,True,False,,False,21,7,5
Mono,overall,25,0.5,0.02,3000,10,100,173,36,36,36,35,0.0214493960849645,0.367073814081038,0.1373015873015873,2.7603174603174603,2.477777777777778,False,False,False,False,False,False,False,False,True,False,,False,4,0,0
Mono,overall,25,0.5,0.02,3000,10,250,166,36,36,36,35,0.0095408163265306,0.4057037027109266,0.1317460317460317,2.5166666666666666,2.56031746031746,False,False,False,False,False,False,False,False,True,False,,False,3,0,0
Mono,overall,25,0.5,0.02,3000,10,500,171,36,36,36,35,0.0239714625445897,0.3661136144366279,0.1357142857142857,2.719047619047619,2.4984126984126984,False,False,False,False,False,False,False,False,True,False,,False,4,0,0
Mono,overall,25,0.5,0.02,3000,10,1000,169,35,35,34,35,0.0011224489795918,0.4521397352954186,0.142016806722689,2.5840336134453783,2.585714285714286,False,False,False,False,True,False,False,False,True,False,,False,5,1,0
Mono,overall,25,0.5,0.02,3000,25,100,200,88,88,61,85,0.0528960555415581,0.120947297651843,0.0261233019853709,0.7873563218390804,2.356191222570533,False,True,False,True,True,False,True,True,True,False,,True,15,0,0
Mono,overall,25,0.5,0.02,3000,25,250,500,95,95,83,95,0.0494429809567858,0.2102020051757512,0.0559910414333706,2.907166853303472,2.434826427771557,False,True,False,True,True,False,True,True,True,False,,True,15,2,2
Mono,overall,25,0.5,0.02,3000,25,500,1000,95,95,92,95,0.0310287680844665,0.3736320713690945,0.1119820828667413,6.065733482642777,2.229003359462486,False,True,False,True,True,False,True,True,True,False,,True,15,8,5
Mono,overall,25,0.5,0.02,3000,25,1000,1231,95,95,95,95,0.0235009789466283,0.4485755371710394,0.1378499440089585,7.499216125419933,2.195072788353863,False,True,False,True,True,False,True,True,True,False,,True,15,8,4
Mono,overall,25,0.5,0.02,3000,50,100,199,122,122,80,105,0.0685151174584029,0.0651964610981004,0.0134805581899471,0.2547757756401572,1.3696653569976969,False,True,False,True,True,True,True,True,True,False,,True,20,1,1
Mono,overall,25,0.5,0.02,3000,50,250,500,139,139,107,138,0.040238559718247,0.0890814056721577,0.026066103638828,1.6928891669273276,2.7079032426232925,False,True,False,True,True,True,True,True,True,False,,True,20,3,3
Mono,overall,25,0.5,0.02,3000,50,500,1000,143,143,128,142,0.0489928752566115,0.2110196009885754,0.0492465281197675,3.791588692997144,2.469811878262582,False,True,False,True,True,True,True,True,True,False,,True,20,5,4
Mono,overall,25,0.5,0.02,3000,50,1000,2000,144,144,142,144,0.0078944865203109,0.3541284121279713,0.0971250971250971,7.875437062937063,2.259469696969697,False,True,False,True,True,True,True,True,True,False,,True,20,9,5
Mono,overall,25,0.5,0.02,3000,75,100,196,128,128,81,108,0.0366986174564782,0.0253462683150183,0.0120570866141732,0.1273991141732283,0.5708661417322834,False,True,True,True,True,True,True,True,True,False,,True,20,0,0
Mono,overall,25,0.5,0.02,3000,75,250,500,159,159,117,155,0.0537799141695245,0.0699163345686073,0.0199028739750019,1.3743332537218371,2.9840378950720483,False,True,True,True,True,True,True,True,True,False,,True,22,0,0
Mono,overall,25,0.5,0.02,3000,75,500,1000,164,164,139,163,0.0491656959411878,0.1686221647851919,0.0374083495436181,3.126664671554691,2.5222205596289093,False,True,True,True,True,True,True,True,True,False,,True,23,6,5
Mono,overall,25,0.5,0.02,3000,75,1000,2000,175,175,171,173,0.0280760982904722,0.291982758770751,0.0656814449917898,6.07376026272578,2.4498522167487686,False,True,True,True,True,True,True,True,True,False,,True,23,12,8
Mono,overall,25,0.5,0.02,3000,100,100,199,127,127,81,110,0.1250282933454052,0.0220097487814023,0.0124359455068116,0.1461067366579177,0.6310461192350956,False,True,True,True,True,True,True,True,True,False,,True,19,0,0
Mono,overall,25,0.5,0.02,3000,100,250,500,158,158,119,153,0.0865349777198488,0.0725929925593384,0.0201564137708618,1.3757155526888656,2.940941707651375,False,True,True,True,True,True,True,True,True,False,,True,22,1,1
Mono,overall,25,0.5,0.02,3000,100,500,1000,167,167,143,165,0.0917942792145276,0.1678004825670257,0.0360724334463602,3.055876199408412,2.5586898492172283,False,True,True,True,True,True,True,True,True,False,,True,23,6,5
Mono,overall,25,0.5,0.02,3000,100,1000,2000,175,175,172,172,0.0483517241932765,0.2852499787045539,0.0656814449917898,6.128407224958949,2.440952380952381,False,True,True,True,True,True,True,True,True,False,,True,23,12,8
Mono,overall,25,0.5,0.02,4000,10,100,196,41,41,40,40,0.0191473340743662,0.3268612681000357,0.1195121951219512,2.6951219512195124,2.471951219512196,False,False,False,False,False,False,False,True,True,False,,False,6,0,0
Mono,overall,25,0.5,0.02,4000,10,250,228,42,42,42,41,-0.0172308428100754,0.3579665580704944,0.1324041811846689,3.1504065040650406,2.4256678281068527,False,False,False,False,True,False,False,True,True,False,,True,8,2,0
Mono,overall,25,0.5,0.02,4000,10,500,226,42,42,42,41,-0.0151909722222222,0.3454419546681051,0.1312427409988385,3.127758420441347,2.429732868757259,False,False,False,False,True,False,False,True,True,False,,True,8,2,0
Mono,overall,25,0.5,0.02,4000,10,1000,208,41,41,41,40,0.0123721752304002,0.3461957375725601,0.1268292682926829,2.8652439024390244,2.508536585365853,False,False,False,False,False,False,False,True,True,False,,False,6,0,0
Mono,overall,25,0.5,0.02,4000,25,100,199,90,90,66,85,0.0042272052854063,0.0898276414943081,0.0248439450686641,0.751685393258427,2.100749063670412,False,True,True,True,True,False,True,True,True,False,,True,17,0,0
Mono,overall,25,0.5,0.02,4000,25,250,500,96,96,87,96,0.0629766733295813,0.1794069387653301,0.0548245614035087,3.061513157894737,2.62390350877193,False,True,False,True,True,False,True,True,True,False,,True,15,4,2
Mono,overall,25,0.5,0.02,4000,25,500,1000,96,96,93,96,0.0438658157639747,0.3289293954698822,0.1096491228070175,6.621710526315789,2.1769736842105263,False,True,False,True,True,False,True,True,True,False,,True,15,8,4
Mono,overall,25,0.5,0.02,4000,25,1000,1667,97,97,97,97,0.0190343380638311,0.4536488453025591,0.1790163230240549,11.024806701030927,1.9913015463917525,False,True,True,True,True,False,True,True,True,False,,True,17,11,7
Mono,overall,25,0.5,0.02,4000,50,100,198,118,118,83,104,0.0528808864265928,0.0348275077088636,0.014341590612777,0.2879907286686948,1.4138780240475155,False,True,False,True,True,False,True,True,True,False,,False,16,0,0
Mono,overall,25,0.5,0.02,4000,50,250,500,147,147,125,146,0.0576412634289472,0.1020635863578303,0.0232969900288882,1.7147516540862922,3.4114714378902247,False,True,False,True,True,False,True,True,True,False,,True,20,1,1
Mono,overall,25,0.5,0.02,4000,50,500,1000,151,151,137,151,0.0332222270953028,0.1749355227666727,0.0441501103752759,3.762604856512141,2.5992494481236204,False,True,False,True,True,False,True,True,True,False,,True,20,4,1
Mono,overall,25,0.5,0.02,4000,50,1000,2000,151,151,150,151,0.0143063481531349,0.2919943600579835,0.0883002207505518,8.165960264900662,2.292317880794702,False,True,False,True,True,False,True,True,True,False,,True,20,12,7
Mono,overall,25,0.5,0.02,4000,75,100,194,125,125,85,109,0.0738750037325688,0.0227301587301587,0.012516129032258,0.2805806451612903,1.700258064516129,False,True,False,True,True,True,True,True,False,False,,False,15,0,0
Mono,overall,25,0.5,0.02,4000,75,250,500,166,166,138,158,0.0559842264666234,0.0679844668761636,0.0182548375319459,1.431106243154436,3.5103322380430813,False,True,True,True,True,True,True,True,True,False,,True,23,2,2
Mono,overall,25,0.5,0.02,4000,75,500,1000,176,176,160,175,0.0536140917528948,0.1371240471546369,0.0324675324675324,3.1361038961038963,2.838214285714286,False,True,False,True,True,True,True,True,True,False,,True,23,6,4
Mono,overall,25,0.5,0.02,4000,75,1000,2000,177,177,172,177,0.0389689277649143,0.2374373708690887,0.064201335387776,6.755457113507961,2.395929635336415,False,True,False,True,True,True,True,True,True,False,,True,23,10,5
Mono,overall,25,0.5,0.02,4000,100,100,197,131,131,88,115,0.1075810003145643,0.0306312855931176,0.0115678214914856,0.169935408103347,0.7660598943041691,False,True,True,True,True,True,True,True,True,False,,False,18,1,1
Mono,overall,25,0.5,0.02,4000,100,250,500,169,169,135,165,0.0876205347359193,0.0660518033229484,0.0176105945336714,1.370280360664976,3.355064806987884,False,True,True,True,True,True,True,True,True,False,,True,23,2,2
Mono,overall,25,0.5,0.02,4000,100,500,1000,180,180,161,179,0.0916702818405446,0.133844876140988,0.0310366232153941,3.012135319677219,2.791216635630044,False,True,True,True,True,True,True,True,True,False,,True,24,8,6
Mono,overall,25,0.5,0.02,4000,100,1000,2000,181,181,175,181,0.0667250688355318,0.2445326427295914,0.0613873542050337,6.529220380601596,2.4263965623081645,False,True,True,True,True,True,True,True,True,False,,True,24,12,7
Mono,overall,25,0.5,0.03,2000,10,100,142,30,30,29,29,0.0053507728894173,0.6077720917426801,0.1632183908045977,2.5264367816091955,2.0919540229885056,False,False,False,False,False,False,False,False,True,False,,False,5,0,0
Mono,overall,25,0.5,0.03,2000,10,250,161,31,31,30,30,0.02410888671875,0.5797576124176543,0.1731182795698924,2.661290322580645,2.086021505376344,False,True,False,False,False,False,False,False,True,False,,False,5,0,0
Mono,overall,25,0.5,0.03,2000,10,500,134,30,30,29,29,0.0227997448979592,0.5525059472118296,0.1540229885057471,2.289655172413793,2.1666666666666665,False,False,False,False,False,False,False,False,True,False,,False,4,0,0
Mono,overall,25,0.5,0.03,2000,10,1000,133,30,30,29,29,0.0239022806590374,0.5584847831906655,0.1528735632183908,2.264367816091954,2.1735632183908047,False,False,False,False,False,False,False,False,True,False,,False,4,0,0
Mono,overall,25,0.5,0.03,2000,25,100,200,77,77,60,74,0.0605401234567901,0.1016927516927516,0.0341763499658236,1.1496924128503077,2.563568010936432,False,True,False,True,True,False,False,False,True,False,,True,14,0,0
Mono,overall,25,0.5,0.03,2000,25,250,500,83,83,74,82,0.0339184816323793,0.3311500990373887,0.0734645900675874,3.12606523655598,2.234498971495739,False,True,False,True,True,False,True,False,True,False,,True,16,1,0
Mono,overall,25,0.5,0.03,2000,25,500,791,82,82,80,81,0.0063804378304758,0.4613757268032205,0.1190906353507979,4.990063233965673,2.254441433303222,False,True,False,True,True,False,False,False,True,False,,True,14,4,2
Mono,overall,25,0.5,0.03,2000,25,1000,791,82,82,80,81,0.0063115172003285,0.4641379987280952,0.1190906353507979,4.980277024992472,2.254591990364348,False,True,False,True,True,False,False,False,True,False,,True,14,4,2
Mono,overall,25,0.5,0.03,2000,50,100,199,97,97,71,93,0.094880911087987,0.0742587881763139,0.0213702749140893,0.7402276632302406,3.031679553264605,False,True,False,True,True,True,False,False,True,False,,True,16,0,0
Mono,overall,25,0.5,0.03,2000,50,250,500,119,119,97,116,0.0349758542326109,0.1714903137553244,0.0356074633243127,2.02542372881356,2.4776385130323315,False,True,False,True,True,True,False,True,True,False,,True,19,1,0
Mono,overall,25,0.5,0.03,2000,50,500,1000,122,122,113,121,0.0228510108517912,0.3304789346316966,0.0677414984419455,4.176602086438152,2.3404010296707765,False,True,False,True,True,True,True,True,True,False,,True,20,2,1
Mono,overall,25,0.5,0.03,2000,50,1000,1291,120,120,118,119,0.0027372583943764,0.406624162618778,0.0904061624649859,5.46953781512605,2.364355742296919,False,True,False,True,True,True,False,True,True,False,,True,19,4,2
Mono,overall,25,0.5,0.03,2000,75,100,198,101,101,76,91,0.1169788414845647,0.082042489963282,0.0196039603960396,0.6691089108910891,2.6,False,True,True,True,True,True,False,False,True,False,,False,17,0,0
Mono,overall,25,0.5,0.03,2000,75,250,499,127,127,104,122,0.0859472574271615,0.1435032493300898,0.0311836020497437,1.9003249593800773,2.6097987751531058,False,True,True,True,True,True,True,False,True,False,,True,21,3,2
Mono,overall,25,0.5,0.03,2000,75,500,1000,133,133,122,130,0.0415554805384087,0.2907232750722468,0.0569605832763727,3.6835839598997495,2.3544657097288675,False,True,True,True,True,True,True,True,True,False,,True,22,4,3
Mono,overall,25,0.5,0.03,2000,75,1000,1391,137,137,135,133,0.0264487441763459,0.3692078884948123,0.0746565049377415,4.8551416917131816,2.4655431515671964,False,True,True,True,True,True,True,True,True,False,,True,22,6,4
Mono,overall,25,0.5,0.03,2000,100,100,198,103,103,75,92,0.1141124908692476,0.084856190195996,0.0188463735008566,0.6393489434608794,2.720826194555492,False,True,True,True,True,True,False,False,True,False,,False,17,0,0
Mono,overall,25,0.5,0.03,2000,100,250,499,126,126,104,121,0.0847717771916023,0.1656426349175645,0.0316825396825396,1.8965714285714288,2.617079365079365,False,True,True,True,True,True,True,False,True,False,,True,21,3,2
Mono,overall,25,0.5,0.03,2000,100,500,1000,134,134,126,131,0.0399574094104921,0.3065153761788124,0.0561104253170239,3.607788127034003,2.5169453484457414,False,True,True,True,True,True,True,True,True,False,,True,22,5,4
Mono,overall,25,0.5,0.03,2000,100,1000,1396,138,138,136,134,0.0117349555105624,0.3713728192798988,0.0738389929123029,4.793240241193272,2.469745054480059,False,True,True,True,True,True,True,True,True,False,,True,22,6,4
Mono,overall,25,0.5,0.03,3000,10,100,183,36,36,36,34,0.0115338882282996,0.4142791936974083,0.1452380952380952,2.807142857142857,2.1960317460317462,False,False,False,False,True,False,True,False,True,False,,False,6,1,0
Mono,overall,25,0.5,0.03,3000,10,250,187,36,36,36,34,0.0154565227451524,0.419197298086617,0.1484126984126984,2.861111111111111,2.183333333333333,False,False,False,False,True,False,True,False,True,False,,False,6,1,0
Mono,overall,25,0.5,0.03,3000,10,500,191,36,36,36,34,0.0361244988964461,0.4221645719452737,0.1515873015873015,3.0166666666666666,2.1666666666666665,False,False,False,False,True,False,True,False,True,False,,False,6,1,0
Mono,overall,25,0.5,0.03,3000,10,1000,187,36,36,36,34,0.0149744338933528,0.4154935943829132,0.1484126984126984,2.867460317460317,2.1777777777777776,False,False,False,False,True,False,True,False,True,False,,False,6,1,0
Mono,overall,25,0.5,0.03,3000,25,100,200,86,86,69,79,0.0497696124763705,0.1360131261807048,0.027359781121751,0.9716826265389876,2.8823529411764706,False,True,False,True,True,False,True,True,True,False,,True,16,1,0
Mono,overall,25,0.5,0.03,3000,25,250,500,95,95,83,95,0.0304105646487587,0.2404529366948973,0.0559910414333706,2.8880179171332587,2.5711086226203808,False,True,False,True,True,False,True,True,True,False,,True,16,3,1
Mono,overall,25,0.5,0.03,3000,25,500,1000,96,96,93,96,0.0274452652189391,0.3767521642659599,0.1096491228070175,5.952192982456141,2.2506578947368423,False,True,False,True,True,False,True,True,True,False,,True,16,5,3
Mono,overall,25,0.5,0.03,3000,25,1000,1304,95,95,95,95,0.0249519002314554,0.4495824650584545,0.1460246360582306,7.944792833146696,2.162709966405376,False,True,False,True,True,False,True,True,True,False,,True,16,7,4
Mono,overall,25,0.5,0.03,3000,50,100,199,118,118,82,105,0.0549881167949298,0.0940421160760143,0.0144140228885991,0.4208315225264378,1.8274663189917424,False,True,False,True,True,True,True,False,True,False,,True,18,1,0
Mono,overall,25,0.5,0.03,3000,50,250,500,134,134,107,133,0.0552393133561964,0.1335105391171423,0.0280552126585119,1.7928403097295478,2.703456402199529,False,True,False,True,True,True,True,True,True,False,,True,20,1,0
Mono,overall,25,0.5,0.03,3000,50,500,1000,138,138,123,137,0.0373156364327933,0.2299635821966867,0.0528932613984978,3.891674600655876,2.390669628689305,False,True,False,True,True,True,True,True,True,False,,True,20,4,2
Mono,overall,25,0.5,0.03,3000,50,1000,1938,139,139,137,138,0.0015084027364663,0.3757734133790494,0.1010322177040976,7.786779272234386,2.230685017203629,False,True,False,True,True,True,True,True,True,False,,True,20,6,3
Mono,overall,25,0.5,0.03,3000,75,100,194,120,120,85,104,0.1327829631379962,0.0726118326118326,0.0135854341736694,0.3183473389355742,1.3715686274509804,False,True,True,True,True,True,True,True,True,False,,True,20,1,0
Mono,overall,25,0.5,0.03,3000,75,250,500,155,155,117,150,0.1018620875445898,0.1174650825610577,0.0209467951403435,1.3936740678676165,2.5699204021784667,False,True,True,True,True,True,True,True,True,False,,True,23,3,2
Mono,overall,25,0.5,0.03,3000,75,500,986,162,162,139,159,0.0744485109292364,0.2190348374695436,0.0378038493980523,3.0117322291235333,2.4944406103826395,False,True,True,True,True,True,True,True,True,False,,True,22,4,2
Mono,overall,25,0.5,0.03,3000,75,1000,1966,165,165,159,162,0.0345568056770431,0.3270644108107992,0.0726533628972653,6.2274944567627495,2.306651884700665,False,True,True,True,True,True,True,True,True,False,,True,22,5,3
Mono,overall,25,0.5,0.03,3000,100,100,197,122,122,85,106,0.1809316823472218,0.0556010928961748,0.0133450751930632,0.3412816691505216,1.5807478661427992,False,True,True,True,True,True,True,True,True,False,,True,22,3,2
Mono,overall,25,0.5,0.03,3000,100,250,500,153,153,119,146,0.1124556255801911,0.1291029669746357,0.0214998280013759,1.417096663226694,2.592062263501892,False,True,True,True,True,True,True,True,True,False,,True,23,3,2
Mono,overall,25,0.5,0.03,3000,100,500,985,160,160,138,158,0.0948341124173522,0.2029411656421838,0.0387185534591194,3.0914701257861634,2.485220125786164,False,True,True,True,True,True,True,True,True,False,,True,23,5,4
Mono,overall,25,0.5,0.03,3000,100,1000,1970,166,166,163,163,0.0414001414677153,0.3294484628269546,0.0719240598758671,6.193501277838627,2.386893026652063,False,True,True,True,True,True,True,True,True,False,,True,23,7,5
Mono,overall,25,0.5,0.03,4000,10,100,200,39,39,39,39,0.0619100091827364,0.3998636723987998,0.1349527665317139,3.024966261808367,2.232118758434548,False,False,False,False,False,False,False,True,True,False,,False,5,0,0
Mono,overall,25,0.5,0.03,4000,10,250,238,39,39,39,39,0.0535524497821234,0.4740050368636886,0.1605937921727395,3.413630229419703,2.112685560053981,False,False,False,False,False,False,False,True,True,False,,False,5,0,0
Mono,overall,25,0.5,0.03,4000,10,500,235,39,39,39,39,0.0531005859375,0.4741471738963378,0.1585695006747638,3.324561403508772,2.062753036437247,False,False,False,False,False,False,False,True,True,False,,False,5,0,0
Mono,overall,25,0.5,0.03,4000,10,1000,237,39,39,39,39,0.0526224891061749,0.4777150695210896,0.1599190283400809,3.3441295546558703,2.049932523616734,False,False,False,False,False,False,False,True,True,False,,False,5,0,0
Mono,overall,25,0.5,0.03,4000,25,100,200,91,91,70,85,0.0522576177285318,0.042636728351014,0.0244200244200244,0.7691086691086692,2.6095238095238096,False,True,False,True,True,False,True,True,True,False,,True,15,0,0
Mono,overall,25,0.5,0.03,4000,25,250,500,94,94,87,94,0.0546260733173802,0.1894197663841783,0.0571951498512926,3.1889727751086707,2.7105925417524595,False,True,False,True,True,False,True,True,True,False,,True,15,2,2
Mono,overall,25,0.5,0.03,4000,25,500,1000,96,96,95,96,0.0413234955728716,0.3219950896049227,0.1096491228070175,6.454276315789474,2.304824561403509,False,True,False,True,True,False,True,True,True,False,,True,15,3,2
Mono,overall,25,0.5,0.03,4000,25,1000,1582,95,95,95,95,0.0257313375978158,0.4724906168066161,0.1771556550951847,10.33885778275476,2.013885778275476,False,True,False,True,True,False,True,True,True,False,,True,15,7,6
Mono,overall,25,0.5,0.03,4000,50,100,197,112,112,78,99,0.0626125997311905,0.0424644304108589,0.0158462033462033,0.2532175032175032,0.935006435006435,False,True,False,True,True,False,True,True,True,False,,True,19,0,0
Mono,overall,25,0.5,0.03,4000,50,250,499,143,143,118,139,0.0426087804696789,0.0933183812778521,0.024574017531764,1.6977740569289863,3.0045306805870187,False,True,False,True,True,False,True,True,True,False,,True,20,2,2
Mono,overall,25,0.5,0.03,4000,50,500,1000,149,149,134,149,0.0430685185185185,0.1760729094084342,0.0453473607836023,3.733448213313985,2.5416742245601305,False,True,False,True,True,False,True,True,True,False,,True,20,3,2
Mono,overall,25,0.5,0.03,4000,50,1000,2000,150,150,148,150,0.0162536072114205,0.3126169382958809,0.0894854586129754,7.9158836689038035,2.2780313199105144,False,True,False,True,True,False,True,True,True,False,,True,20,4,2
Mono,overall,25,0.5,0.03,4000,75,100,191,118,118,75,106,0.1012179115411617,0.0772384865605204,0.0138345646820223,0.1796320440388237,0.6810806895552658,False,True,True,True,True,True,True,True,True,False,,False,20,0,0
Mono,overall,25,0.5,0.03,4000,75,250,496,164,164,127,156,0.0877894232717493,0.0816818937478908,0.0185545413736345,1.300725721981146,2.8351414035612748,False,True,True,True,True,True,True,True,True,False,,True,24,4,4
Mono,overall,25,0.5,0.03,4000,75,500,987,167,167,148,166,0.0873068880496863,0.1584480380389979,0.0356034918115576,3.2090036793882115,2.7205107856576003,False,True,True,True,True,True,True,True,True,False,,True,24,6,5
Mono,overall,25,0.5,0.03,4000,75,1000,1969,173,173,169,173,0.0484927662133716,0.2543079590400222,0.0661715284312407,6.60219787605861,2.447136711923646,False,True,True,True,True,True,True,True,True,False,,True,24,6,5
Mono,overall,25,0.5,0.03,4000,100,100,190,118,118,77,105,0.1531394035591099,0.0761085430576956,0.0137621324062002,0.2467767637259162,1.1384180790960452,False,True,True,True,True,True,True,True,True,False,,False,20,0,0
Mono,overall,25,0.5,0.03,4000,100,250,496,166,166,126,158,0.1349450803561105,0.0917011642188821,0.0181087988316904,1.283096020445418,2.954362906170135,False,True,True,True,True,True,True,True,True,False,,True,24,4,4
Mono,overall,25,0.5,0.03,4000,100,500,990,174,174,154,173,0.1089793068863968,0.1454233561584776,0.0328881801873629,3.045977011494253,2.8236994219653178,False,True,True,True,True,True,True,True,True,False,,True,24,6,5
Mono,overall,25,0.5,0.03,4000,100,1000,1969,178,178,174,178,0.0754498918025142,0.2487880471876377,0.0624960325017457,6.349679426141052,2.502602678854821,False,True,True,True,True,True,True,True,True,False,,True,24,6,5
Mono,overall,25,0.75,0.005,2000,10,100,200,44,44,44,38,0.0159641036598394,0.3074635814274852,0.1057082452431289,2.6094080338266386,2.283826638477801,False,True,False,False,True,False,True,True,True,False,,False,11,1,0
Mono,overall,25,0.75,0.005,2000,10,250,236,44,44,44,38,0.0217158703816927,0.3766032978810912,0.1247357293868921,3.0306553911205074,2.171247357293869,False,True,False,False,True,False,True,True,True,False,,False,11,1,0
Mono,overall,25,0.75,0.005,2000,10,500,264,45,45,45,39,0.0120262066264309,0.3958139651620155,0.1333333333333333,3.3525252525252527,2.1045454545454545,False,True,False,False,True,False,True,True,True,False,,False,11,1,0
Mono,overall,25,0.75,0.005,2000,10,1000,244,45,45,45,39,0.023535554145083,0.3684826059542261,0.1232323232323232,3.0863636363636364,2.183333333333333,False,True,False,False,True,False,True,True,True,False,,False,11,1,0
Mono,overall,25,0.75,0.005,2000,25,100,200,88,88,67,85,0.0632215647600262,0.1009171384171384,0.0261233019853709,1.0254702194357366,3.0519853709508884,False,True,False,False,True,False,True,True,True,False,,True,17,1,1
Mono,overall,25,0.75,0.005,2000,25,250,500,91,91,80,88,0.0153347019916765,0.2124512896886014,0.061050061050061,2.9177045177045176,2.405982905982906,False,True,False,False,True,False,True,True,True,False,,True,16,0,0
Mono,overall,25,0.75,0.005,2000,25,500,917,91,91,91,87,3.632725829797812e-05,0.3622936509680503,0.1119658119658119,5.701709401709402,2.3130647130647133,False,True,False,False,True,False,True,True,True,False,,True,16,2,1
Mono,overall,25,0.75,0.005,2000,25,1000,918,91,91,91,88,-0.0002481150919489,0.3639624628933067,0.112087912087912,5.734065934065934,2.34993894993895,False,True,False,False,True,False,True,True,True,False,,True,16,2,1
Mono,overall,25,0.75,0.005,2000,50,100,195,112,112,84,97,0.0735981635452534,0.0622786935286935,0.0156853281853281,0.4687097812097812,2.1070624195624195,False,True,False,True,True,False,True,True,True,False,,True,19,1,1
Mono,overall,25,0.75,0.005,2000,50,250,500,143,143,111,138,0.0330750868055555,0.1185510494755978,0.0246232640598837,1.612922288978627,2.729882793263075,False,True,False,True,True,True,True,True,True,False,,True,21,2,2
Mono,overall,25,0.75,0.005,2000,50,500,1000,149,149,138,145,0.0221595039700767,0.1962579237848197,0.0453473607836023,3.503763830945039,2.6286051151822964,False,True,False,True,True,True,True,True,True,False,,True,22,4,4
Mono,overall,25,0.75,0.005,2000,50,1000,1767,149,149,149,146,0.0005850722264115,0.2995857238930435,0.0801287865046254,6.467848721204426,2.4916107382550337,False,True,False,True,True,True,True,True,True,False,,True,22,7,5
Mono,overall,25,0.75,0.005,2000,75,100,193,115,115,81,97,-0.0135405644999856,0.0565408504538939,0.0147215865751334,0.3837528604118993,1.68047292143402,False,True,True,True,True,False,True,True,True,False,,True,20,1,1
Mono,overall,25,0.75,0.005,2000,75,250,500,157,157,122,150,0.0198989342469998,0.1075181734363009,0.0204148293320267,1.3960885186999836,2.826923076923077,False,True,True,True,True,True,True,True,True,False,,True,23,3,3
Mono,overall,25,0.75,0.005,2000,75,500,1000,163,163,148,159,0.0186229281276148,0.1810802989285087,0.0378701810194652,3.093198515488904,2.7169203968794973,False,True,True,True,True,True,True,True,True,False,,True,24,4,4
Mono,overall,25,0.75,0.005,2000,75,1000,1970,165,165,164,162,-0.0077135242490865,0.2817830214730203,0.0728011825572801,6.443865484109387,2.507612712490761,False,True,True,True,True,True,True,True,True,False,,True,24,10,9
Mono,overall,25,0.75,0.005,2000,100,100,192,115,115,80,98,-0.0274814835997597,0.0566549875245527,0.0146453089244851,0.3388253241800152,1.447673531655225,False,True,True,True,True,False,True,True,True,False,,True,20,1,1
Mono,overall,25,0.75,0.005,2000,100,250,500,155,155,122,149,0.0134678819444444,0.1284423871877464,0.0209467951403435,1.463468789275241,2.8263091746962714,False,True,True,True,True,True,True,True,True,False,,True,23,3,3
Mono,overall,25,0.75,0.005,2000,100,500,1000,165,165,151,160,0.0208092156135324,0.16739329320214,0.0369549150036954,3.058130081300813,2.7150776053215075,False,True,True,True,True,True,True,True,True,False,,True,24,5,5
Mono,overall,25,0.75,0.005,2000,100,1000,1989,167,167,165,164,-0.0045119592254694,0.2764597827492827,0.0717480701248106,6.386552196811197,2.4926772960103887,False,True,True,True,True,True,True,True,True,False,,True,24,10,9
Mono,overall,25,0.75,0.005,3000,10,100,200,48,48,46,43,0.0288531775018261,0.255159345692434,0.0886524822695035,2.3816489361702127,2.395833333333333,False,True,False,False,True,False,True,True,True,False,,False,11,2,0
Mono,overall,25,0.75,0.005,3000,10,250,285,48,48,48,43,0.0318138783693472,0.3824796336576608,0.1263297872340425,3.311170212765957,2.223404255319149,False,True,False,False,True,False,False,True,True,False,,False,10,1,0
Mono,overall,25,0.75,0.005,3000,10,500,286,48,48,48,43,0.0311631956440624,0.3823751085531356,0.12677304964539,3.3218085106382977,2.220744680851064,False,True,False,False,True,False,False,True,True,False,,False,10,1,0
Mono,overall,25,0.75,0.005,3000,10,1000,329,48,48,48,43,0.0283166666666666,0.4161522088966058,0.1458333333333333,3.997340425531915,2.106382978723404,False,True,False,False,True,False,True,True,True,False,,False,11,2,0
Mono,overall,25,0.75,0.005,3000,25,100,200,88,88,64,82,0.0611694273671776,0.1155643598825416,0.0261233019853709,0.9652560083594568,2.7153866248693834,False,True,False,False,True,False,False,True,True,False,,True,15,0,0
Mono,overall,25,0.75,0.005,3000,25,250,500,98,98,89,95,0.0240582726326742,0.2127366884680392,0.0525983589312013,2.7924468756574794,2.527245949926362,False,True,True,True,True,False,True,True,True,False,,True,18,2,1
Mono,overall,25,0.75,0.005,3000,25,500,1000,99,99,96,95,0.0152019773567516,0.3321112811167777,0.1030715316429602,5.888682745825603,2.201917130488559,False,True,True,True,True,False,True,True,True,False,,True,18,5,4
Mono,overall,25,0.75,0.005,3000,25,1000,1355,99,99,99,96,0.0068005249620509,0.4037090041261023,0.139661925376211,8.054834054834055,2.146567717996289,False,True,True,True,True,False,True,True,True,False,,True,18,9,5
Mono,overall,25,0.75,0.005,3000,50,100,199,120,120,82,105,0.0472818577957274,0.0879876604876604,0.0139355742296918,0.3626050420168067,1.3624649859943978,False,True,True,True,True,True,True,True,True,False,,True,19,2,2
Mono,overall,25,0.75,0.005,3000,50,250,500,148,148,118,143,0.0561002604166666,0.1248066688486262,0.0229821658393086,1.517190660047803,2.599880492737636,False,True,True,True,True,True,True,True,True,False,,True,21,2,2
Mono,overall,25,0.75,0.005,3000,50,500,1000,150,150,139,147,0.0219249051968167,0.1968840256164378,0.0447427293064877,3.5332438478747203,2.6489485458612974,False,True,True,True,True,True,True,True,True,False,,True,21,5,4
Mono,overall,25,0.75,0.005,3000,50,1000,2000,151,151,150,150,0.0061693268051912,0.2960778137927315,0.0883002207505518,7.479337748344371,2.438278145695364,False,True,True,True,True,True,True,True,True,False,,True,21,8,6
Mono,overall,25,0.75,0.005,3000,75,100,199,131,131,92,107,-0.0147996599000956,0.0556804518636579,0.0116852613035819,0.2357604227833235,1.148443922489724,False,True,True,True,True,True,True,True,True,False,,True,21,1,1
Mono,overall,25,0.75,0.005,3000,75,250,500,158,158,128,151,0.0087244609074131,0.1061142743813221,0.0201564137708618,1.382770297508667,2.7264774651294044,False,True,True,True,True,True,True,True,True,False,,True,24,2,2
Mono,overall,25,0.75,0.005,3000,75,500,1000,165,165,153,161,0.0191911866588595,0.1715208847347605,0.0369549150036954,3.184220251293422,2.7625646711012566,False,True,True,True,True,True,True,True,True,False,,True,24,4,3
Mono,overall,25,0.75,0.005,3000,75,1000,2000,166,166,165,164,0.0144109353476298,0.2611430690907769,0.0730193501277838,6.800985761226725,2.4802117561153705,False,True,True,True,True,True,True,True,True,False,,True,24,7,5
Mono,overall,25,0.75,0.005,3000,100,100,199,130,130,91,107,0.0039191199914974,0.046027861027861,0.0118664281454979,0.2299344066785927,1.0329755515802028,False,True,True,True,True,True,True,True,True,False,,True,21,2,2
Mono,overall,25,0.75,0.005,3000,100,250,500,161,161,129,153,0.014460531153166,0.1060680588942884,0.0194099378881987,1.3404114906832298,2.654503105590062,False,True,True,True,True,True,True,True,True,False,,True,24,2,2
Mono,overall,25,0.75,0.005,3000,100,500,1000,168,168,156,166,0.0294633528432475,0.1664838815244997,0.035642999714856,3.136904761904762,2.8437054462503566,False,True,True,True,True,True,True,True,True,False,,True,24,3,3
Mono,overall,25,0.75,0.005,3000,100,1000,2000,169,169,168,168,0.0234285875961973,0.2537983724540751,0.0704423781346858,6.699422372499296,2.526732882502113,False,True,True,True,True,True,True,True,True,False,,True,24,7,5
Mono,overall,25,0.75,0.005,4000,10,100,200,48,48,46,43,0.0052853175669622,0.2449587231224228,0.0886524822695035,2.335549645390071,2.3031914893617023,False,True,False,False,True,False,True,True,True,False,,False,11,1,0
Mono,overall,25,0.75,0.005,4000,10,250,402,48,48,48,43,0.0046963610586011,0.4877990179207254,0.1781914893617021,4.833333333333333,1.9109042553191489,False,True,False,False,True,False,True,True,True,False,,False,11,2,0
Mono,overall,25,0.75,0.005,4000,10,500,403,48,48,48,43,0.0046378919073743,0.4885078960007762,0.1786347517730496,4.827570921985815,1.9104609929078007,False,True,False,False,True,False,True,True,True,False,,False,11,2,0
Mono,overall,25,0.75,0.005,4000,10,1000,402,48,48,48,43,0.0049215796313799,0.4877096698441489,0.1781914893617021,4.823581560283688,1.9109042553191489,False,True,False,False,True,False,True,True,True,False,,False,11,2,0
Mono,overall,25,0.75,0.005,4000,25,100,199,91,91,62,87,0.0538225377593815,0.1085656102139618,0.0242979242979243,0.7406593406593407,2.1534798534798534,False,True,False,False,True,False,False,True,True,False,,True,15,0,0
Mono,overall,25,0.75,0.005,4000,25,250,500,99,99,87,95,0.0184682957118854,0.2418065240925433,0.0515357658214801,2.622448979591837,2.4740259740259742,False,True,True,True,True,False,True,True,True,False,,True,19,1,1
Mono,overall,25,0.75,0.005,4000,25,500,1000,99,99,96,97,0.0093964620187304,0.345357345634204,0.1030715316429602,5.833436404864976,2.229952587095444,False,True,True,True,True,False,True,True,True,False,,True,19,5,4
Mono,overall,25,0.75,0.005,4000,25,1000,1524,98,98,98,97,0.0006111081966683,0.4521243049535068,0.1603197980223017,9.014727540500736,2.121502209131075,False,True,True,False,True,False,False,True,True,False,,True,17,5,4
Mono,overall,25,0.75,0.005,4000,50,100,200,121,121,83,104,0.0613155976676384,0.0641950794843356,0.0137741046831955,0.2915977961432507,1.4115702479338843,False,True,True,True,True,True,True,True,True,False,,True,21,1,1
Mono,overall,25,0.75,0.005,4000,50,250,500,145,145,120,142,0.0428862847222222,0.1285498345448168,0.0239463601532567,1.6287356321839082,3.0112547892720305,False,True,True,True,True,True,True,True,True,False,,True,22,2,2
Mono,overall,25,0.75,0.005,4000,50,500,1000,151,151,141,150,0.0341345551175011,0.1927521786746154,0.0441501103752759,3.622472406181016,2.7135099337748345,False,True,True,True,True,True,True,True,True,False,,True,22,4,4
Mono,overall,25,0.75,0.005,4000,50,1000,2000,151,151,150,151,0.0207699350594895,0.3113365695612106,0.0883002207505518,7.650816777041943,2.3816777041942605,False,True,True,True,True,True,True,True,True,False,,True,22,8,7
Mono,overall,25,0.75,0.005,4000,75,100,195,117,117,84,98,-0.0037706163194444,0.053712811405119,0.014367816091954,0.3272178013557323,1.5821544356027115,False,True,True,True,True,True,True,True,True,False,,True,20,1,1
Mono,overall,25,0.75,0.005,4000,75,250,500,159,159,125,152,0.0066826982841025,0.1268175248133995,0.0199028739750019,1.3562614441525356,2.659740466523366,False,True,True,True,True,True,True,True,True,False,,True,24,2,2
Mono,overall,25,0.75,0.005,4000,75,500,1000,166,166,155,164,0.0087175610985134,0.1746204607594005,0.0365096750638919,3.2498722161372764,2.883899233296824,False,True,True,True,True,True,True,True,True,False,,True,24,3,3
Mono,overall,25,0.75,0.005,4000,75,1000,2000,167,167,165,166,0.0050747632534858,0.2641927895347494,0.0721448668927205,6.819096746266503,2.458119904768776,False,True,True,True,True,True,True,True,True,False,,True,24,7,7
Mono,overall,25,0.75,0.005,4000,100,100,193,120,120,84,100,0.0066481994459834,0.0537375124875124,0.0135154061624649,0.3055322128851541,1.4815826330532214,False,True,True,True,True,True,True,True,True,False,,True,20,1,1
Mono,overall,25,0.75,0.005,4000,100,250,500,161,161,125,154,0.0090926166245475,0.1243015100536734,0.0194099378881987,1.29277950310559,2.6098214285714287,False,True,True,True,True,True,True,True,True,False,,True,24,2,2
Mono,overall,25,0.75,0.005,4000,100,500,1000,169,169,157,167,0.0357142463904233,0.1471557045542057,0.0352211890673429,3.1759650605804453,2.9678782755705835,False,True,True,True,True,True,True,True,True,False,,True,24,3,3
Mono,overall,25,0.75,0.005,4000,100,1000,2000,169,169,167,168,0.0132376645873597,0.2620994643270877,0.0704423781346858,6.689349112426036,2.482741617357002,False,True,True,True,True,True,True,True,True,False,,True,24,7,7
Mono,overall,25,0.75,0.01,2000,10,100,200,46,46,42,43,-0.0083178169164555,0.2926034652444667,0.0966183574879227,2.236714975845411,2.179227053140097,False,True,False,True,True,False,True,True,True,False,,False,12,2,1
Mono,overall,25,0.75,0.01,2000,10,250,243,47,47,47,43,-0.0020305529837555,0.3773229626282786,0.1123959296947271,2.782146160962072,2.367252543940796,False,True,False,True,True,False,True,True,True,False,,False,12,3,2
Mono,overall,25,0.75,0.01,2000,10,500,243,47,47,47,43,-0.0015045029879639,0.399872593500813,0.1123959296947271,2.777058279370953,2.3654024051803884,False,True,False,True,True,False,True,True,True,False,,False,12,3,2
Mono,overall,25,0.75,0.01,2000,10,1000,244,47,47,47,43,-0.0026479848210004,0.4020834758124793,0.1128584643848288,2.788159111933395,2.364477335800185,False,True,False,True,True,False,True,True,True,False,,False,12,3,1
Mono,overall,25,0.75,0.01,2000,25,100,200,88,88,67,83,0.0428522405559209,0.1327130571448753,0.0261233019853709,1.0374869383490073,3.0752351097178683,False,True,False,True,True,False,True,True,True,False,,True,18,0,0
Mono,overall,25,0.75,0.01,2000,25,250,500,96,96,86,93,0.0139646201873048,0.2429009887374776,0.0548245614035087,2.6902412280701755,2.532236842105263,False,True,False,True,True,False,True,True,True,False,,True,17,0,0
Mono,overall,25,0.75,0.01,2000,25,500,968,97,97,97,93,0.0064668329005337,0.35791591387339,0.1039518900343642,5.394974226804123,2.3074527491408934,False,True,False,True,True,False,True,True,True,False,,True,18,6,4
Mono,overall,25,0.75,0.01,2000,25,1000,974,96,96,96,91,-0.0091611787505789,0.3997935672802885,0.106798245614035,5.3826754385964914,2.263267543859649,False,True,False,True,True,False,True,True,True,False,,True,18,6,2
Mono,overall,25,0.75,0.01,2000,50,100,199,121,121,81,109,0.0532271468144044,0.0572786339679874,0.0137052341597796,0.5365013774104683,2.5043388429752067,False,True,False,True,True,True,True,True,True,False,,True,19,1,1
Mono,overall,25,0.75,0.01,2000,50,250,500,143,143,112,140,0.042756786703601,0.1259637651564829,0.0246232640598837,1.6084408549197282,2.633014872451492,False,True,True,True,True,True,True,True,True,False,,True,22,3,2
Mono,overall,25,0.75,0.01,2000,50,500,1000,145,145,134,143,0.018919262960252,0.2116619827629143,0.0478927203065134,3.5612547892720308,2.6625,False,True,False,True,True,True,True,True,True,False,,True,21,1,1
Mono,overall,25,0.75,0.01,2000,50,1000,1651,146,146,145,143,-0.0025662631803844,0.3169789625946405,0.0779877184695323,5.963911195087388,2.434341048653755,False,True,False,True,True,True,True,True,True,False,,True,21,7,5
Mono,overall,25,0.75,0.01,2000,75,100,197,125,125,82,111,0.0524099722991689,0.0539189202953908,0.0127096774193548,0.4678709677419355,2.076516129032258,False,True,False,True,True,True,True,True,True,False,,True,20,1,1
Mono,overall,25,0.75,0.01,2000,75,250,497,157,157,121,153,0.0611857140925257,0.1214304032303848,0.0202923403560346,1.3911481300016333,2.7700473624040503,False,True,True,True,True,True,True,True,True,False,,True,24,3,3
Mono,overall,25,0.75,0.01,2000,75,500,997,163,163,147,159,0.033173153038433,0.1875400643164217,0.0377565704764068,3.057676285692646,2.716617435431341,False,True,True,True,True,True,True,True,True,False,,True,24,7,5
Mono,overall,25,0.75,0.01,2000,75,1000,1803,162,162,160,158,0.0057535034039751,0.3080108949400848,0.0691281343455256,5.680200904838586,2.465876849934821,False,True,True,True,True,True,True,True,True,False,,True,24,9,7
Mono,overall,25,0.75,0.01,2000,100,100,195,124,124,81,110,0.0600674883468215,0.0850275251840716,0.0127852084972462,0.4359428271702071,1.9135195384211907,False,True,False,True,True,True,True,True,True,False,,True,18,1,1
Mono,overall,25,0.75,0.01,2000,100,250,498,156,156,115,153,0.0838303108983461,0.1085767907223754,0.0205955334987593,1.4107940446650125,2.636641852770885,False,True,True,True,True,True,True,True,True,False,,True,24,2,2
Mono,overall,25,0.75,0.01,2000,100,500,997,163,163,149,159,0.0539732043407695,0.1889878845855773,0.0377565704764068,3.043361357267288,2.7722866015299554,False,True,True,True,True,True,True,True,True,False,,True,24,6,4
Mono,overall,25,0.75,0.01,2000,100,1000,1828,164,164,163,160,0.0123534795095229,0.3117378526981681,0.0683824629657339,5.711095316474637,2.494800239413437,False,True,True,True,True,True,True,True,True,False,,True,24,9,6
Mono,overall,25,0.75,0.01,3000,10,100,200,49,49,44,48,0.005799853907962,0.302159149409102,0.0850340136054421,2.2712585034013606,2.4039115646258504,False,True,False,True,True,False,False,True,True,False,,True,11,2,1
Mono,overall,25,0.75,0.01,3000,10,250,347,50,50,50,48,-0.006530094992721,0.4134641976655032,0.1416326530612245,3.9093877551020406,2.2477551020408164,False,True,False,True,True,False,False,True,True,False,,True,11,5,2
Mono,overall,25,0.75,0.01,3000,10,500,344,50,50,50,47,-0.0066641035499166,0.4281446682932169,0.1404081632653061,3.993469387755102,2.166530612244898,False,True,False,True,True,False,False,True,True,False,,True,11,5,2
Mono,overall,25,0.75,0.01,3000,10,1000,363,51,51,51,49,-0.0079147928994082,0.417492909461609,0.1423529411764706,4.134117647058823,2.223529411764706,False,True,False,True,True,False,False,True,True,False,,True,11,5,2
Mono,overall,25,0.75,0.01,3000,25,100,200,93,93,69,88,0.0468679266636487,0.09132295422618,0.0233754090696587,0.9311594202898552,3.0303880317905563,False,True,True,True,True,False,False,True,True,False,,False,16,0,0
Mono,overall,25,0.75,0.01,3000,25,250,500,103,103,92,102,0.0093475958680142,0.2028924806825593,0.0475918522748905,2.603845421663811,2.6880830001903675,False,True,True,True,True,False,False,True,True,False,,True,19,0,0
Mono,overall,25,0.75,0.01,3000,25,500,1000,104,104,101,102,0.0184083864932147,0.305241818935492,0.0933532486930545,5.555731889469754,2.2762322628827483,False,True,True,True,True,False,False,True,True,False,,True,19,4,2
Mono,overall,25,0.75,0.01,3000,25,1000,1508,104,104,104,102,0.003989679619091,0.4028196750059212,0.1407766990291262,8.676717699775953,2.10604929051531,False,True,True,True,True,False,False,True,True,False,,True,19,9,4
Mono,overall,25,0.75,0.01,3000,50,100,197,121,121,84,114,0.0261088392576281,0.0409426661492777,0.0135674931129476,0.6035812672176308,3.112258953168044,False,True,True,True,True,True,False,True,True,False,,False,18,1,1
Mono,overall,25,0.75,0.01,3000,50,250,491,150,150,117,148,0.0294574947377035,0.118506469300125,0.0219686800894854,1.518612975391499,2.9195078299776287,False,True,True,True,True,True,False,True,True,False,,True,21,1,1
Mono,overall,25,0.75,0.01,3000,50,500,989,155,155,144,155,0.0307931552780668,0.1814796634464364,0.0414327607875995,3.518475073313783,2.7745705906996228,False,True,True,True,True,True,False,True,True,False,,True,21,3,2
Mono,overall,25,0.75,0.01,3000,50,1000,1984,155,155,155,155,0.0078270990258891,0.2829787230586115,0.0831168831168831,7.552744030163385,2.384373690825304,False,True,True,True,True,True,False,True,True,False,,True,21,6,4
Mono,overall,25,0.75,0.01,3000,75,100,197,126,126,86,115,0.0458434501098393,0.0293560936418079,0.0125079365079365,0.3719365079365079,1.8413968253968247,False,True,True,True,True,True,True,True,True,False,,False,20,1,1
Mono,overall,25,0.75,0.01,3000,75,250,494,163,163,128,157,0.0365119113573407,0.0873817628596966,0.0187078694236158,1.381314852684996,2.9102855411648867,False,True,True,True,True,True,True,True,True,False,,True,22,2,2
Mono,overall,25,0.75,0.01,3000,75,500,990,173,173,156,172,0.0428689631343738,0.1582310660116432,0.033270600887216,3.015761527086974,2.766198413765291,False,True,True,True,True,True,True,True,True,False,,True,23,4,3
Mono,overall,25,0.75,0.01,3000,75,1000,1984,173,173,173,173,0.0137841195573992,0.2346400202611155,0.0666756284446834,6.8486019626293855,2.5221467939239144,False,True,True,True,True,True,True,True,True,False,,True,23,7,5
Mono,overall,25,0.75,0.01,3000,100,100,197,129,129,82,118,0.0625216788067984,0.0190572992898574,0.0119307170542635,0.2955426356589147,1.5061167635658914,False,True,True,True,True,True,True,True,True,False,,False,20,1,1
Mono,overall,25,0.75,0.01,3000,100,250,493,165,165,128,157,0.0784341770624282,0.0952615117380007,0.0182187730968218,1.285661492978566,2.644235033259424,False,True,True,True,True,True,True,True,True,False,,True,22,2,2
Mono,overall,25,0.75,0.01,3000,100,500,990,175,175,157,174,0.0492087233645964,0.1500996787564117,0.0325123152709359,2.9805254515599344,2.7676847290640394,False,True,True,True,True,True,True,True,True,False,,True,24,5,4
Mono,overall,25,0.75,0.01,3000,100,1000,1983,175,175,175,175,0.0280710298383971,0.2287157105342608,0.0651231527093596,6.730837438423645,2.544499178981938,False,True,True,True,True,True,True,True,True,False,,True,24,10,8
Mono,overall,25,0.75,0.01,4000,10,100,200,49,49,45,48,0.0245592319768143,0.2427702560071297,0.0850340136054421,2.354591836734694,2.515731292517007,False,True,False,True,True,False,False,True,True,False,,True,11,1,1
Mono,overall,25,0.75,0.01,4000,10,250,405,49,49,49,48,0.0226967309876827,0.4484676878402595,0.1721938775510204,5.074404761904762,2.150085034013605,False,True,False,True,True,False,False,True,True,False,,True,10,5,2
Mono,overall,25,0.75,0.01,4000,10,500,406,49,49,49,48,0.0245974854569337,0.4405694255135937,0.1726190476190476,5.130952380952381,2.133078231292517,False,True,False,True,True,False,False,True,True,False,,True,11,5,2
Mono,overall,25,0.75,0.01,4000,10,1000,369,48,48,48,45,0.0328030733436138,0.4261752973986541,0.163563829787234,4.711879432624113,2.048758865248227,False,True,False,False,True,False,False,True,True,False,,False,9,1,0
Mono,overall,25,0.75,0.01,4000,25,100,200,96,96,69,88,0.0164950203712086,0.0786112614237614,0.0219298245614035,0.6495614035087719,1.9962719298245613,False,True,True,True,True,False,False,True,True,False,,False,17,0,0
Mono,overall,25,0.75,0.01,4000,25,250,500,104,104,97,104,0.021143521711496,0.1702035778348542,0.0466766243465272,2.7490664675130696,3.1167849141150112,False,True,True,True,True,False,False,True,True,False,,True,19,1,1
Mono,overall,25,0.75,0.01,4000,25,500,1000,104,104,101,103,0.014159188974266,0.2820554263752209,0.0933532486930545,5.895631067961165,2.34017923823749,False,True,True,True,True,False,False,True,True,False,,True,18,7,3
Mono,overall,25,0.75,0.01,4000,25,1000,1875,104,104,104,104,0.0052796260556247,0.4486321929069177,0.1750373412994772,11.354368932038836,2.033793876026886,False,True,True,True,True,False,False,True,True,False,,True,18,10,4
Mono,overall,25,0.75,0.01,4000,50,100,197,124,124,83,110,0.0543797766019988,0.0410416420497065,0.0129163388408077,0.3476921059533176,1.396079202727511,False,True,True,True,True,True,False,True,True,False,,False,18,1,1
Mono,overall,25,0.75,0.01,4000,50,250,500,147,147,127,146,0.0369240997229916,0.1077135318545225,0.0232969900288882,1.7286366601435097,3.237116764514025,False,True,True,True,True,True,False,True,True,False,,True,20,2,2
Mono,overall,25,0.75,0.01,4000,50,500,1000,154,154,144,154,0.0405270573334594,0.1768470148092656,0.0424412189118071,3.6810117986588575,2.761565232153468,False,True,True,True,True,True,False,True,True,False,,True,22,2,2
Mono,overall,25,0.75,0.01,4000,50,1000,2000,154,154,154,154,0.0220764161841311,0.2725405730653501,0.0848824378236142,8.006451065274595,2.378660555131144,False,True,True,True,True,True,False,True,True,False,,True,22,7,4
Mono,overall,25,0.75,0.01,4000,75,100,197,128,128,90,111,0.0568836565096952,0.0250629578754578,0.0121186023622047,0.2354822834645669,1.3096702755905512,False,True,True,True,True,True,True,True,True,False,,False,19,1,1
Mono,overall,25,0.75,0.01,4000,75,250,500,167,167,136,161,0.0410460069444444,0.0824516652611919,0.0180362167231801,1.388969049852103,3.1569511579251137,False,True,True,True,True,True,True,True,True,False,,True,23,1,1
Mono,overall,25,0.75,0.01,4000,75,500,1000,174,174,160,174,0.0476690783265177,0.1436235757420432,0.0332203840276393,3.1513852900139527,2.9428277190884327,False,True,True,True,True,True,True,True,True,False,,True,24,4,4
Mono,overall,25,0.75,0.01,4000,75,1000,2000,174,174,172,174,0.0374633191667766,0.226509749319491,0.0664407680552787,6.926317188226696,2.494817620091688,False,True,True,True,True,True,True,True,True,False,,True,24,10,7
Mono,overall,25,0.75,0.01,4000,100,100,197,131,131,90,112,0.0629639889196676,0.0244852139329014,0.0115678214914856,0.2125660598943041,1.1831473869641809,False,True,True,True,True,True,True,True,True,False,,False,20,1,1
Mono,overall,25,0.75,0.01,4000,100,250,500,168,168,138,162,0.0702675023196372,0.0899019799749208,0.017821499857428,1.365126889078985,3.2665383518676934,False,True,True,True,True,True,True,True,True,False,,True,23,1,1
Mono,overall,25,0.75,0.01,4000,100,500,1000,176,176,157,176,0.0640033987532589,0.1315987469203413,0.0324675324675324,3.095779220779221,2.851688311688312,False,True,True,True,True,True,True,True,True,False,,True,24,3,3
Mono,overall,25,0.75,0.01,4000,100,1000,2000,176,176,174,176,0.0526014929333504,0.2252375010162714,0.0649350649350649,6.831201298701298,2.51737012987013,False,True,True,True,True,True,True,True,True,False,,True,24,10,8
Mono,overall,25,0.75,0.02,2000,10,100,134,35,35,35,28,0.0617769376181474,0.3755348911739888,0.1126050420168067,1.6403361344537817,1.9403361344537813,False,False,False,False,False,False,False,False,True,False,,False,4,0,0
Mono,overall,25,0.75,0.02,2000,10,250,137,35,35,35,29,0.0540433783395575,0.4016573401535807,0.115126050420168,1.748739495798319,2.007563025210084,False,False,False,False,False,False,False,False,True,False,,False,4,0,0
Mono,overall,25,0.75,0.02,2000,10,500,134,35,35,35,28,0.0594328922495274,0.3947630520739764,0.1126050420168067,1.665546218487395,1.926890756302521,False,False,False,False,False,False,False,False,True,False,,False,4,0,0
Mono,overall,25,0.75,0.02,2000,10,1000,134,35,35,35,28,0.0617769376181474,0.3755348911739888,0.1126050420168067,1.6403361344537817,1.9403361344537813,False,False,False,False,False,False,False,False,True,False,,False,4,0,0
Mono,overall,25,0.75,0.02,2000,25,100,200,76,76,61,72,0.0693364197530864,0.1007832080200501,0.0350877192982456,1.2021052631578948,2.617543859649123,False,True,False,True,True,False,False,False,True,False,,False,13,0,0
Mono,overall,25,0.75,0.02,2000,25,250,500,80,80,77,79,0.0429598521225957,0.2815596251213427,0.0791139240506329,3.679272151898734,2.488607594936709,False,True,False,True,True,False,False,False,True,False,,False,13,2,1
Mono,overall,25,0.75,0.02,2000,25,500,846,80,80,80,79,0.0107201189875015,0.4491637606067986,0.1338607594936708,6.063449367088608,2.210126582278481,False,True,False,True,True,False,False,False,True,False,,False,13,6,4
Mono,overall,25,0.75,0.02,2000,25,1000,846,80,80,80,79,0.0114523112148852,0.449853777286714,0.1338607594936708,6.051582278481012,2.2145569620253163,False,True,False,True,True,False,False,False,True,False,,False,13,6,5
Mono,overall,25,0.75,0.02,2000,50,100,199,104,104,77,97,0.0736501654064272,0.0561126373626373,0.0185772964899178,0.577109783420463,2.347927557879014,False,True,False,True,True,True,False,False,True,False,,False,15,0,0
Mono,overall,25,0.75,0.02,2000,50,250,500,122,122,100,118,0.0772259310291292,0.15875143307223,0.0338707492209727,1.887955561577022,2.384433003658041,False,True,False,True,True,True,False,True,True,False,,False,17,0,0
Mono,overall,25,0.75,0.02,2000,50,500,1000,129,129,121,128,0.0182657448940308,0.2501349776685092,0.0605620155038759,4.149164244186046,2.46578246124031,False,True,False,True,True,True,True,True,True,False,,True,20,5,3
Mono,overall,25,0.75,0.02,2000,50,1000,1402,125,125,125,123,0.0101363771642653,0.367781378219111,0.0904516129032258,6.046387096774193,2.3645806451612903,False,True,False,True,True,True,False,True,True,False,,False,17,5,3
Mono,overall,25,0.75,0.02,2000,75,100,200,114,114,80,102,0.0588227146814404,0.0577865604181393,0.015525539512498,0.4475236764477565,2.0576773792889305,False,True,True,True,True,True,False,False,True,False,,True,17,0,0
Mono,overall,25,0.75,0.02,2000,75,250,500,133,133,111,127,0.0770890998569328,0.1396945929562456,0.0284802916381863,1.6718500797448166,2.50393028024607,False,True,True,True,True,True,False,True,True,False,,False,20,2,2
Mono,overall,25,0.75,0.02,2000,75,500,1000,139,139,128,135,0.0427406642932651,0.2471273437113851,0.0521322072776561,3.733291627567511,2.4589719528724845,False,True,True,True,True,True,True,True,True,False,,False,21,6,5
Mono,overall,25,0.75,0.02,2000,75,1000,1520,141,141,141,138,0.0155210932547643,0.3360885417300516,0.0770010131712259,5.583991894630192,2.4748733535967578,False,True,True,True,True,True,True,True,True,False,,False,21,7,5
Mono,overall,25,0.75,0.02,2000,100,100,199,110,110,80,100,0.0860215053763441,0.0448773448773448,0.0165971643035863,0.4876563803169307,2.170725604670559,False,True,True,True,True,True,False,False,True,False,,False,16,0,0
Mono,overall,25,0.75,0.02,2000,100,250,500,133,133,112,127,0.1063097149346072,0.1384838410953427,0.0284802916381863,1.6875712007290955,2.558042834358624,False,True,True,True,True,True,False,True,True,False,,False,20,2,2
Mono,overall,25,0.75,0.02,2000,100,500,1000,139,139,128,135,0.0515604090392627,0.2414520720070299,0.0521322072776561,3.747158794703368,2.4906683348973,False,True,True,True,True,True,True,True,True,False,,False,21,6,5
Mono,overall,25,0.75,0.02,2000,100,1000,1518,141,141,141,138,0.026898707799878,0.3332206669582797,0.0768996960486322,5.580091185410335,2.4760891590678824,False,True,True,True,True,True,True,True,True,False,,False,21,7,5
Mono,overall,25,0.75,0.02,3000,10,100,174,37,37,35,36,-0.0020172640270219,0.4019997711174182,0.1306306306306306,2.5082582582582584,2.3363363363363363,False,False,False,False,True,False,False,False,True,False,,False,6,1,0
Mono,overall,25,0.75,0.02,3000,10,250,166,35,35,35,34,0.016090361766743,0.3814218088167667,0.1394957983193277,2.552941176470588,2.4630252100840337,False,False,False,False,True,False,False,False,True,False,,False,5,1,0
Mono,overall,25,0.75,0.02,3000,10,500,137,32,32,31,31,0.0021928166351606,0.3874194943128766,0.1381048387096774,2.2681451612903225,2.3205645161290325,False,False,False,False,True,False,False,False,True,False,,False,4,1,0
Mono,overall,25,0.75,0.02,3000,10,1000,156,34,34,33,33,0.0059491617090319,0.3862478112045585,0.1390374331550802,2.413547237076649,2.322638146167558,False,False,False,False,True,False,False,False,True,False,,False,5,1,0
Mono,overall,25,0.75,0.02,3000,25,100,200,90,90,65,84,0.0761742661769536,0.1089552422885756,0.0249687890137328,0.8569288389513109,3.295131086142322,False,True,False,True,True,False,True,True,True,False,,True,14,0,0
Mono,overall,25,0.75,0.02,3000,25,250,500,94,94,82,94,0.0660888888888888,0.2069542412544697,0.0571951498512926,2.9136353237245483,2.425531914893617,False,True,False,True,True,False,True,True,True,False,,True,14,0,0
Mono,overall,25,0.75,0.02,3000,25,500,1000,94,94,92,94,0.0408710620339998,0.3960367851464624,0.1143902997025852,6.205673758865248,2.227751086707847,False,True,False,True,True,False,True,True,True,False,,True,14,6,4
Mono,overall,25,0.75,0.02,3000,25,1000,1229,94,94,94,94,0.0316382343662791,0.4545812691285167,0.1405856783344772,7.669869595058339,2.162434225577671,False,True,False,True,True,False,True,True,True,False,,True,14,7,4
Mono,overall,25,0.75,0.02,3000,50,100,198,116,116,81,98,0.0474219456703489,0.0599996268099716,0.0148425787106446,0.4137181409295352,1.951424287856072,False,True,False,True,True,True,True,True,True,False,,True,19,0,0
Mono,overall,25,0.75,0.02,3000,50,250,499,140,140,110,138,0.059090440583947,0.0932576059193153,0.0256423432682425,1.6942446043165469,2.7060637204522098,False,True,False,True,True,True,True,True,True,False,,True,20,2,2
Mono,overall,25,0.75,0.02,3000,50,500,1000,143,143,129,142,0.0518522658757576,0.1900857760563052,0.0492465281197675,3.896877770117207,2.49162809021964,False,True,False,True,True,True,True,True,True,False,,True,20,4,3
Mono,overall,25,0.75,0.02,3000,50,1000,2000,147,147,146,147,0.0064674279516618,0.3293566465148211,0.093187960115553,7.8546267822197375,2.3062156369397075,False,True,False,True,True,True,True,True,True,False,,True,21,7,5
Mono,overall,25,0.75,0.02,3000,75,100,198,122,122,82,106,0.0818868140352884,0.0397540983606557,0.0134128166915052,0.1879149166779569,1.0255385449126135,False,True,True,True,True,True,True,True,True,False,,True,19,0,0
Mono,overall,25,0.75,0.02,3000,75,250,499,158,158,121,150,0.0766159579523905,0.0869083338471223,0.0201161009433201,1.4362654196565348,2.801298073046844,False,True,True,True,True,True,True,True,True,False,,True,23,1,1
Mono,overall,25,0.75,0.02,3000,75,500,1000,166,166,143,164,0.0585860318701871,0.1809089393075051,0.0365096750638919,3.1315078495801387,2.554180357794816,False,True,True,True,True,True,True,True,True,False,,True,23,5,4
Mono,overall,25,0.75,0.02,3000,75,1000,2000,173,173,170,172,0.0366075323542242,0.2784351629143223,0.0672133351256889,6.393332437155531,2.46928350584756,False,True,True,True,True,True,True,True,True,False,,True,24,9,7
Mono,overall,25,0.75,0.02,3000,100,100,198,122,122,81,107,0.1238682661837935,0.0354247983346344,0.0134128166915052,0.1835117192792304,0.9425552093212302,False,True,True,True,True,True,True,True,True,False,,True,19,0,0
Mono,overall,25,0.75,0.02,3000,100,250,499,159,159,120,151,0.1100378071833648,0.0879942484845082,0.0198630682270519,1.4166467637926916,2.877517713557838,False,True,True,True,True,True,True,True,True,False,,True,23,1,1
Mono,overall,25,0.75,0.02,3000,100,500,1000,170,170,149,167,0.0872314328970627,0.150683179212153,0.0348068221371388,3.0013226592412114,2.590985033066481,False,True,True,True,True,True,True,True,True,False,,True,24,6,5
Mono,overall,25,0.75,0.02,3000,100,1000,2000,173,173,171,173,0.0521920524071131,0.2697667759659529,0.0672133351256889,6.409799704261325,2.5007729533539456,False,True,True,True,True,True,True,True,True,False,,True,24,9,7
Mono,overall,25,0.75,0.02,4000,10,100,200,39,39,37,38,0.0117301038062283,0.3773172601811926,0.1349527665317139,2.970310391363023,2.248987854251012,False,False,False,False,False,False,False,True,True,False,,False,6,0,0
Mono,overall,25,0.75,0.02,4000,10,250,238,41,41,41,39,-0.0003953678196102,0.3751806269804293,0.1451219512195121,3.303658536585366,2.2713414634146343,False,False,False,False,True,False,False,True,True,False,,False,7,1,0
Mono,overall,25,0.75,0.02,4000,10,500,243,41,41,41,39,0.0163071173772719,0.3995490984050978,0.148170731707317,3.372560975609756,2.254268292682927,False,False,False,False,False,False,False,True,True,False,,False,7,0,0
Mono,overall,25,0.75,0.02,4000,10,1000,223,40,40,40,38,0.0077867056245434,0.3803333533623613,0.1429487179487179,3.151923076923077,2.2916666666666665,False,False,False,False,False,False,False,True,True,False,,False,6,0,0
Mono,overall,25,0.75,0.02,4000,25,100,200,92,92,67,85,0.0349934895833333,0.0931551540247192,0.0238891543239369,0.8815097945532728,3.013258480649785,False,True,True,True,True,False,True,True,True,False,,True,16,0,0
Mono,overall,25,0.75,0.02,4000,25,250,500,96,96,87,96,0.0523806982475887,0.1675165277260006,0.0548245614035087,3.069078947368421,2.6836622807017543,False,True,False,True,True,False,True,True,True,False,,True,15,4,2
Mono,overall,25,0.75,0.02,4000,25,500,1000,97,97,96,97,0.0339012426763411,0.3175610984942885,0.1073883161512027,6.5759235395189,2.282860824742268,False,True,False,True,True,False,True,True,True,False,,True,15,8,4
Mono,overall,25,0.75,0.02,4000,25,1000,1600,96,96,96,96,0.017275193727695,0.4579763772634204,0.175438596491228,10.691337719298245,1.9972587719298245,False,True,False,True,True,False,True,True,True,False,,True,15,9,5
Mono,overall,25,0.75,0.02,4000,50,100,198,114,114,82,100,0.0373902599445222,0.06530107319581,0.015370284117373,0.2998757956839,1.5110231330538737,False,True,False,True,True,True,True,True,True,False,,False,16,0,0
Mono,overall,25,0.75,0.02,4000,50,250,500,148,148,126,145,0.0554977454040929,0.0980964762108649,0.0229821658393086,1.67287185144328,3.4000735429306856,False,True,False,True,True,True,True,True,True,False,,True,21,1,0
Mono,overall,25,0.75,0.02,4000,50,500,1000,151,151,140,151,0.0395662702867341,0.1583598586583752,0.0441501103752759,3.89514348785872,2.667240618101545,False,True,True,True,True,True,True,True,True,False,,True,21,4,3
Mono,overall,25,0.75,0.02,4000,50,1000,2000,153,153,151,153,0.0168190755594394,0.2730264544973668,0.0859993120055039,8.17174062607499,2.277734778121775,False,True,False,True,True,True,True,True,True,False,,True,21,10,5
Mono,overall,25,0.75,0.02,4000,75,100,196,122,122,85,105,0.0532757585289828,0.0398061410356492,0.0132773336946213,0.2711692182631079,1.4429616583118818,False,True,True,True,True,True,True,True,True,False,,False,17,1,1
Mono,overall,25,0.75,0.02,4000,75,250,500,161,161,132,158,0.0886576482830384,0.0903523153292241,0.0194099378881987,1.477833850931677,3.387849378881988,False,True,True,True,True,True,True,True,True,False,,True,22,3,2
Mono,overall,25,0.75,0.02,4000,75,500,1000,175,175,156,174,0.0769504384160159,0.1255713159872773,0.0328407224958949,3.089556650246305,2.788505747126437,False,True,True,True,True,True,True,True,True,False,,True,24,8,6
Mono,overall,25,0.75,0.02,4000,75,1000,2000,175,175,171,175,0.0472654698521778,0.2341081819022356,0.0656814449917898,6.866929392446634,2.4180952380952383,False,True,False,True,True,True,True,True,True,False,,True,23,9,5
Mono,overall,25,0.75,0.02,4000,100,100,194,121,121,85,106,0.0890565383281304,0.0293060474878656,0.0133608815426997,0.2786501377410468,1.4466253443526171,False,True,True,True,True,True,True,True,True,False,,False,17,1,1
Mono,overall,25,0.75,0.02,4000,100,250,500,164,164,130,160,0.110503051506495,0.0873754047512076,0.018704174771809,1.3974637139009427,3.2918973514888523,False,True,True,True,True,True,True,True,True,False,,True,22,3,2
Mono,overall,25,0.75,0.02,4000,100,500,1000,175,175,152,173,0.0950546089896112,0.1283695442875743,0.0328407224958949,3.084006568144499,2.625944170771757,False,True,True,True,True,True,True,True,True,False,,True,24,4,4
Mono,overall,25,0.75,0.02,4000,100,1000,2000,178,178,173,178,0.0643897399717798,0.2260767157309404,0.0634799720688122,6.776106138513299,2.423125753824668,False,True,True,True,True,True,True,True,True,False,,True,24,12,8
Mono,overall,25,0.75,0.03,2000,10,100,167,32,32,32,30,-0.0049239554804498,0.5540639231017521,0.1683467741935483,2.788306451612903,2.1764112903225805,False,True,False,False,True,False,False,False,True,False,,False,7,1,0
Mono,overall,25,0.75,0.03,2000,10,250,158,32,32,32,30,0.0099836230788611,0.5261098582789758,0.1592741935483871,2.501008064516129,2.2600806451612905,False,True,False,False,True,False,False,False,True,False,,False,6,1,0
Mono,overall,25,0.75,0.03,2000,10,500,128,31,31,31,29,0.0047582304526748,0.4856473381141312,0.1376344086021505,2.1451612903225805,2.41505376344086,False,False,False,False,True,False,False,False,True,False,,False,5,1,0
Mono,overall,25,0.75,0.03,2000,10,1000,158,32,32,32,30,0.0103300579491055,0.5132291472824559,0.1592741935483871,2.5504032258064515,2.246975806451613,False,True,False,False,True,False,False,False,True,False,,False,6,1,0
Mono,overall,25,0.75,0.03,2000,25,100,200,76,76,60,75,0.0701757123685278,0.1377016258595206,0.0350877192982456,1.2894736842105263,2.824561403508772,False,True,False,True,True,False,False,False,True,False,,True,15,0,0
Mono,overall,25,0.75,0.03,2000,25,250,500,83,83,76,82,0.0397856047251665,0.3099030040904036,0.0734645900675874,3.256097560975609,2.393917131942404,False,True,False,True,True,False,True,False,True,False,,True,16,1,0
Mono,overall,25,0.75,0.03,2000,25,500,829,83,83,82,82,0.0042700358015673,0.4519680051154691,0.1218042903320599,5.379665001469292,2.233176608874522,False,True,False,True,True,False,True,False,True,False,,True,16,5,2
Mono,overall,25,0.75,0.03,2000,25,1000,830,83,83,82,82,0.0027306913119868,0.4525429691612759,0.1219512195121951,5.3842198060534825,2.2339112547751983,False,True,False,True,True,False,True,False,True,False,,True,16,5,2
Mono,overall,25,0.75,0.03,2000,50,100,199,97,97,72,92,0.0821441848494381,0.1221880067240891,0.0213702749140893,0.6660223367697594,2.4111898625429555,False,True,False,True,True,True,False,False,True,False,,False,15,0,0
Mono,overall,25,0.75,0.03,2000,50,250,500,120,120,100,114,0.0677898423122901,0.1727166729095824,0.0350140056022409,1.9817226890756303,2.5483193277310923,False,True,False,True,True,True,True,False,True,False,,True,19,0,0
Mono,overall,25,0.75,0.03,2000,50,500,1000,119,119,115,119,0.0280703430752418,0.3506031492845926,0.0712149266486255,4.372097991739069,2.5111095285571854,False,True,False,True,True,True,False,True,True,False,,True,19,3,1
Mono,overall,25,0.75,0.03,2000,50,1000,1307,120,120,119,119,0.0095186042524005,0.4069481350868218,0.0915266106442577,5.646778711484594,2.3931372549019607,False,True,False,True,True,True,False,True,True,False,,True,19,5,2
Mono,overall,25,0.75,0.03,2000,75,100,198,99,99,75,94,0.0885962554868762,0.0854351596775839,0.0204081632653061,0.6915069057926201,2.750566893424036,False,True,True,True,True,True,False,False,True,False,,False,17,0,0
Mono,overall,25,0.75,0.03,2000,75,250,500,126,126,104,123,0.0863149307588747,0.1618005740444189,0.0317460317460317,1.8794920634920635,2.555555555555556,False,True,True,True,True,True,False,False,True,False,,True,20,2,2
Mono,overall,25,0.75,0.03,2000,75,500,1000,134,134,124,131,0.0542215535015423,0.3025342973617109,0.0561104253170239,3.664571877454831,2.4878801481315227,False,True,True,True,True,True,True,True,True,False,,True,22,5,3
Mono,overall,25,0.75,0.03,2000,75,1000,1419,136,136,135,132,0.0247143789283913,0.3737309184329575,0.0772875816993464,5.13099128540305,2.43921568627451,False,True,True,True,True,True,True,True,True,False,,True,22,7,3
Mono,overall,25,0.75,0.03,2000,100,100,198,99,99,75,94,0.0931350592731941,0.0888247554914221,0.0204081632653061,0.7227375798804371,2.824366110080396,False,True,True,True,True,True,False,False,True,False,,False,17,0,0
Mono,overall,25,0.75,0.03,2000,100,250,500,127,127,102,124,0.0895417245297311,0.1737996241565462,0.0312460942382202,1.8165229346331708,2.4956880389951257,False,True,True,True,True,True,False,False,True,False,,True,20,1,1
Mono,overall,25,0.75,0.03,2000,100,500,1000,132,132,123,130,0.0483019848084366,0.3013779964081279,0.0578302105019662,3.76058292852186,2.51116123062688,False,True,True,True,True,True,True,True,True,False,,True,22,5,3
Mono,overall,25,0.75,0.03,2000,100,1000,1410,135,135,133,131,0.0174274714951463,0.3684116638199831,0.0779436152570481,5.115809839690437,2.431896075179657,False,True,True,True,True,True,True,True,True,False,,True,22,7,4
Mono,overall,25,0.75,0.03,3000,10,100,171,36,36,36,34,0.0286548442906574,0.3686386507464939,0.1357142857142857,2.623809523809524,2.2928571428571427,False,False,False,False,True,False,True,False,True,False,,False,5,1,0
Mono,overall,25,0.75,0.03,3000,10,250,167,34,34,34,32,0.0300681778451139,0.3811818756022908,0.1488413547237076,2.77807486631016,2.197860962566845,False,False,False,False,True,False,True,False,True,False,,False,5,1,0
Mono,overall,25,0.75,0.03,3000,10,500,165,35,35,35,32,0.024153604102325,0.3641505086883237,0.1386554621848739,2.62436974789916,2.173109243697479,False,False,False,False,True,False,True,False,True,False,,False,5,1,0
Mono,overall,25,0.75,0.03,3000,10,1000,166,35,35,35,32,0.024153604102325,0.3641505086883237,0.1394957983193277,2.632773109243697,2.16890756302521,False,False,False,False,True,False,True,False,True,False,,False,5,1,0
Mono,overall,25,0.75,0.03,3000,25,100,200,86,86,67,80,0.0783169896030245,0.1387968506641557,0.027359781121751,0.9682626538987688,3.0772913816689464,False,True,False,True,True,False,True,True,True,False,,True,16,1,0
Mono,overall,25,0.75,0.03,3000,25,250,500,92,92,78,92,0.0452882502790164,0.2447090910191595,0.0597228858098423,2.969063545150502,2.343167701863354,False,True,False,True,True,False,True,True,True,False,,True,16,3,1
Mono,overall,25,0.75,0.03,3000,25,500,1000,93,93,91,92,0.0271975205361812,0.3778946095553681,0.1168770453482936,6.263908368396447,2.208625525946704,False,True,False,True,True,False,True,True,True,False,,True,16,5,3
Mono,overall,25,0.75,0.03,3000,25,1000,1279,93,93,93,92,0.0245547294616699,0.4471972035126945,0.1494857410004675,8.068723702664796,2.1205002337540906,False,True,False,True,True,False,True,True,True,False,,True,16,7,4
Mono,overall,25,0.75,0.03,3000,50,100,199,117,117,82,106,0.0909348121321865,0.0663546804572445,0.0146625405246094,0.4346448570586501,2.084143825523136,False,True,False,True,True,True,True,True,True,False,,True,18,1,0
Mono,overall,25,0.75,0.03,3000,50,250,499,138,138,114,133,0.073433384295161,0.1392915515630404,0.0263937374378504,1.6908388871257802,2.694858774992066,False,True,False,True,True,True,True,True,True,False,,True,20,2,1
Mono,overall,25,0.75,0.03,3000,50,500,984,142,142,126,141,0.051149066625655,0.2234187159361053,0.0491459394665867,3.677954250324643,2.4321746079312754,False,True,False,True,True,True,True,True,True,False,,True,20,4,2
Mono,overall,25,0.75,0.03,3000,50,1000,1966,141,141,138,138,0.0005477430668688,0.365569254433905,0.0995947315096251,7.779331306990882,2.180496453900709,False,True,False,True,True,True,True,True,True,False,,True,20,7,3
Mono,overall,25,0.75,0.03,3000,75,100,193,115,115,80,100,0.127490641226905,0.0747550034506556,0.0147215865751334,0.3622425629290617,1.6893211289092296,False,True,False,True,True,True,True,False,True,False,,True,18,1,0
Mono,overall,25,0.75,0.03,3000,75,250,499,156,156,125,146,0.1106301460701062,0.1162355907130154,0.0206368899917287,1.4403225806451614,2.8049214226633583,False,True,True,True,True,True,True,True,True,False,,True,23,3,2
Mono,overall,25,0.75,0.03,3000,75,500,986,159,159,141,156,0.0736868387378671,0.2009870139263052,0.0392484674787039,3.1269405302125626,2.6011464055409603,False,True,True,True,True,True,True,True,True,False,,True,23,6,4
Mono,overall,25,0.75,0.03,3000,75,1000,1965,162,162,160,159,0.0319706885234958,0.319172027478413,0.0753393144697492,6.576987961045932,2.393068016256422,False,True,True,True,True,True,True,True,True,False,,True,23,7,5
Mono,overall,25,0.75,0.03,3000,100,100,193,115,115,80,101,0.1572575775872479,0.0666804692891649,0.0147215865751334,0.4030511060259344,1.891762013729977,False,True,False,True,True,True,True,False,True,False,,True,18,1,0
Mono,overall,25,0.75,0.03,3000,100,250,499,156,156,125,147,0.1170702168026671,0.1209033648189062,0.0206368899917287,1.4231596360628618,2.699917287014061,False,True,True,True,True,True,True,True,True,False,,True,23,4,3
Mono,overall,25,0.75,0.03,3000,100,500,985,162,162,145,159,0.0799263365668154,0.2057055251270545,0.0377655087800015,3.1293612453032744,2.6588068399662603,False,True,True,True,True,True,True,True,True,False,,True,23,6,4
Mono,overall,25,0.75,0.03,3000,100,1000,1965,163,163,159,160,0.0362378045766902,0.3252238913576735,0.0744149057032492,6.470347648261758,2.3641975308641974,False,True,True,True,True,True,True,True,True,False,,True,23,7,5
Mono,overall,25,0.75,0.03,4000,10,100,200,40,40,39,39,0.0063419774925665,0.3440246062846682,0.1282051282051282,2.8737179487179487,2.1839743589743588,False,False,False,False,True,False,False,True,True,False,,False,6,1,0
Mono,overall,25,0.75,0.03,4000,10,250,236,40,40,40,39,0.0047756584403328,0.4254019024958081,0.1512820512820512,3.4269230769230767,2.223076923076923,False,False,False,False,True,False,False,True,True,False,,False,6,1,0
Mono,overall,25,0.75,0.03,4000,10,500,235,40,40,40,39,0.0010550352641923,0.4237512300370693,0.1506410256410256,3.400641025641025,2.2115384615384617,False,False,False,False,True,False,False,True,True,False,,False,6,1,0
Mono,overall,25,0.75,0.03,4000,10,1000,236,40,40,40,39,0.0003431610855328,0.4199214728377469,0.1512820512820512,3.417307692307692,2.2096153846153848,False,False,False,False,True,False,False,True,True,False,,False,6,1,0
Mono,overall,25,0.75,0.03,4000,25,100,200,91,91,70,88,0.0430341783612494,0.0458318238538018,0.0244200244200244,0.8587301587301587,2.7382173382173383,False,True,False,True,True,False,True,True,True,False,,True,16,1,0
Mono,overall,25,0.75,0.03,4000,25,250,500,100,100,90,100,0.0508987654320987,0.1813347718647894,0.0505050505050505,2.861515151515152,2.624848484848485,False,True,False,True,True,False,True,True,True,False,,True,16,3,2
Mono,overall,25,0.75,0.03,4000,25,500,1000,100,100,98,100,0.0337719812895689,0.3271794833833201,0.101010101010101,6.143939393939394,2.29969696969697,False,True,False,True,True,False,True,True,True,False,,True,16,3,2
Mono,overall,25,0.75,0.03,4000,25,1000,1758,100,100,100,100,0.0231028154861828,0.4603181677198664,0.1775757575757575,11.064141414141414,1.993636363636364,False,True,False,True,True,False,True,True,True,False,,True,16,9,6
Mono,overall,25,0.75,0.03,4000,50,100,199,114,114,79,103,0.0248209635416666,0.0411717424875319,0.0154479118149355,0.3385343890700202,1.4201210992081974,False,True,False,True,True,True,True,True,True,False,,False,19,0,0
Mono,overall,25,0.75,0.03,4000,50,250,500,146,146,119,142,0.0606936948553113,0.103228930258412,0.0236183278223901,1.5767123287671232,2.9998582900330657,False,True,False,True,True,True,True,True,True,False,,True,21,2,1
Mono,overall,25,0.75,0.03,4000,50,500,1000,151,151,139,151,0.041629376392662,0.1742313717393223,0.0441501103752759,3.743046357615894,2.6952317880794703,False,True,False,True,True,True,True,True,True,False,,True,21,3,2
Mono,overall,25,0.75,0.03,4000,50,1000,2000,153,153,153,153,0.0209866045213972,0.2981999361758274,0.0859993120055039,7.867733058135535,2.332043343653251,False,True,False,True,True,True,True,True,True,False,,True,21,6,3
Mono,overall,25,0.75,0.03,4000,75,100,193,119,119,78,108,0.1008642617643658,0.0641656662665066,0.0137444808431847,0.2351516877937615,1.0146702748896168,False,True,True,True,True,True,True,True,True,False,,False,20,0,0
Mono,overall,25,0.75,0.03,4000,75,250,500,162,162,123,157,0.0933772690484448,0.0821458680539252,0.0191703090253814,1.3970170999156506,3.088145080898704,False,True,True,True,True,True,True,True,True,False,,True,24,5,4
Mono,overall,25,0.75,0.03,4000,75,500,1000,170,170,153,170,0.0709118430670976,0.1499389859697721,0.0348068221371388,3.217577445179255,2.729759832927254,False,True,True,True,True,True,True,True,True,False,,True,24,6,5
Mono,overall,25,0.75,0.03,4000,75,1000,2000,172,172,171,172,0.0494170723413081,0.2413458401502089,0.0679994560043519,6.8773969808241535,2.4757241942064465,False,True,True,True,True,True,True,True,True,False,,True,24,6,5
Mono,overall,25,0.75,0.03,4000,100,100,200,125,125,81,113,0.125453032296169,0.0505514041514041,0.0129032258064516,0.2856129032258064,1.4588387096774194,False,True,True,True,True,True,True,True,True,False,,False,22,2,2
Mono,overall,25,0.75,0.03,4000,100,250,500,162,162,126,157,0.1440952711296103,0.0988727010580391,0.0191703090253814,1.4384249674104748,3.219001610305958,False,True,True,True,True,True,True,True,True,False,,True,24,5,4
Mono,overall,25,0.75,0.03,4000,100,500,1000,174,174,154,173,0.1138367386775368,0.1549494979548021,0.0332203840276393,3.0789980732177264,2.7496511859677097,False,True,True,True,True,True,True,True,True,False,,True,24,6,5
Mono,overall,25,0.75,0.03,4000,100,1000,2000,176,176,174,176,0.0692530930438076,0.2376450153128492,0.0649350649350649,6.693376623376623,2.4960064935064934,False,True,True,True,True,True,True,True,True,False,,True,24,6,5
Mono,overall,25,0.9,0.005,2000,10,100,200,44,44,44,39,0.0205427184762369,0.3170035334931198,0.1057082452431289,2.6601479915433406,2.386892177589852,False,True,False,True,True,False,True,True,True,False,,False,11,2,1
Mono,overall,25,0.9,0.005,2000,10,250,257,44,44,44,38,0.0322051685688049,0.409651774992684,0.1358350951374207,3.41384778012685,2.0258985200845667,False,True,False,True,True,False,True,True,True,False,,False,11,2,1
Mono,overall,25,0.9,0.005,2000,10,500,273,45,45,45,39,0.0375355277943023,0.4045336689454336,0.1378787878787878,3.5323232323232325,2.0318181818181817,False,True,False,True,True,False,True,True,True,False,,False,11,2,1
Mono,overall,25,0.9,0.005,2000,10,1000,273,45,45,45,39,0.0375355277943023,0.4045336689454336,0.1378787878787878,3.5323232323232325,2.0318181818181817,False,True,False,True,True,False,True,True,True,False,,False,11,2,1
Mono,overall,25,0.9,0.005,2000,25,100,200,82,82,64,79,0.0678032769097222,0.1419903944294188,0.0301114122252333,1.0947003914483588,3.138211382113821,False,True,False,True,True,False,True,True,True,False,,True,16,1,1
Mono,overall,25,0.9,0.005,2000,25,250,500,89,89,82,85,0.0276321711576143,0.2139810532993715,0.0638406537282941,3.0686925434116445,2.384320735444331,False,True,False,True,True,False,True,True,True,False,,True,16,2,2
Mono,overall,25,0.9,0.005,2000,25,500,976,91,91,90,86,-0.0050839506172839,0.3978725276757189,0.1191697191697191,6.093894993894994,2.165079365079365,False,True,False,True,True,False,True,True,True,False,,True,16,4,3
Mono,overall,25,0.9,0.005,2000,25,1000,967,90,90,89,85,-0.0050259421752126,0.3996991639408586,0.1207240948813982,6.130212234706617,2.1580524344569287,False,True,False,True,True,False,True,True,True,False,,True,16,4,3
Mono,overall,25,0.9,0.005,2000,50,100,197,113,113,79,99,0.0813444656232381,0.0866320705727265,0.0155657395701643,0.4665771175726927,1.7338021491782554,False,True,True,True,True,True,True,True,True,False,,True,19,1,1
Mono,overall,25,0.9,0.005,2000,50,250,500,139,139,114,134,0.0704148073848317,0.1367015147736953,0.026066103638828,1.6790741319987488,2.839745594828485,False,True,True,True,True,True,True,True,True,False,,True,20,1,1
Mono,overall,25,0.9,0.005,2000,50,500,1000,143,143,135,138,0.0218201423045487,0.210787905870018,0.0492465281197675,3.606914212548016,2.607308184772973,False,True,True,True,True,True,True,True,True,False,,True,20,5,5
Mono,overall,25,0.9,0.005,2000,50,1000,1637,143,143,142,139,0.0127441987259399,0.3144080847333338,0.0806165665320595,6.065350142814932,2.498128631931449,False,True,True,True,True,True,True,True,True,False,,True,20,8,6
Mono,overall,25,0.9,0.005,2000,75,100,198,121,121,82,100,-0.0175895419279413,0.0694259597152159,0.0136363636363636,0.3778236914600551,1.544146005509642,False,True,True,True,True,True,True,True,True,False,,True,21,1,1
Mono,overall,25,0.9,0.005,2000,75,250,500,151,151,122,145,0.0148447749094538,0.1140347911352627,0.0220750551876379,1.4701986754966887,2.8005298013245032,False,True,True,True,True,True,True,True,True,False,,True,22,2,2
Mono,overall,25,0.9,0.005,2000,75,500,1000,160,160,145,153,0.0150227459218899,0.1821961009207092,0.0393081761006289,3.0755503144654086,2.59748427672956,False,True,True,True,True,True,True,True,True,False,,True,23,3,3
Mono,overall,25,0.9,0.005,2000,75,1000,1971,162,162,162,160,0.0061970531507543,0.2762514255314273,0.0755693581780538,6.53416149068323,2.6283643892339543,False,True,True,True,True,True,True,True,True,False,,True,23,8,6
Mono,overall,25,0.9,0.005,2000,100,100,198,122,122,82,100,0.0150255074928259,0.0850110834199551,0.0134128166915052,0.334507519306327,1.3874136295894866,False,True,True,True,True,True,True,True,True,False,,True,21,1,1
Mono,overall,25,0.9,0.005,2000,100,250,500,152,152,121,146,0.0241636175837257,0.1260830198048363,0.021784593935169,1.4534681073544788,2.743028929940746,False,True,True,True,True,True,True,True,True,False,,True,22,2,2
Mono,overall,25,0.9,0.005,2000,100,500,1000,162,162,150,155,0.0273917929881308,0.1762409662542397,0.0383406180507629,3.050494593972855,2.7148991641745264,False,True,True,True,True,True,True,True,True,False,,True,23,3,3
Mono,overall,25,0.9,0.005,2000,100,1000,1954,163,163,162,161,0.0098747411251543,0.2720105411000597,0.0739983337120351,6.427440733166705,2.621146709081269,False,True,True,True,True,True,True,True,True,False,,True,23,7,6
Mono,overall,25,0.9,0.005,3000,10,100,200,47,47,47,42,0.0012856099342585,0.2140207310420076,0.0925069380203515,2.4477335800185016,2.5383903792784457,False,True,False,False,True,False,False,True,True,False,,False,10,0,0
Mono,overall,25,0.9,0.005,3000,10,250,334,46,46,46,41,0.012917040454526,0.4359430002405388,0.1613526570048309,4.319323671497584,1.9830917874396128,False,True,False,True,True,False,True,True,True,False,,False,11,3,1
Mono,overall,25,0.9,0.005,3000,10,500,334,46,46,46,41,0.012917040454526,0.4359430002405388,0.1613526570048309,4.319323671497584,1.9830917874396128,False,True,False,True,True,False,True,True,True,False,,False,11,3,1
Mono,overall,25,0.9,0.005,3000,10,1000,322,45,45,45,39,0.0132835392128698,0.4491344283893304,0.1626262626262626,4.216161616161616,1.9075757575757573,False,True,False,True,True,False,True,True,True,False,,False,11,3,1
Mono,overall,25,0.9,0.005,3000,25,100,200,92,92,67,80,0.0607850661988432,0.0931423293955263,0.0238891543239369,0.6391543239369326,1.895007166746297,False,True,True,True,True,False,True,True,True,False,,True,17,0,0
Mono,overall,25,0.9,0.005,3000,25,250,500,97,97,91,93,0.0109619226832462,0.2045608283582966,0.0536941580756013,2.8222723367697595,2.633805841924399,False,True,True,True,True,False,True,True,True,False,,True,17,2,1
Mono,overall,25,0.9,0.005,3000,25,500,1000,98,98,95,96,0.0111137181381119,0.2998287770207167,0.1051967178624027,5.9054281506417,2.331159267830844,False,True,True,True,True,False,False,True,True,False,,True,16,5,4
Mono,overall,25,0.9,0.005,3000,25,1000,1324,98,98,98,96,0.0066191020594382,0.3789350665583089,0.1392804544498211,7.781190826846203,2.2646749421418053,False,True,True,True,True,False,False,True,True,False,,True,16,7,4
Mono,overall,25,0.9,0.005,3000,50,100,199,117,117,83,102,0.0899889929931005,0.0499721076644153,0.0146625405246094,0.3654582964927793,1.6054376657824934,False,True,True,True,True,True,True,True,True,False,,True,20,1,1
Mono,overall,25,0.9,0.005,3000,50,250,499,142,142,115,136,0.0383234580971245,0.1266560998815054,0.024922585156328,1.5643791828988114,2.547547697532714,False,True,True,True,True,True,True,True,True,False,,True,21,2,2
Mono,overall,25,0.9,0.005,3000,50,500,1000,147,147,137,143,0.0194799344259412,0.1947050581266562,0.0465939800577765,3.5361569285248344,2.6767775603392043,False,True,True,True,True,True,True,True,True,False,,True,21,4,3
Mono,overall,25,0.9,0.005,3000,50,1000,2000,147,147,147,144,0.0068240877181305,0.314214128130948,0.093187960115553,7.498555586618209,2.397959183673469,False,True,True,True,True,True,True,True,True,False,,True,21,9,6
Mono,overall,25,0.9,0.005,3000,75,100,190,117,117,80,100,-0.0143170197224251,0.0635734635734635,0.0139994105511346,0.3575744179192455,1.5896699086354258,False,True,True,True,True,False,True,True,True,False,,True,18,1,1
Mono,overall,25,0.9,0.005,3000,75,250,499,158,158,125,150,0.0228419598256988,0.1083199073116544,0.0201161009433201,1.3847859388857535,2.7656615334999595,False,True,True,True,True,True,True,True,True,False,,True,23,1,1
Mono,overall,25,0.9,0.005,3000,75,500,1000,165,165,151,162,0.0432649739583333,0.1573449898951747,0.0369549150036954,3.1050258684405025,2.730266075388027,False,True,True,True,True,True,True,True,True,False,,True,23,4,4
Mono,overall,25,0.9,0.005,3000,75,1000,2000,163,163,161,161,0.0203025598540806,0.2738575736244076,0.0757403620389305,6.726009240324169,2.4780731651897296,False,True,True,True,True,True,True,True,True,False,,True,23,7,5
Mono,overall,25,0.9,0.005,3000,100,100,190,118,118,83,101,-0.0089262235208181,0.064184826472962,0.0137621324062002,0.3904823989569752,1.806171229900044,False,True,True,True,True,False,True,True,True,False,,True,19,1,1
Mono,overall,25,0.9,0.005,3000,100,250,499,160,160,125,152,0.0293208630035073,0.111425831609555,0.0196147798742138,1.3557389937106918,2.7459512578616354,False,True,True,True,True,True,True,True,True,False,,True,23,1,1
Mono,overall,25,0.9,0.005,3000,100,500,1000,165,165,150,161,0.0319765278969205,0.1630862799620724,0.0369549150036954,2.9972653362897264,2.6506651884700667,False,True,True,True,True,True,True,True,True,False,,True,23,4,3
Mono,overall,25,0.9,0.005,3000,100,1000,2000,166,166,164,164,0.0330342465225515,0.2490666809710886,0.0730193501277838,6.57101131799927,2.5171960569550933,False,True,True,True,True,True,True,True,True,False,,True,23,8,5
Mono,overall,25,0.9,0.005,4000,10,100,200,49,49,46,46,-0.0008237946583419,0.2662770336239724,0.0850340136054421,2.284863945578232,2.4910714285714284,False,True,False,False,True,False,False,False,True,False,,False,10,0,0
Mono,overall,25,0.9,0.005,4000,10,250,400,47,47,47,44,-0.0055882904860198,0.4890567374596641,0.185013876040703,4.883441258094357,1.9796484736355229,False,True,False,True,True,False,True,False,True,False,,False,12,2,1
Mono,overall,25,0.9,0.005,4000,10,500,397,49,49,49,46,-0.0192435541681119,0.4588907902651822,0.1687925170068027,4.460884353741497,2.1139455782312924,False,True,False,False,True,False,False,False,True,False,,False,10,0,0
Mono,overall,25,0.9,0.005,4000,10,1000,400,47,47,47,44,-0.0055882904860198,0.4890567374596641,0.185013876040703,4.883441258094357,1.9796484736355229,False,True,False,True,True,False,True,False,True,False,,False,12,2,1
Mono,overall,25,0.9,0.005,4000,25,100,200,93,93,66,86,0.0675145966393465,0.0729762471697955,0.0233754090696587,0.793010752688172,2.61231884057971,False,True,True,True,True,False,False,True,True,False,,True,16,1,1
Mono,overall,25,0.9,0.005,4000,25,250,500,99,99,84,97,0.0323811679492983,0.2048426863868436,0.0515357658214801,2.6044114615543186,2.3771387342815915,False,True,True,True,True,False,True,True,True,False,,True,18,1,1
Mono,overall,25,0.9,0.005,4000,25,500,1000,99,99,96,97,0.0037005587468748,0.3355182359847448,0.1030715316429602,5.759740259740259,2.256751185322614,False,True,True,True,True,False,True,True,True,False,,True,18,5,3
Mono,overall,25,0.9,0.005,4000,25,1000,1665,99,99,99,97,-0.004268321036642,0.4771403049038643,0.1716141001855287,9.707070707070708,2.0653473510616367,False,True,True,True,True,False,True,True,True,False,,True,18,9,6
Mono,overall,25,0.9,0.005,4000,50,100,189,105,105,70,94,0.0538236435844605,0.0625995697424268,0.0173076923076923,0.5009157509157509,1.960164835164835,False,True,True,True,True,False,True,True,True,False,,True,18,0,0
Mono,overall,25,0.9,0.005,4000,50,250,500,147,147,120,140,0.0736295226939717,0.1194427966410443,0.0232969900288882,1.4933836548317958,2.7155437517472745,False,True,True,True,True,True,True,True,True,False,,True,21,1,1
Mono,overall,25,0.9,0.005,4000,50,500,1000,149,149,135,147,0.0277043386921611,0.2064601756094054,0.0453473607836023,3.488935243968801,2.616633411935425,False,True,True,True,True,True,True,True,True,False,,True,21,5,5
Mono,overall,25,0.9,0.005,4000,50,1000,2000,149,149,146,147,0.011018728803893,0.3099703157563898,0.0906947215672047,7.473970614910212,2.31797569381462,False,True,True,True,True,True,True,True,True,False,,True,21,8,7
Mono,overall,25,0.9,0.005,4000,75,100,186,111,111,77,97,0.0222497282936843,0.0676528176528176,0.0152334152334152,0.4356265356265356,1.9301392301392304,False,True,True,True,True,False,True,True,True,False,,True,18,0,0
Mono,overall,25,0.9,0.005,4000,75,250,500,159,159,127,151,0.0463888138746361,0.1123470163770668,0.0199028739750019,1.3489371865297348,2.920348698352042,False,True,True,True,True,True,True,True,True,False,,True,22,1,1
Mono,overall,25,0.9,0.005,4000,75,500,1000,163,163,149,160,0.0199355763540124,0.1743917391849919,0.0378701810194652,3.156441717791412,2.7439597061273955,False,True,True,True,True,True,True,True,True,False,,True,23,5,5
Mono,overall,25,0.9,0.005,4000,75,1000,2000,163,163,161,162,0.01669801914301,0.2743798231696251,0.0757403620389305,6.889759903052337,2.460728622282814,False,True,True,True,True,True,True,True,True,False,,True,23,8,7
Mono,overall,25,0.9,0.005,4000,100,100,184,112,112,75,97,0.0261111111111111,0.0599767791732077,0.0148005148005148,0.3898005148005148,1.714205276705277,False,True,True,True,True,False,True,True,True,False,,True,18,0,0
Mono,overall,25,0.9,0.005,4000,100,250,499,159,159,124,152,0.0484111383754429,0.1172380412899908,0.0198630682270519,1.3226255871347825,2.99733301488735,False,True,True,True,True,True,True,True,True,False,,True,23,1,1
Mono,overall,25,0.9,0.005,4000,100,500,1000,165,165,152,163,0.0413313802083333,0.1621014832936222,0.0369549150036954,3.1678861788617887,2.896193643754619,False,True,True,True,True,True,True,True,True,False,,True,23,3,3
Mono,overall,25,0.9,0.005,4000,100,1000,2000,165,165,163,164,0.0279305571197434,0.2709634637362294,0.0739098300073909,6.758647450110865,2.4827420546932744,False,True,True,True,True,True,True,True,True,False,,True,23,7,6
Mono,overall,25,0.9,0.01,2000,10,100,200,43,43,41,42,0.0303084594941622,0.3453426452508459,0.1107419712070874,2.571428571428572,2.3831672203765226,False,True,False,True,True,False,True,True,True,False,,False,10,2,1
Mono,overall,25,0.9,0.01,2000,10,250,254,45,45,45,42,0.0232737743368738,0.4172081763975693,0.1282828282828282,3.0318181818181817,2.348989898989899,False,True,False,True,True,False,True,True,True,False,,False,10,2,2
Mono,overall,25,0.9,0.01,2000,10,500,254,45,45,45,42,0.0238553803321828,0.4174788464851731,0.1282828282828282,3.0388888888888888,2.345454545454545,False,True,False,True,True,False,True,True,True,False,,False,10,2,2
Mono,overall,25,0.9,0.01,2000,10,1000,247,46,46,46,41,0.0090188823422952,0.3915295927356771,0.1193236714975845,2.7975845410628017,2.241545893719807,False,True,False,True,True,False,True,True,True,False,,False,10,2,1
Mono,overall,25,0.9,0.01,2000,25,100,200,86,86,64,82,0.0401108033240997,0.1277701588577101,0.027359781121751,1.0448700410396716,2.6354309165526675,False,True,False,True,True,False,True,True,True,False,,True,17,0,0
Mono,overall,25,0.9,0.01,2000,25,250,500,92,92,86,90,0.009502306770102,0.2834296564635198,0.0597228858098423,3.024605828953656,2.716077400860009,False,True,False,True,True,False,True,True,True,False,,True,17,2,2
Mono,overall,25,0.9,0.01,2000,25,500,992,96,96,96,92,-0.00556747885368,0.3664907317006812,0.1087719298245614,5.67905701754386,2.268421052631579,False,True,False,True,True,False,True,True,True,False,,True,18,5,3
Mono,overall,25,0.9,0.01,2000,25,1000,993,93,93,93,90,-0.0077807631118517,0.4022689644885752,0.1160589060308555,5.797452080411407,2.2760635811126693,False,True,False,True,True,False,True,True,True,False,,True,17,5,3
Mono,overall,25,0.9,0.01,2000,50,100,198,113,113,76,105,0.0831863609641387,0.0544908631191816,0.0156447534766118,0.5649494310998736,2.588732616940581,False,True,False,True,True,True,True,True,True,False,,True,17,1,1
Mono,overall,25,0.9,0.01,2000,50,250,500,138,138,115,136,0.0283520946762136,0.1247958535539665,0.0264466306992489,1.803977573257167,2.9135724108748544,False,True,True,True,True,True,True,True,True,False,,True,21,1,1
Mono,overall,25,0.9,0.01,2000,50,500,1000,141,141,131,138,0.0083247674877908,0.2476079688987566,0.0506585612968591,3.709422492401216,2.642806484295846,False,True,True,True,True,True,True,True,True,False,,True,21,4,3
Mono,overall,25,0.9,0.01,2000,50,1000,1661,141,141,141,138,-0.0080157307913708,0.3280576403554634,0.084143870314083,6.208459979736576,2.4501519756838905,False,True,True,True,True,True,True,True,True,False,,True,21,6,4
Mono,overall,25,0.9,0.01,2000,75,100,197,120,120,81,111,0.0541103017689906,0.0406409331409331,0.0137955182072829,0.4434873949579831,2.0953081232493,False,True,False,True,True,True,True,True,True,False,,True,19,1,1
Mono,overall,25,0.9,0.01,2000,75,250,498,152,152,119,149,0.067975662732112,0.1284410000042075,0.0216974555594283,1.4945102823283374,2.657633321714884,False,True,True,True,True,True,True,True,True,False,,True,23,2,2
Mono,overall,25,0.9,0.01,2000,75,500,997,158,158,142,155,0.0337071117152586,0.2136699289997509,0.0401918890590986,3.099209868580182,2.672135773603161,False,True,True,True,True,True,True,True,True,False,,True,23,5,5
Mono,overall,25,0.9,0.01,2000,75,1000,1840,159,159,159,156,-0.0020666343115877,0.30905448631025,0.0732425762280073,6.005811639200701,2.507921343842051,False,True,True,True,True,True,True,True,True,False,,True,23,8,5
Mono,overall,25,0.9,0.01,2000,100,100,197,121,121,82,111,0.0444415539368713,0.0347178991807091,0.0135674931129476,0.4824380165289256,2.2614325068870524,False,True,False,True,True,True,True,True,True,False,,True,19,1,1
Mono,overall,25,0.9,0.01,2000,100,250,498,154,154,124,150,0.0657475399047065,0.1151614059594237,0.0211357270180799,1.530812324929972,2.867922926746456,False,True,True,True,True,True,True,True,True,False,,True,23,2,2
Mono,overall,25,0.9,0.01,2000,100,500,997,158,158,143,155,0.047604477981978,0.221461863377734,0.0401918890590986,3.1172297024913327,2.6408530194307827,False,True,True,True,True,True,True,True,True,False,,True,23,4,4
Mono,overall,25,0.9,0.01,2000,100,1000,1861,161,161,161,158,0.0063472753043438,0.2959503303615348,0.0722437888198757,6.040722049689441,2.5107142857142857,False,True,True,True,True,True,True,True,True,False,,True,23,8,6
Mono,overall,25,0.9,0.01,3000,10,100,200,51,51,45,49,0.013162892622352,0.2152203749089562,0.0784313725490196,2.1937254901960785,2.418823529411765,False,True,False,True,True,False,False,True,True,False,,True,10,1,1
Mono,overall,25,0.9,0.01,3000,10,250,363,49,49,49,48,-0.0091913892210948,0.4275834292219609,0.1543367346938775,4.288690476190476,2.255527210884354,False,True,False,True,True,False,False,True,True,False,,True,10,4,2
Mono,overall,25,0.9,0.01,3000,10,500,372,50,50,50,49,-0.0053445552055136,0.4171794909900576,0.1518367346938775,4.324489795918368,2.255918367346939,False,True,False,True,True,False,False,True,True,False,,True,10,4,2
Mono,overall,25,0.9,0.01,3000,10,1000,375,50,50,50,49,-0.0040326970532733,0.4207766383345196,0.1530612244897959,4.353061224489796,2.251020408163265,False,True,False,True,True,False,False,True,True,False,,True,10,4,2
Mono,overall,25,0.9,0.01,3000,25,100,198,89,89,68,84,0.0124824844862592,0.099082095843497,0.0252808988764044,0.9742083758937692,3.1962461695607765,False,True,True,True,True,False,False,True,True,False,,True,17,2,2
Mono,overall,25,0.9,0.01,3000,25,250,500,102,102,91,101,0.0131715721873353,0.1972627255593254,0.048534265191225,2.7196660842554845,2.6088138225587265,False,True,True,True,True,False,False,True,True,False,,True,18,2,1
Mono,overall,25,0.9,0.01,3000,25,500,1000,100,100,98,100,0.0083827255847243,0.2914766266522616,0.101010101010101,6.2005050505050505,2.325151515151515,False,True,True,True,True,False,False,True,True,False,,True,19,9,5
Mono,overall,25,0.9,0.01,3000,25,1000,1534,100,100,100,100,-0.0001377851239669,0.410266140907737,0.1549494949494949,9.621010101010102,2.111717171717172,False,True,True,True,True,False,False,True,True,False,,True,19,11,6
Mono,overall,25,0.9,0.01,3000,50,100,196,115,115,83,103,0.0453761869978086,0.0233232468015076,0.0149504195270785,0.5254767353165523,2.754080854309687,False,True,True,True,True,True,True,True,True,False,,False,18,1,1
Mono,overall,25,0.9,0.01,3000,50,250,500,149,149,119,146,0.0420432879033966,0.1156647319452399,0.0226736803918011,1.5779521131870125,2.867812443315799,False,True,True,True,True,True,False,True,True,False,,True,20,1,1
Mono,overall,25,0.9,0.01,3000,50,500,988,149,149,137,149,0.0396926633387979,0.1750703301842565,0.0448031924541991,3.77303645927807,2.636949029566479,False,True,True,True,True,True,True,True,True,False,,True,21,5,3
Mono,overall,25,0.9,0.01,3000,50,1000,1978,149,149,148,149,0.0105886371736322,0.2980251774723231,0.0896970796299655,7.904498458189733,2.355704697986577,False,True,True,True,True,True,True,True,True,False,,True,21,9,5
Mono,overall,25,0.9,0.01,3000,75,100,193,123,123,88,106,0.0742930514497297,0.014963221060782,0.0128615220578435,0.399973343995735,2.35958949753432,False,True,True,True,True,True,True,True,True,False,,False,19,1,1
Mono,overall,25,0.9,0.01,3000,75,250,494,160,160,126,156,0.0518682857415632,0.1028721261202415,0.0194182389937106,1.3867924528301887,2.9440251572327045,False,True,True,True,True,True,True,True,True,False,,True,22,2,2
Mono,overall,25,0.9,0.01,3000,75,500,987,167,167,148,165,0.0387842525147415,0.1841554649302831,0.0356034918115576,3.122970925618642,2.6549311016521173,False,True,True,True,True,True,True,True,True,False,,True,22,4,3
Mono,overall,25,0.9,0.01,3000,75,1000,1977,167,167,166,167,0.0172232724217601,0.2443901816982283,0.0713152009234543,7.0767260659404085,2.489899718635019,False,True,True,True,True,True,True,True,True,False,,True,22,10,6
Mono,overall,25,0.9,0.01,3000,100,100,193,122,122,86,105,0.078447651249849,0.0389734127439045,0.0130741091992954,0.3621460506706408,2.105812220566319,False,True,True,True,True,True,True,True,True,False,,False,19,1,1
Mono,overall,25,0.9,0.01,3000,100,250,494,160,160,126,155,0.079813171159325,0.1082154113516342,0.0194182389937106,1.3877751572327044,2.852004716981132,False,True,True,True,True,True,True,True,True,False,,True,21,2,2
Mono,overall,25,0.9,0.01,3000,100,500,1000,169,169,150,169,0.0573175134885172,0.1792285183228985,0.0352211890673429,3.1708579881656807,2.722985347985348,False,True,True,True,True,True,True,True,True,False,,True,23,5,4
Mono,overall,25,0.9,0.01,3000,100,1000,1977,169,169,168,169,0.0291567208739849,0.248883134450308,0.0696322907861369,6.919871794871795,2.4926739926739927,False,True,True,True,True,True,True,True,True,False,,True,23,11,7
Mono,overall,25,0.9,0.01,4000,10,100,200,47,47,43,46,0.0090430971512052,0.2673228880115779,0.0925069380203515,2.399629972247918,2.3043478260869565,False,True,False,True,True,False,False,True,True,False,,True,9,1,1
Mono,overall,25,0.9,0.01,4000,10,250,384,47,47,47,46,0.0167097143901203,0.4602883173034198,0.1776133209990749,4.858464384828862,2.173450508788159,False,True,False,True,True,False,False,True,True,False,,True,9,4,2
Mono,overall,25,0.9,0.01,4000,10,500,382,47,47,47,46,0.0168620037807183,0.4560116344799576,0.1766882516188714,4.850138760407031,2.175763182238668,False,True,False,True,True,False,False,True,True,False,,True,9,4,2
Mono,overall,25,0.9,0.01,4000,10,1000,381,47,47,47,46,0.0175432666306111,0.4577508748245668,0.1762257169287696,4.830712303422756,2.1762257169287698,False,True,False,True,True,False,False,True,True,False,,True,9,4,2
Mono,overall,25,0.9,0.01,4000,25,100,198,90,90,66,84,0.0316435354273192,0.0692793009459676,0.0247191011235955,0.8870162297128589,2.726716604244694,False,True,True,True,True,False,False,True,True,False,,True,17,1,1
Mono,overall,25,0.9,0.01,4000,25,250,500,102,102,90,102,0.0386436471691336,0.1598178100928055,0.048534265191225,2.6927781013395458,2.587361677344205,False,True,True,True,True,False,False,True,True,False,,True,18,1,1
Mono,overall,25,0.9,0.01,4000,25,500,1000,103,103,100,103,0.0056194446666446,0.2771803410498754,0.095183704549781,5.989244241385875,2.327812678469446,False,True,True,True,True,False,False,True,True,False,,True,18,6,3
Mono,overall,25,0.9,0.01,4000,25,1000,1880,102,102,102,102,0.004255981850236,0.4522746883261238,0.182488837119006,11.678994370025238,2.0186371578334303,False,True,True,True,True,False,False,True,True,False,,True,18,10,4
Mono,overall,25,0.9,0.01,4000,50,100,200,119,119,87,101,0.056398891966759,0.0542733643573979,0.0142429853297251,0.436476285429426,2.087594359777809,False,True,False,True,True,True,False,True,True,False,,True,18,1,1
Mono,overall,25,0.9,0.01,4000,50,250,500,146,146,122,143,0.0454500757613004,0.10523316669241,0.0236183278223901,1.6830420406235238,2.93764761454889,False,True,True,True,True,True,False,True,True,False,,True,20,2,2
Mono,overall,25,0.9,0.01,4000,50,500,1000,148,148,138,148,0.0367481664795957,0.1679285258276566,0.0459643316786173,3.898510755653613,2.7422779922779923,False,True,True,True,True,True,False,True,True,False,,True,20,3,2
Mono,overall,25,0.9,0.01,4000,50,1000,2000,148,148,147,148,0.0138062197826818,0.277833714790111,0.0919286633572347,8.318027210884354,2.3387571244714103,False,True,True,True,True,True,False,True,True,False,,True,20,8,4
Mono,overall,25,0.9,0.01,4000,75,100,198,131,131,94,107,0.0292755132808859,0.022503704946453,0.0116265413975337,0.2497944803288314,1.4056958308866705,False,True,False,True,True,True,True,True,True,False,,False,19,1,1
Mono,overall,25,0.9,0.01,4000,75,250,500,162,162,132,154,0.0574980609418282,0.0983713772273495,0.0191703090253814,1.4101295912890115,3.03719039950924,False,True,True,True,True,True,True,True,True,False,,True,22,1,1
Mono,overall,25,0.9,0.01,4000,75,500,1000,168,168,153,168,0.063838078441253,0.1492449997439699,0.035642999714856,3.2828628457370974,2.844489592244084,False,True,True,True,True,True,True,True,True,False,,True,23,5,3
Mono,overall,25,0.9,0.01,4000,75,1000,2000,169,169,167,169,0.0402455862381168,0.2326061471848828,0.0704423781346858,7.134932375316991,2.493554522400676,False,True,True,True,True,True,True,True,True,False,,True,23,9,7
Mono,overall,25,0.9,0.01,4000,100,100,198,130,130,95,106,0.1056029165867163,0.0235523450908066,0.0118067978533094,0.271556350626118,1.4791890280262374,False,True,False,True,True,True,True,True,True,False,,False,19,1,1
Mono,overall,25,0.9,0.01,4000,100,250,500,166,166,136,157,0.0961002047877974,0.0971765463075973,0.0182548375319459,1.3866374589266155,3.0665936473165387,False,True,True,True,True,True,True,True,True,False,,True,22,2,2
Mono,overall,25,0.9,0.01,4000,100,500,1000,168,168,154,168,0.0761829418367209,0.147103909373308,0.035642999714856,3.3354719133162245,2.8842671799258626,False,True,True,True,True,True,True,True,True,False,,True,22,5,3
Mono,overall,25,0.9,0.01,4000,100,1000,2000,170,170,168,170,0.0578719068380303,0.231382117930376,0.0696136442742777,7.0704490080055695,2.4999303863557256,False,True,True,True,True,True,True,True,True,False,,True,23,9,7
Mono,overall,25,0.9,0.02,2000,10,100,193,35,35,35,34,0.0212304866850321,0.4605096414716052,0.1621848739495798,3.1991596638655464,2.310924369747899,False,True,False,True,False,False,False,False,True,False,,False,6,1,1
Mono,overall,25,0.9,0.02,2000,10,250,175,33,33,33,31,0.0200379471516497,0.4829673594379476,0.1657196969696969,2.747159090909091,2.1515151515151514,False,False,False,True,False,False,False,False,True,False,,False,4,0,0
Mono,overall,25,0.9,0.02,2000,10,500,175,33,33,33,31,0.0289694108936091,0.4823460358219717,0.1657196969696969,2.763257575757576,2.147727272727273,False,False,False,True,False,False,False,False,True,False,,False,4,0,0
Mono,overall,25,0.9,0.02,2000,10,1000,172,32,32,32,30,0.0222116527942924,0.5032002872535961,0.1733870967741935,2.8356854838709675,2.0856854838709675,False,False,False,True,False,False,False,False,True,False,,False,4,0,0
Mono,overall,25,0.9,0.02,2000,25,100,200,76,76,62,75,0.0567107750472589,0.0783782372598162,0.0350877192982456,1.3603508771929824,2.990701754385965,False,True,False,True,True,False,False,False,True,False,,False,11,0,0
Mono,overall,25,0.9,0.02,2000,25,250,500,82,82,76,80,0.0212412168220011,0.2811066276958977,0.0752785305630834,3.3721770551038843,2.351400180668473,False,True,False,True,True,False,True,False,True,False,,False,13,0,0
Mono,overall,25,0.9,0.02,2000,25,500,881,82,82,81,80,-0.0001236539195604,0.4413247318145743,0.1326407708521529,6.146943691659139,2.1198434206564287,False,True,False,True,True,False,True,False,True,False,,False,13,4,3
Mono,overall,25,0.9,0.02,2000,25,1000,858,81,81,80,79,0.0090432878749933,0.4497817726008237,0.1324074074074074,6.005864197530864,2.124228395061728,False,True,False,True,True,False,True,False,True,False,,False,13,4,3
Mono,overall,25,0.9,0.02,2000,50,100,200,108,108,81,99,0.0411634349030471,0.0604924910480466,0.017307026652821,0.5496711664935964,2.292488750432676,False,True,False,True,True,True,True,False,True,False,,True,15,0,0
Mono,overall,25,0.9,0.02,2000,50,250,500,125,125,102,124,0.0323133270321361,0.1758682277245744,0.032258064516129,1.992709677419355,2.573032258064516,False,True,False,True,True,True,True,True,True,False,,True,18,1,1
Mono,overall,25,0.9,0.02,2000,50,500,1000,125,125,117,123,0.0212308085160713,0.2646223136283736,0.064516129032258,4.3423225806451615,2.370967741935484,False,True,False,True,True,True,True,True,True,False,,False,18,3,2
Mono,overall,25,0.9,0.02,2000,50,1000,1458,126,126,125,124,0.0048099160602667,0.3691314697328774,0.0925714285714285,6.319492063492064,2.3123809523809524,False,True,False,True,True,True,True,True,True,False,,False,18,5,4
Mono,overall,25,0.9,0.02,2000,75,100,199,112,112,85,99,0.0764561672967863,0.0334930446537589,0.0160070785070785,0.5664414414414415,2.7431628056628057,False,True,True,True,True,True,False,False,True,False,,False,14,0,0
Mono,overall,25,0.9,0.02,2000,75,250,500,133,133,112,129,0.0660428851737004,0.1537905685016883,0.0284802916381863,1.802118933697881,2.6794258373205744,False,True,True,True,True,True,True,True,True,False,,True,22,4,4
Mono,overall,25,0.9,0.02,2000,75,500,1000,135,135,126,133,0.0235790626727544,0.2530081875665292,0.0552791597567716,3.8778883360972913,2.498618021006081,False,True,True,True,True,True,True,True,True,False,,False,21,3,3
Mono,overall,25,0.9,0.02,2000,75,1000,1516,139,139,138,135,0.0055580511149278,0.346508590968546,0.0790324262329267,5.633406318423522,2.40657908455844,False,True,True,True,True,True,True,True,True,False,,False,21,7,6
Mono,overall,25,0.9,0.02,2000,100,100,200,111,111,81,99,0.0681163434903047,0.0543140043140043,0.0163800163800163,0.5321048321048321,2.148321048321048,False,True,False,True,True,True,True,False,True,False,,True,16,0,0
Mono,overall,25,0.9,0.02,2000,100,250,500,130,130,113,126,0.072211085617679,0.1258628084831632,0.0298151460942158,1.900417412045319,2.8403697078115684,False,True,True,True,True,True,True,True,True,False,,False,21,2,2
Mono,overall,25,0.9,0.02,2000,100,500,999,136,136,128,133,0.034204730441444,0.249743412592325,0.0544117647058823,3.827995642701525,2.519934640522876,False,True,True,True,True,True,True,True,True,False,,False,21,3,3
Mono,overall,25,0.9,0.02,2000,100,1000,1514,138,138,137,135,0.0038240642289886,0.3494100603236302,0.0800803977573257,5.714376388448112,2.42044853485666,False,True,True,True,True,True,True,True,True,False,,False,21,7,6
Mono,overall,25,0.9,0.02,3000,10,100,190,39,39,36,38,0.0088141025641025,0.4562249213832923,0.1282051282051282,2.502699055330634,2.199055330634278,False,False,False,True,True,False,False,False,True,False,,True,7,4,4
Mono,overall,25,0.9,0.02,3000,10,250,225,39,39,38,38,0.0130246913580246,0.4687635754926623,0.1518218623481781,2.9946018893387314,2.235492577597841,False,False,False,True,True,False,False,False,True,False,,True,7,4,4
Mono,overall,25,0.9,0.02,3000,10,500,225,39,39,38,38,0.0135919603008645,0.465872566345764,0.1518218623481781,2.958839406207827,2.238191632928475,False,False,False,True,True,False,False,False,True,False,,True,7,4,4
Mono,overall,25,0.9,0.02,3000,10,1000,226,39,39,38,38,0.0130246913580246,0.4687635754926623,0.1524966261808367,3.007422402159244,2.230769230769231,False,False,False,True,True,False,False,False,True,False,,True,7,4,4
Mono,overall,25,0.9,0.02,3000,25,100,200,91,91,66,84,0.0401927421430409,0.0679487179487179,0.0244200244200244,0.8001221001221002,2.393894993894994,False,True,False,True,True,False,True,True,True,False,,True,14,0,0
Mono,overall,25,0.9,0.02,3000,25,250,500,96,96,83,95,0.0561302516158818,0.2012197056095964,0.0548245614035087,2.8285087719298247,2.493201754385965,False,True,False,True,True,False,True,True,True,False,,True,14,0,0
Mono,overall,25,0.9,0.02,3000,25,500,1000,97,97,95,96,0.0310646656882872,0.3703365667723035,0.1073883161512027,5.885953608247423,2.290700171821306,False,True,False,True,True,False,True,True,True,False,,True,14,3,3
Mono,overall,25,0.9,0.02,3000,25,1000,1309,95,95,95,95,0.0072312292967178,0.427543908087343,0.1465845464725644,8.236394176931691,2.171444568868981,False,True,False,True,True,False,True,True,True,False,,True,15,7,6
Mono,overall,25,0.9,0.02,3000,50,100,199,122,122,81,106,0.046191135734072,0.0684035909445745,0.0134805581899471,0.2036309443164883,1.0088063947974528,False,True,True,True,True,True,True,True,True,False,,True,20,0,0
Mono,overall,25,0.9,0.02,3000,50,250,500,144,144,115,140,0.0369867116019827,0.1081981161185124,0.0242812742812742,1.5322455322455322,2.6530205905205904,False,True,True,True,True,True,True,True,True,False,,True,21,1,1
Mono,overall,25,0.9,0.02,3000,50,500,1000,148,148,134,148,0.0508762311480455,0.1903422514695558,0.0459643316786173,3.690889869461298,2.5020683949255376,False,True,True,True,True,True,True,True,True,False,,True,21,3,3
Mono,overall,25,0.9,0.02,3000,50,1000,2000,147,147,147,147,0.0002175019936339,0.3280212776391262,0.093187960115553,8.039092349268474,2.313670673748952,False,True,True,True,True,True,True,True,True,False,,True,21,7,6
Mono,overall,25,0.9,0.02,3000,75,100,197,127,127,82,109,0.0743680188124632,0.06453568303962,0.0123109611298587,0.2501562304711911,1.3716410448693914,False,True,True,True,True,True,True,True,True,False,,True,21,0,0
Mono,overall,25,0.9,0.02,3000,75,250,499,157,157,124,153,0.0669023684904505,0.1183694640982014,0.0203739996733627,1.3508492569002124,2.630450759431651,False,True,True,True,True,True,True,True,True,False,,True,22,1,1
Mono,overall,25,0.9,0.02,3000,75,500,1000,166,166,148,164,0.0557995899750188,0.1751801464923844,0.0365096750638919,3.1200073019350127,2.6224899598393576,False,True,True,True,True,True,True,True,True,False,,True,23,5,4
Mono,overall,25,0.9,0.02,3000,75,1000,2000,167,167,165,167,0.0253767441338462,0.2733997580404627,0.0721448668927205,6.862564028569367,2.45054469374504,False,True,True,True,True,True,True,True,True,False,,True,23,7,6
Mono,overall,25,0.9,0.02,3000,100,100,198,128,128,82,110,0.0976316452506928,0.0788504464285714,0.0121801181102362,0.2316067913385826,1.388656496062992,False,True,True,True,True,True,True,True,True,False,,True,21,0,0
Mono,overall,25,0.9,0.02,3000,100,250,500,157,157,118,152,0.107307108565769,0.1055855611562765,0.0204148293320267,1.3205128205128205,2.5066144047035768,False,True,True,True,True,True,True,True,True,False,,True,22,1,1
Mono,overall,25,0.9,0.02,3000,100,500,1000,165,165,147,162,0.0795544910855868,0.1755545298466116,0.0369549150036954,3.131670362158167,2.5886178861788616,False,True,True,True,True,True,True,True,True,False,,True,23,5,4
Mono,overall,25,0.9,0.02,3000,100,1000,2000,171,171,169,171,0.0361730893945183,0.2815474729322437,0.0687994496044031,6.460646714826281,2.482421740626075,False,True,True,True,True,True,True,True,True,False,,True,23,8,7
Mono,overall,25,0.9,0.02,4000,10,100,200,41,41,37,40,0.0187428571428571,0.3098723499142589,0.1219512195121951,2.773170731707317,2.1170731707317074,False,False,False,True,False,False,False,True,True,False,,True,6,1,0
Mono,overall,25,0.9,0.02,4000,10,250,282,41,41,41,40,0.0164365548980933,0.4286411924862426,0.1719512195121951,4.116463414634146,2.1707317073170733,False,False,False,True,False,False,False,True,True,False,,True,6,3,0
Mono,overall,25,0.9,0.02,4000,10,500,283,42,42,42,41,0.0171389769126301,0.4407489666077311,0.1643437862950058,3.949477351916376,2.218931475029036,False,False,False,True,False,False,False,True,True,False,,True,6,3,0
Mono,overall,25,0.9,0.02,4000,10,1000,280,42,42,42,42,0.0318814814814814,0.4053665500096476,0.1626016260162601,3.967479674796748,2.26945412311266,False,False,False,True,False,False,False,True,True,False,,True,6,4,0
Mono,overall,25,0.9,0.02,4000,25,100,200,91,91,66,90,0.0422231118991106,0.0632518275375418,0.0244200244200244,0.8216117216117216,3.069230769230769,False,True,True,True,True,False,True,True,True,False,,True,16,1,0
Mono,overall,25,0.9,0.02,4000,25,250,500,98,98,87,98,0.0499378377320072,0.1536257846446681,0.0525983589312013,2.970544918998528,2.6714706501157166,False,True,True,True,True,False,True,True,True,False,,True,16,4,3
Mono,overall,25,0.9,0.02,4000,25,500,1000,98,98,96,98,0.032429260441894,0.2973636348791096,0.1051967178624027,6.596780980433411,2.249316221333894,False,True,True,True,True,False,True,True,True,False,,True,16,8,6
Mono,overall,25,0.9,0.02,4000,25,1000,1814,98,98,98,98,0.0059816466149943,0.4641329302006691,0.1908268462023984,12.13580896276036,1.955501788344204,False,True,True,True,True,False,True,True,True,False,,True,16,11,8
Mono,overall,25,0.9,0.02,4000,50,100,199,115,115,85,99,0.0772319837723746,0.0773477729999469,0.0151792524790236,0.4035087719298245,2.077955758962624,False,False,True,True,True,True,True,True,True,False,,True,17,0,0
Mono,overall,25,0.9,0.02,4000,50,250,500,148,148,125,143,0.0338167031995431,0.0960263455114713,0.0229821658393086,1.6962217319360176,3.210148924434639,False,True,True,True,True,True,True,True,True,False,,True,21,0,0
Mono,overall,25,0.9,0.02,4000,50,500,1000,152,152,139,152,0.0279974818751299,0.153836554793757,0.043569187870338,3.840885325897525,2.653232833739979,False,True,True,True,True,True,True,True,True,False,,True,21,4,3
Mono,overall,25,0.9,0.02,4000,50,1000,2000,151,151,151,151,0.0164687923174984,0.2672034885374235,0.0883002207505518,8.393421633554084,2.3248565121412805,False,True,True,True,True,True,True,True,True,False,,True,21,8,6
Mono,overall,25,0.9,0.02,4000,75,100,199,124,124,89,104,0.0720350477430555,0.0694764464925755,0.0130474691843692,0.3841463414634146,2.338119590873328,False,True,True,True,True,True,True,True,True,False,,True,21,0,0
Mono,overall,25,0.9,0.02,4000,75,250,500,159,159,126,152,0.0704942904337833,0.089784249097001,0.0199028739750019,1.4545816415890451,3.016360162407452,False,True,True,True,True,True,True,True,True,False,,True,22,1,0
Mono,overall,25,0.9,0.02,4000,75,500,1000,170,170,151,169,0.0701216918714556,0.1436110370529329,0.0348068221371388,3.174312565262792,2.717612252001392,False,True,True,True,True,True,True,True,True,False,,True,23,4,3
Mono,overall,25,0.9,0.02,4000,75,1000,2000,170,170,169,170,0.0407367699543257,0.22791080424743,0.0696136442742777,7.270866689871215,2.45158371040724,False,True,True,True,True,True,True,True,True,False,,True,23,9,7
Mono,overall,25,0.9,0.02,4000,100,100,197,118,118,84,102,0.1126426263261746,0.0669569131433538,0.0142691583369549,0.3470230334637114,2.0111545704766045,False,False,False,True,True,True,True,True,True,False,,True,16,0,0
Mono,overall,25,0.9,0.02,4000,100,250,500,160,160,127,153,0.0958190489386713,0.0899040524603983,0.0196540880503144,1.4003537735849056,2.924882075471698,False,True,True,True,True,True,True,True,True,False,,True,22,2,1
Mono,overall,25,0.9,0.02,4000,100,500,1000,171,171,153,168,0.081334340567383,0.1233339237770912,0.0343997248022015,3.124767801857585,2.6519091847265224,False,True,True,True,True,True,True,True,True,False,,True,23,3,3
Mono,overall,25,0.9,0.02,4000,100,1000,2000,173,173,171,173,0.0514089248820759,0.2265000526863041,0.0672133351256889,7.055686248151633,2.463772012367253,False,True,True,True,True,True,True,True,True,False,,True,23,9,7
Mono,overall,25,0.9,0.03,2000,10,100,195,35,35,35,33,0.0286576482830384,0.4955564337719212,0.1638655462184874,3.0210084033613445,2.153781512605042,False,True,False,True,False,False,False,False,True,False,,False,5,1,1
Mono,overall,25,0.9,0.03,2000,10,250,229,36,36,36,33,0.0195506852660175,0.52624898937828,0.1817460317460317,3.376984126984127,2.0,False,True,False,True,False,False,False,False,True,False,,False,5,1,1
Mono,overall,25,0.9,0.03,2000,10,500,229,36,36,36,33,0.0239308934403711,0.5332443167489943,0.1817460317460317,3.353174603174604,1.9992063492063488,False,True,False,True,False,False,False,False,True,False,,False,5,1,1
Mono,overall,25,0.9,0.03,2000,10,1000,236,35,35,35,33,0.0098505434782608,0.5530128852680435,0.1983193277310924,3.7445378151260496,1.988235294117647,False,True,False,True,False,False,False,False,True,False,,False,6,1,1
Mono,overall,25,0.9,0.03,2000,25,100,200,77,77,60,75,0.0837083852022088,0.1395148141901388,0.0341763499658236,1.1898496240601504,2.93028024606972,False,True,False,True,True,False,False,False,True,False,,True,15,0,0
Mono,overall,25,0.9,0.03,2000,25,250,500,80,80,74,80,0.0532906804087692,0.3333171462856442,0.0791139240506329,3.464240506329114,2.356170886075949,False,True,False,True,True,False,False,False,True,False,,True,15,0,0
Mono,overall,25,0.9,0.03,2000,25,500,865,81,81,80,80,0.0167811370092975,0.4693239329957036,0.1334876543209876,5.915895061728395,2.1865740740740742,False,True,False,True,True,False,True,False,True,False,,True,15,3,2
Mono,overall,25,0.9,0.03,2000,25,1000,866,80,80,79,80,0.0225061045676529,0.4959125665423339,0.1370253164556962,6.070094936708861,2.1875,False,True,False,True,True,False,False,False,True,False,,True,15,3,2
Mono,overall,25,0.9,0.03,2000,50,100,198,95,95,72,87,0.0929525047258979,0.0836690794585531,0.0221724524076147,0.709518477043673,2.782754759238522,False,True,False,True,True,True,False,False,True,False,,True,13,0,0
Mono,overall,25,0.9,0.03,2000,50,250,500,112,112,95,112,0.0708876977513525,0.2155743924624145,0.0402187902187902,2.2088963963963963,2.567245817245817,False,True,False,True,True,True,False,False,True,False,,True,16,0,0
Mono,overall,25,0.9,0.03,2000,50,500,1000,116,116,109,115,0.0308588724220907,0.349554387463481,0.0749625187406296,4.512443778110945,2.348425787106447,False,True,False,True,True,True,False,True,True,False,,True,17,3,2
Mono,overall,25,0.9,0.03,2000,50,1000,1358,117,117,116,117,0.01767742436298,0.4052112018128739,0.1000589448865311,6.148909519599175,2.345711759504863,False,True,False,True,True,True,True,True,True,False,,True,18,3,2
Mono,overall,25,0.9,0.03,2000,75,100,196,99,99,77,91,0.102063364089701,0.1134133543224452,0.0202020202020202,0.6613069470212327,3.1125541125541125,False,True,True,True,True,True,False,False,True,False,,False,14,0,0
Mono,overall,25,0.9,0.03,2000,75,250,500,122,122,101,120,0.0713557776090578,0.1815412133525794,0.0338707492209727,1.965248611299282,2.568147947432597,False,True,True,True,True,True,True,False,True,False,,True,20,2,2
Mono,overall,25,0.9,0.03,2000,75,500,1000,130,130,119,126,0.0459693635359941,0.298074466216498,0.0596302921884317,3.7980322003577816,2.3103160405485985,False,True,True,True,True,True,True,True,True,False,,True,21,3,3
Mono,overall,25,0.9,0.03,2000,75,1000,1435,130,130,129,127,0.0081840914695882,0.3932971748806032,0.0855694692903995,5.535301132975552,2.413953488372093,False,True,True,True,True,True,True,True,True,False,,True,21,5,4
Mono,overall,25,0.9,0.03,2000,100,100,195,98,98,74,91,0.1246298953023412,0.1127941219777954,0.0205133599831685,0.7046076162423732,3.38964864296234,False,True,True,True,True,True,False,False,True,False,,True,15,0,0
Mono,overall,25,0.9,0.03,2000,100,250,500,123,123,104,121,0.1027418608860021,0.1858562270119319,0.0333200053312008,1.9200986272157805,2.6520058643209383,False,True,True,True,True,True,True,False,True,False,,True,20,2,2
Mono,overall,25,0.9,0.03,2000,100,500,1000,130,130,119,126,0.0471554557166564,0.3216654261780531,0.0596302921884317,3.735957066189624,2.289087656529517,False,True,True,True,True,True,True,True,True,False,,True,21,5,4
Mono,overall,25,0.9,0.03,2000,100,1000,1430,129,129,128,126,0.0148327682922788,0.3893865377656484,0.0866036821705426,5.610525678294573,2.391775678294574,False,True,True,True,True,True,True,True,True,False,,True,21,5,4
Mono,overall,25,0.9,0.03,3000,10,100,186,36,36,33,32,-0.0061708932030088,0.4140923709551161,0.1476190476190476,2.6587301587301586,1.8373015873015872,False,False,False,True,True,False,True,False,True,False,,True,6,2,1
Mono,overall,25,0.9,0.03,3000,10,250,229,36,36,34,34,0.0194135802469135,0.5064790946038984,0.1817460317460317,3.453174603174604,1.9357142857142853,False,False,False,True,False,False,True,False,True,False,,True,6,1,1
Mono,overall,25,0.9,0.03,3000,10,500,214,36,36,34,34,0.0001384083044982,0.5108214738955194,0.1698412698412698,3.176984126984127,1.984920634920635,False,False,False,True,True,False,True,False,True,False,,True,6,2,1
Mono,overall,25,0.9,0.03,3000,10,1000,229,36,36,34,34,0.0194135802469135,0.5064790946038985,0.1817460317460317,3.453174603174604,1.9357142857142853,False,False,False,True,False,False,True,False,True,False,,True,6,1,1
Mono,overall,25,0.9,0.03,3000,25,100,200,89,89,68,82,0.0368005843681519,0.15045616056852,0.0255362614913176,0.8886618998978549,2.8213738508682327,False,True,False,True,True,False,True,False,True,False,,True,15,1,0
Mono,overall,25,0.9,0.03,3000,25,250,500,94,94,84,94,0.0624017543519183,0.2293129759870123,0.0571951498512926,2.990619995424388,2.591626630061771,False,True,False,True,True,False,True,True,True,False,,True,16,1,0
Mono,overall,25,0.9,0.03,3000,25,500,1000,96,96,90,96,0.0353094632847209,0.3659044028961278,0.1096491228070175,6.039583333333334,2.1706140350877194,False,True,False,True,True,False,True,True,True,False,,True,16,4,3
Mono,overall,25,0.9,0.03,3000,25,1000,1359,95,95,94,95,0.0198614138639221,0.4619912589195697,0.1521836506159014,8.402463605823069,2.122956326987682,False,True,False,True,True,False,True,True,True,False,,True,16,5,4
Mono,overall,25,0.9,0.03,3000,50,100,199,109,109,76,97,0.0933240997229917,0.0701384751843467,0.0169045191980971,0.4450390757730207,1.91131498470948,False,True,False,True,True,True,True,False,True,False,,True,17,1,0
Mono,overall,25,0.9,0.03,3000,50,250,500,135,135,114,133,0.0737239734764989,0.1212009002858675,0.0276395798783858,1.851851851851852,2.942343836373687,False,True,True,True,True,True,True,True,True,False,,True,21,3,2
Mono,overall,25,0.9,0.03,3000,50,500,1000,141,141,127,141,0.0486999786331308,0.207965456398728,0.0506585612968591,3.868895643363728,2.507497467071935,False,True,False,True,True,True,True,True,True,False,,True,20,2,1
Mono,overall,25,0.9,0.03,3000,50,1000,2000,142,142,141,142,0.0060179775452166,0.3585762093936493,0.0998901208670462,7.970432524223354,2.2812406353011685,False,True,False,True,True,True,True,True,True,False,,True,20,5,3
Mono,overall,25,0.9,0.03,3000,75,100,197,118,118,80,105,0.1242951059167276,0.0475786924939467,0.0142691583369549,0.3568738229755179,1.762204838476025,False,True,True,True,True,True,True,False,True,False,,True,20,3,2
Mono,overall,25,0.9,0.03,3000,75,250,493,149,149,121,141,0.1102598283293698,0.1223466724204807,0.0223562488663159,1.4773716669689825,2.789588245964085,False,True,True,True,True,True,True,True,True,False,,True,23,5,4
Mono,overall,25,0.9,0.03,3000,75,500,983,160,160,140,158,0.0734540120470647,0.1916421486763468,0.0386399371069182,3.0999213836477986,2.631957547169811,False,True,True,True,True,True,True,True,True,False,,True,23,5,4
Mono,overall,25,0.9,0.03,3000,75,1000,1967,162,162,159,162,0.0314113528325851,0.31421567033318,0.0754159957058507,6.492830304424508,2.4022697645886053,False,True,True,True,True,True,True,True,True,False,,True,23,8,6
Mono,overall,25,0.9,0.03,3000,100,100,198,120,120,81,106,0.1517454718512919,0.0604304954304954,0.0138655462184873,0.2585434173669468,1.2275210084033614,False,True,True,True,True,True,True,False,True,False,,True,20,3,2
Mono,overall,25,0.9,0.03,3000,100,250,493,150,150,121,142,0.1463947679002094,0.1276820035132055,0.0220581655480984,1.5154362416107383,3.107293064876957,False,True,True,True,True,True,True,True,True,False,,True,23,5,4
Mono,overall,25,0.9,0.03,3000,100,500,984,159,159,139,157,0.1000994802035632,0.1970342109179481,0.0391688559828039,3.130841493511664,2.6042910596290105,False,True,True,True,True,True,True,True,True,False,,True,23,5,4
Mono,overall,25,0.9,0.03,3000,100,1000,1965,162,162,157,160,0.0407307338523015,0.3095567980926439,0.0753393144697492,6.4820182501341925,2.336592285867648,False,True,True,True,True,True,True,True,True,False,,True,23,8,6
Mono,overall,25,0.9,0.03,4000,10,100,200,44,44,41,44,-0.0335147376960519,0.3130630666515835,0.1057082452431289,2.47568710359408,2.330338266384778,False,False,False,True,True,False,True,True,True,False,,True,9,1,1
Mono,overall,25,0.9,0.03,4000,10,250,308,44,44,44,44,0.0016543828014215,0.4629754071022013,0.1627906976744186,3.8969344608879495,2.2637420718816066,False,False,False,True,True,False,True,True,True,False,,True,9,5,3
Mono,overall,25,0.9,0.03,4000,10,500,308,44,44,44,44,0.0094186026155004,0.4666065402787893,0.1627906976744186,3.904862579281184,2.2526427061310783,False,False,False,True,True,False,True,True,True,False,,True,9,5,3
Mono,overall,25,0.9,0.03,4000,10,1000,301,44,44,44,44,0.0059755545495699,0.4427675487117753,0.1590909090909091,3.827167019027484,2.287526427061311,False,False,False,True,True,False,True,True,True,False,,True,9,5,3
Mono,overall,25,0.9,0.03,4000,25,100,200,93,93,67,85,0.0531412760416666,0.0935518975367172,0.0233754090696587,0.678354371201496,2.394109396914446,False,True,False,True,True,False,True,True,True,False,,True,14,0,0
Mono,overall,25,0.9,0.03,4000,25,250,500,98,98,89,98,0.0373479336057831,0.1791250926529247,0.0525983589312013,2.9238375762676205,2.7378497790868925,False,True,False,True,True,False,True,True,True,False,,True,15,1,0
Mono,overall,25,0.9,0.03,4000,25,500,1000,100,100,97,100,0.0543827527744988,0.312740947627002,0.101010101010101,6.205252525252526,2.2525252525252526,False,True,False,True,True,False,True,True,True,False,,True,15,2,1
Mono,overall,25,0.9,0.03,4000,25,1000,1774,100,100,100,100,0.0226055581130426,0.4670925532825813,0.1791919191919191,11.31151515151515,1.9823232323232325,False,True,False,True,True,False,True,True,True,False,,True,15,7,5
Mono,overall,25,0.9,0.03,4000,50,100,197,125,125,80,110,0.0740084074465955,0.0576300144300144,0.0127096774193548,0.2281935483870967,1.1350967741935485,False,True,False,True,True,True,True,True,True,False,,True,19,0,0
Mono,overall,25,0.9,0.03,4000,50,250,500,149,149,115,147,0.0588016818821673,0.0863907019556654,0.0226736803918011,1.5363232359876655,2.969299836749501,False,True,False,True,True,True,True,True,True,False,,True,20,1,0
Mono,overall,25,0.9,0.03,4000,50,500,985,151,151,136,151,0.0424643425610936,0.1677196565821599,0.0434878587196468,3.7011037527593817,2.645342163355408,False,True,False,True,True,True,True,True,True,False,,True,20,2,1
Mono,overall,25,0.9,0.03,4000,50,1000,2000,151,151,151,151,0.014657877237591,0.2892417841562379,0.0883002207505518,8.169094922737306,2.3191611479028698,False,True,False,True,True,True,True,True,True,False,,True,20,4,3
Mono,overall,25,0.9,0.03,4000,75,100,199,127,127,84,109,0.1120557944771389,0.0466756340772088,0.0124359455068116,0.257092863392076,1.3087739032620922,False,True,True,True,True,True,True,True,True,False,,False,20,2,2
Mono,overall,25,0.9,0.03,4000,75,250,495,158,158,121,156,0.1059494835017835,0.09664418397851,0.0199548496331532,1.3466903168588245,2.75280174151415,False,True,True,True,True,True,True,True,True,False,,True,23,5,5
Mono,overall,25,0.9,0.03,4000,75,500,984,167,167,148,167,0.0693624294468987,0.1533426746629169,0.0354952745112185,3.225236274439073,2.7583507683428325,False,True,True,True,True,True,True,True,True,False,,True,23,5,5
Mono,overall,25,0.9,0.03,4000,75,1000,1966,167,167,167,167,0.0426658190267158,0.2445269031453719,0.0709184041555443,7.098080946540653,2.477057932328115,False,True,True,True,True,True,True,True,True,False,,True,23,7,6
Mono,overall,25,0.9,0.03,4000,100,100,196,131,131,84,114,0.0975018261504748,0.0566873753896654,0.0115091015854374,0.2012918379330593,0.9786259541984732,False,True,True,True,True,True,True,True,True,False,,False,21,4,4
Mono,overall,25,0.9,0.03,4000,100,250,500,164,164,127,160,0.1111704584151626,0.0844639244065355,0.018704174771809,1.2868098159509205,2.842922340266348,False,True,True,True,True,True,True,True,True,False,,True,23,3,3
Mono,overall,25,0.9,0.03,4000,100,500,1000,170,170,155,170,0.113662263166211,0.1437738686913647,0.0348068221371388,3.2612948137835014,2.900104420466412,False,True,True,True,True,True,True,True,True,False,,True,23,6,5
Mono,overall,25,0.9,0.03,4000,100,1000,1964,169,169,169,169,0.0712713068181818,0.2421362036571022,0.0691744153282614,7.010777683854607,2.4905255001408846,False,True,True,True,True,True,True,True,True,False,,True,23,6,5
Mono,overall,10,0.5,0.005,2000,10,100,200,43,43,42,39,0.0079199907503757,0.3468949851406878,0.1107419712070874,2.416943521594684,2.488925802879291,False,True,False,False,False,False,False,False,True,False,,False,9,0,0
Mono,overall,10,0.5,0.005,2000,10,250,256,44,44,44,39,-0.0048514305043707,0.4237251049916403,0.135306553911205,3.036997885835095,2.2896405919661733,False,True,False,False,False,False,False,False,True,False,,False,9,0,0
Mono,overall,10,0.5,0.005,2000,10,500,252,43,43,43,38,-0.0125071377258744,0.4289241558595005,0.1395348837209302,3.106312292358804,2.2497231450719823,False,True,False,False,False,False,False,False,True,False,,False,9,0,0
Mono,overall,10,0.5,0.005,2000,10,1000,268,45,45,45,40,-0.0090232588634463,0.4274013530810766,0.1353535353535353,3.101515151515152,2.247979797979798,False,True,False,False,True,False,False,False,True,False,,False,10,1,0
Mono,overall,10,0.5,0.005,2000,25,250,500,100,100,88,99,0.0289193904952775,0.1897787295338782,0.0505050505050505,2.7106060606060605,2.781919191919192,False,True,True,True,True,True,False,True,True,False,,True,17,2,1
Mono,overall,10,0.5,0.005,2000,25,500,1000,101,101,100,101,0.0091509622808773,0.3113577429810959,0.099009900990099,5.971683168316832,2.466039603960396,False,True,True,True,True,True,False,True,True,False,,True,17,7,4
Mono,overall,10,0.5,0.005,2000,25,1000,1298,102,102,102,101,0.0008962848523338,0.3855829436921321,0.1259949524364201,7.49485536788973,2.3058629392351,False,True,True,True,True,True,False,True,True,False,,True,17,7,4
Mono,overall,10,0.5,0.005,2000,50,500,1000,145,145,136,143,0.0207719831544282,0.1972928709754789,0.0478927203065134,3.688840996168582,2.7249521072796936,False,True,True,True,True,True,True,True,True,False,,True,21,6,4
Mono,overall,10,0.5,0.005,2000,50,1000,2000,146,146,145,145,0.0120152715861914,0.3144110831620181,0.0944733112895607,7.708124704770902,2.375625885687293,False,True,True,True,True,True,True,True,True,False,,True,21,10,8
Mono,overall,10,0.5,0.005,2000,75,100,198,126,126,84,110,0.0550130208333333,0.0652484640579878,0.0125714285714285,0.314984126984127,1.6502222222222225,False,True,True,True,True,True,True,True,True,False,,True,20,2,2
Mono,overall,10,0.5,0.005,2000,75,250,499,160,160,131,154,0.0646747645529519,0.1067802776578351,0.0196147798742138,1.313364779874214,2.7020440251572326,False,True,True,True,True,True,True,True,True,False,,True,23,3,3
Mono,overall,10,0.5,0.005,2000,75,500,999,166,166,152,164,0.0354707689375769,0.1774603659511765,0.036473165388828,3.1254107338444688,2.74465133260314,False,True,True,True,True,True,True,True,True,False,,True,23,5,4
Mono,overall,10,0.5,0.005,2000,75,1000,2000,170,170,169,169,0.0172246613089943,0.2569640703482853,0.0696136442742777,6.586286112077968,2.5350156630699616,False,True,True,True,True,True,True,True,True,False,,True,23,10,7
Mono,overall,10,0.5,0.005,2000,100,100,198,126,126,87,105,0.0347794571666353,0.0790498742879695,0.0125714285714285,0.3417777777777778,1.681968253968254,False,True,True,True,True,True,True,True,True,False,,False,20,1,1
Mono,overall,10,0.5,0.005,2000,100,250,499,161,161,131,155,0.0658710869350891,0.1036460265494752,0.0193711180124223,1.2917313664596273,2.828649068322981,False,True,True,True,True,True,True,True,True,False,,True,24,3,3
Mono,overall,10,0.5,0.005,2000,100,500,999,168,168,151,166,0.040863453490466,0.1698755596525807,0.0356073567151411,3.04829626461363,2.680959509552324,False,True,True,True,True,True,True,True,True,False,,True,24,4,3
Mono,overall,10,0.5,0.005,2000,100,1000,2000,171,171,169,170,0.0141510488135199,0.2590269830615571,0.0687994496044031,6.5513243894048845,2.5356037151702786,False,True,True,True,True,True,True,True,True,False,,True,24,10,7
Mono,overall,10,0.5,0.005,3000,10,100,200,47,47,44,44,0.0116568583069262,0.3278397065318217,0.0925069380203515,2.363552266419981,2.580018501387604,False,True,False,False,True,False,False,False,True,False,,False,10,0,0
Mono,overall,10,0.5,0.005,3000,10,250,357,47,47,47,44,-0.0071876645633355,0.4498961964411906,0.1651248843663274,4.356614246068455,2.2007400555041627,False,True,False,False,True,False,False,False,True,False,,False,10,1,0
Mono,overall,10,0.5,0.005,3000,10,500,338,46,46,46,42,0.0003308485230715,0.4683273862588219,0.1632850241545893,4.114492753623188,2.091304347826087,False,True,False,False,True,False,False,False,True,False,,False,10,1,0
Mono,overall,10,0.5,0.005,3000,10,1000,349,47,47,47,43,0.0027804466183363,0.4607841294033166,0.1614246068455134,4.224329324699353,2.0758556891766884,False,True,False,False,True,False,False,False,True,False,,False,10,1,0
Mono,overall,10,0.5,0.005,3000,25,100,200,99,99,70,90,0.0598097566160059,0.0627483347180316,0.020614306328592,0.7934446505875077,2.765718408575552,False,True,True,False,True,True,False,True,True,False,,True,18,0,0
Mono,overall,10,0.5,0.005,3000,25,250,500,103,103,90,102,0.0191601191844609,0.1813852281806258,0.0475918522748905,2.605273177232058,2.609080525414049,False,True,True,False,True,True,False,True,True,False,,True,17,1,1
Mono,overall,10,0.5,0.005,3000,25,500,1000,102,102,100,101,0.0013857412994211,0.2794660755435712,0.09706853038245,5.858571151232771,2.400795961949136,False,True,True,False,True,True,False,True,True,False,,True,18,4,2
Mono,overall,10,0.5,0.005,3000,25,1000,1504,102,102,102,101,-0.0066043373729685,0.4237093860956118,0.1459910696952048,8.568627450980392,2.207726655018443,False,True,True,False,True,True,False,True,True,False,,True,18,5,2
Mono,overall,10,0.5,0.005,3000,50,100,199,120,120,78,105,0.0338140358184089,0.0271230158730158,0.0139355742296918,0.440406162464986,2.0919467787114847,False,True,True,True,True,True,True,True,True,False,,True,20,2,2
Mono,overall,10,0.5,0.005,3000,50,250,495,141,141,121,138,0.0240096038415366,0.1151473683515165,0.0250759878419452,1.7494427558257346,3.266919959473151,False,True,True,True,True,True,True,True,True,False,,True,21,3,3
Mono,overall,10,0.5,0.005,3000,50,500,990,142,142,137,142,0.026930460512495,0.1964659585375804,0.0494456098291878,4.015632803915692,2.8529117970232742,False,True,True,True,True,True,True,True,True,False,,True,21,4,4
Mono,overall,10,0.5,0.005,3000,50,1000,1980,142,142,142,142,0.0036404210618613,0.313313593711801,0.0988912196583757,8.22130656278094,2.366047347917291,False,True,True,True,True,True,True,True,True,False,,True,21,8,5
Mono,overall,10,0.5,0.005,3000,75,100,197,125,125,84,104,0.0296786490912507,0.0764354756354756,0.0127096774193548,0.2571612903225806,1.2115483870967745,False,True,True,True,True,True,True,True,True,False,,True,19,0,0
Mono,overall,10,0.5,0.005,3000,75,250,498,159,159,132,150,0.0430336478703103,0.1057904549809255,0.0198232624791019,1.3881856540084387,3.0246795637290025,False,True,True,True,True,True,True,True,True,False,,True,23,1,1
Mono,overall,10,0.5,0.005,3000,75,500,993,167,167,155,163,0.0452665630928563,0.1507778435256356,0.0358199264122357,3.136930957362384,2.883269605367578,False,True,True,True,True,True,True,True,True,False,,True,23,4,4
Mono,overall,10,0.5,0.005,3000,75,1000,1980,167,167,166,165,0.0208387103651967,0.2449206906529819,0.0714234182237933,6.810295072505591,2.479691219969699,False,True,True,True,True,True,True,True,True,False,,True,23,8,5
Mono,overall,10,0.5,0.005,3000,100,100,195,123,123,81,102,0.068336942518023,0.0719818122257146,0.0129948020791683,0.2692922830867653,1.274556843929095,False,True,True,True,True,True,True,True,True,False,,True,20,0,0
Mono,overall,10,0.5,0.005,3000,100,250,497,162,162,129,153,0.0491915316289352,0.1055619585255903,0.0190552871712292,1.3063415382255965,2.696035580093551,False,True,True,True,True,True,True,True,True,False,,True,24,1,1
Mono,overall,10,0.5,0.005,3000,100,500,991,171,171,156,167,0.0461024987092524,0.1370148843056972,0.0340901272789817,3.0106639146886827,2.867561059511524,False,True,True,True,True,True,True,True,True,False,,True,24,3,3
Mono,overall,10,0.5,0.005,3000,100,1000,1979,170,170,169,168,0.0193100525635925,0.2373367383860042,0.0688827010093978,6.652036199095023,2.516115558649495,False,True,True,True,True,True,True,True,True,False,,True,24,8,5
Mono,overall,10,0.5,0.005,4000,10,100,200,46,46,44,43,-0.0043571751923947,0.3507913115212214,0.0966183574879227,2.344927536231884,2.569082125603865,False,True,False,False,True,False,False,False,True,False,,False,10,0,0
Mono,overall,10,0.5,0.005,4000,10,250,369,46,46,46,43,-0.0128479564222378,0.4832402870128277,0.1782608695652174,4.531884057971015,2.083091787439613,False,True,False,False,True,False,False,False,True,False,,False,10,1,0
Mono,overall,10,0.5,0.005,4000,10,500,376,47,47,47,44,-0.0029703555976203,0.4982520624169805,0.1739130434782608,4.499074930619797,2.018963922294172,False,True,False,False,True,False,False,False,True,False,,False,10,1,0
Mono,overall,10,0.5,0.005,4000,10,1000,358,46,46,46,42,-0.0093566759251465,0.4953986992118989,0.1729468599033816,4.331400966183575,1.9579710144927536,False,True,False,False,True,False,False,False,True,False,,False,10,1,0
Mono,overall,10,0.5,0.005,4000,25,100,199,97,97,73,93,0.0498891966759002,0.0900477529343508,0.0213702749140893,0.743127147766323,2.59278350515464,False,True,True,False,True,True,False,True,True,False,,True,15,0,0
Mono,overall,10,0.5,0.005,4000,25,250,500,103,103,91,103,0.0043351413543721,0.178635426262797,0.0475918522748905,2.495335998477061,2.590329335617742,False,True,True,False,True,True,False,True,True,False,,True,17,1,1
Mono,overall,10,0.5,0.005,4000,25,500,1000,102,102,100,102,-0.0004180057813846,0.2883355564360761,0.09706853038245,5.867986798679868,2.4414676761793825,False,True,True,False,True,True,False,True,True,False,,True,18,3,2
Mono,overall,10,0.5,0.005,4000,25,1000,1724,103,103,103,103,-0.0044269687527198,0.4839652341607277,0.1640967066438226,9.721016561964593,2.145155149438416,False,True,True,False,True,True,False,True,True,False,,True,17,5,3
Mono,overall,10,0.5,0.005,4000,50,100,199,117,117,74,107,0.041454081632653,0.0621730121730121,0.0146625405246094,0.3654582964927793,1.625036840554082,False,True,True,True,True,True,True,True,True,False,,True,20,2,2
Mono,overall,10,0.5,0.005,4000,50,250,497,138,138,118,137,0.0277919991526022,0.1382709545904457,0.0262879509150534,1.8586692055432137,3.2328361366761875,False,True,True,True,True,True,True,True,True,False,,True,21,1,1
Mono,overall,10,0.5,0.005,4000,50,500,992,142,142,137,142,0.0172651373915862,0.1814321891108951,0.0495454999500549,4.018879232843871,2.8719408650484466,False,True,True,True,True,True,True,True,True,False,,True,21,5,3
Mono,overall,10,0.5,0.005,4000,50,1000,1982,142,142,141,142,0.0080279723723012,0.3020512252046899,0.0989911097792428,8.32109679352712,2.3238937169113973,False,True,True,True,True,True,True,True,True,False,,True,21,8,5
Mono,overall,10,0.5,0.005,4000,75,100,196,118,118,80,102,0.0297173394097222,0.0924881380389854,0.0141967260611328,0.2899464001158916,1.6242213530349123,False,True,True,True,True,True,True,True,True,False,,False,17,0,0
Mono,overall,10,0.5,0.005,4000,75,250,499,160,160,127,151,0.0498849826388889,0.1118652587808934,0.0196147798742138,1.3036949685534591,2.81560534591195,False,True,True,True,True,True,True,True,True,False,,True,22,2,2
Mono,overall,10,0.5,0.005,4000,75,500,993,167,167,154,164,0.0494792243767312,0.1758500167042183,0.0358199264122357,3.030445133828728,2.8730971791357045,False,True,True,True,True,True,True,True,True,False,,True,22,4,4
Mono,overall,10,0.5,0.005,4000,75,1000,1981,169,169,167,167,0.0251928672635197,0.2475046794123221,0.0697731755424063,6.644688644688645,2.4847492251338403,False,True,True,True,True,True,True,True,True,False,,True,23,8,5
Mono,overall,10,0.5,0.005,4000,100,100,195,120,120,79,103,0.0588936706778871,0.0812987012987012,0.0136554621848739,0.2892857142857143,1.6518207282913164,False,True,False,True,True,True,True,True,True,False,,False,17,0,0
Mono,overall,10,0.5,0.005,4000,100,250,498,162,162,127,153,0.0540212881427145,0.1102831051615594,0.0190936277892799,1.2217621348056131,2.590752242926156,False,True,True,True,True,True,True,True,True,False,,True,24,2,2
Mono,overall,10,0.5,0.005,4000,100,500,992,170,170,153,166,0.0435620213612909,0.1683377764115615,0.0345283675600417,2.9311869126348764,2.759937347720153,False,True,True,True,True,True,True,True,True,False,,True,24,4,4
Mono,overall,10,0.5,0.005,4000,100,1000,1981,171,171,169,169,0.0244513753037085,0.235879590303384,0.0681458548331613,6.581183350533196,2.505607155142759,False,True,True,True,True,True,True,True,True,False,,True,24,8,5
Mono,overall,10,0.5,0.01,2000,10,100,200,50,50,47,48,0.0100517601304012,0.2308871912401325,0.0816326530612244,2.370612244897959,2.5408163265306123,False,True,False,False,True,False,False,True,True,False,,False,8,1,0
Mono,overall,10,0.5,0.01,2000,10,250,337,50,50,50,49,-0.0171606269537845,0.4123616137297645,0.1375510204081632,3.919591836734694,2.3669387755102043,False,True,False,False,True,False,False,True,True,False,,False,8,1,0
Mono,overall,10,0.5,0.01,2000,10,500,264,49,49,49,45,-0.0021365986785406,0.3811064096112898,0.1122448979591836,2.903486394557824,2.3622448979591835,False,True,False,False,True,False,True,True,True,False,,False,9,1,0
Mono,overall,10,0.5,0.01,2000,10,1000,265,49,49,49,45,-0.0028307429364952,0.3807847644697167,0.1126700680272108,2.9166666666666665,2.360544217687075,False,True,False,False,True,False,True,True,True,False,,False,9,1,0
Mono,overall,10,0.5,0.01,2000,25,100,200,92,92,70,90,0.0710387811634348,0.1240218718479587,0.0238891543239369,0.7204968944099379,2.3153368370759675,False,True,True,False,True,False,False,True,True,False,,False,15,2,1
Mono,overall,10,0.5,0.01,2000,25,250,500,106,106,93,103,0.0262622262336753,0.1576061362539709,0.0449236298292902,2.63674752920036,2.596675651392633,False,True,True,False,True,False,True,True,True,False,,True,17,3,1
Mono,overall,10,0.5,0.01,2000,25,500,1000,103,103,102,102,-0.0008290345227557,0.3062259889294199,0.095183704549781,5.750713877784124,2.3872073101085096,False,True,True,False,True,False,False,True,True,False,,True,16,4,2
Mono,overall,10,0.5,0.01,2000,25,1000,1426,107,107,107,106,0.0096820298739165,0.4001793700044323,0.1257273849409275,7.837418444718744,2.2132780814671134,False,True,True,False,True,False,True,True,True,False,,True,17,5,3
Mono,overall,10,0.5,0.01,2000,50,100,194,118,118,78,111,0.0569390581717451,0.0494169257130373,0.0140518615094886,0.3806316094451688,2.0233231928147184,False,True,True,True,True,True,True,True,True,False,,False,17,1,1
Mono,overall,10,0.5,0.01,2000,50,250,500,152,152,124,148,0.037219431369188,0.1101012374560873,0.021784593935169,1.5047054722899964,2.7561432554897176,False,True,True,True,True,True,True,True,True,False,,True,20,3,1
Mono,overall,10,0.5,0.01,2000,50,500,1000,155,155,146,155,0.0169457598490411,0.191015724044239,0.041893590280687,3.511478843736908,2.817804775869292,False,True,True,True,True,True,True,True,True,False,,True,20,4,2
Mono,overall,10,0.5,0.01,2000,50,1000,2000,154,154,154,153,-0.00240173532497,0.3114829633117199,0.0848824378236142,7.418215771156947,2.383413971649266,False,True,True,True,True,True,True,True,True,False,,True,20,7,3
Mono,overall,10,0.5,0.01,2000,75,100,186,126,126,75,114,0.1152932098765432,0.038903776999015,0.0118095238095238,0.0958730158730158,0.2996190476190476,False,True,True,True,True,True,True,True,True,False,,False,18,1,1
Mono,overall,10,0.5,0.01,2000,75,250,500,169,169,128,163,0.0742201292281618,0.0789079769527222,0.0176105945336714,1.1816708932093547,2.502500704423781,False,True,True,True,True,True,True,True,True,False,,True,22,2,1
Mono,overall,10,0.5,0.01,2000,75,500,1000,173,173,155,172,0.0496053411361722,0.1674413289832628,0.0336066675628444,2.8749831966662187,2.614766769727114,False,True,True,True,True,True,True,True,True,False,,True,23,5,3
Mono,overall,10,0.5,0.01,2000,75,1000,1997,175,175,174,175,0.0250359082161292,0.2649575883649804,0.0655829228243021,6.3882101806239735,2.5195073891625617,False,True,True,True,True,True,True,True,True,False,,True,23,9,6
Mono,overall,10,0.5,0.01,2000,100,100,187,123,123,76,110,0.0701872256561856,0.0415384525140622,0.0124616819938691,0.2875516460082634,1.2982140477142476,False,True,False,True,True,True,True,False,True,False,,False,16,1,1
Mono,overall,10,0.5,0.01,2000,100,250,500,169,169,128,163,0.0696922150583002,0.0831605587277961,0.0176105945336714,1.1475767821921667,2.45347280924204,False,True,True,True,True,True,True,True,True,False,,True,22,3,1
Mono,overall,10,0.5,0.01,2000,100,500,1000,175,175,156,174,0.0633174735085448,0.174368494808293,0.0328407224958949,2.783513957307061,2.593136288998358,False,True,True,True,True,True,True,True,True,False,,True,24,6,4
Mono,overall,10,0.5,0.01,2000,100,1000,1997,176,176,175,176,0.0248807412354785,0.2654027456819419,0.0648376623376623,6.311071428571428,2.532435064935065,False,True,True,True,True,True,True,True,True,False,,True,24,10,7
Mono,overall,10,0.5,0.01,3000,10,100,200,49,49,43,47,0.0197601606805293,0.217684469725286,0.0850340136054421,2.388180272108844,2.3435374149659864,False,True,False,False,True,False,False,True,True,False,,False,9,1,0
Mono,overall,10,0.5,0.01,3000,10,250,357,48,48,48,45,0.0189322020489695,0.4152861868931445,0.1582446808510638,4.4570035460992905,2.084663120567376,False,True,False,False,True,False,True,True,True,False,,False,9,1,0
Mono,overall,10,0.5,0.01,3000,10,500,429,50,50,50,48,0.0100287776509157,0.4389884910698406,0.1751020408163265,5.265714285714286,2.083673469387755,False,True,False,False,True,False,False,True,True,False,,False,9,1,0
Mono,overall,10,0.5,0.01,3000,10,1000,445,50,50,50,48,0.0132411228572684,0.4507063601835912,0.1816326530612245,5.56530612244898,2.057959183673469,False,True,False,False,True,False,False,True,True,False,,False,9,1,0
Mono,overall,10,0.5,0.01,3000,25,100,200,96,96,73,94,0.0342370000822345,0.0582311530381383,0.0219298245614035,0.8395833333333333,2.8665570175438595,False,True,True,False,True,True,False,True,True,False,,True,17,2,2
Mono,overall,10,0.5,0.01,3000,25,250,500,103,103,96,102,0.0205579683890062,0.1581585430267516,0.0475918522748905,2.805063773082048,2.847039786788502,False,True,True,False,True,True,False,True,True,False,,True,17,4,2
Mono,overall,10,0.5,0.01,3000,25,500,1000,104,104,103,103,0.023969891986765,0.2644753942704583,0.0933532486930545,5.989824495892457,2.352781926811053,False,True,True,False,True,True,False,True,True,False,,True,17,7,4
Mono,overall,10,0.5,0.01,3000,25,1000,1642,102,102,102,102,0.0103399145125178,0.4205602752382323,0.1593865268879829,10.09425354300136,2.076101727819841,False,True,True,False,True,False,False,True,True,False,,True,16,6,3
Mono,overall,10,0.5,0.01,3000,50,100,192,115,115,83,107,0.0786124853441619,0.0479641131815044,0.0146453089244851,0.3359267734553776,1.800839054157132,False,True,True,True,True,True,False,False,True,False,,True,16,2,2
Mono,overall,10,0.5,0.01,3000,50,250,500,154,154,122,149,0.0311771767530541,0.0970697687848183,0.0212206094559035,1.5256769374416432,2.946057210763093,False,True,True,True,True,True,False,True,True,False,,True,20,2,2
Mono,overall,10,0.5,0.01,3000,50,500,1000,157,157,147,157,0.0269512691656431,0.1529215664035823,0.0408296586640535,3.6717703739996734,2.764943655071044,False,True,True,True,True,True,True,True,True,False,,True,21,4,3
Mono,overall,10,0.5,0.01,3000,50,1000,2000,155,155,154,155,0.0168049101614295,0.2667220243029668,0.0837871805613741,7.905320485965647,2.357813154587348,False,True,True,True,True,True,False,True,True,False,,True,20,11,7
Mono,overall,10,0.5,0.01,3000,75,100,199,135,135,85,122,0.1029865022850462,0.0406391961947517,0.0110005527915975,0.1856826976229961,0.8562189054726368,False,True,True,True,True,True,True,False,True,False,,True,19,1,1
Mono,overall,10,0.5,0.01,3000,75,250,500,170,170,136,162,0.0742940424712452,0.0755621557067242,0.0174034110685694,1.2853115210581274,2.976192133658197,False,True,True,True,True,True,True,True,True,False,,True,23,1,1
Mono,overall,10,0.5,0.01,3000,75,500,1000,175,175,160,173,0.0567583169732829,0.1420650963408985,0.0328407224958949,3.14272577996716,2.799770114942529,False,True,True,True,True,True,True,True,True,False,,True,24,4,3
Mono,overall,10,0.5,0.01,3000,75,1000,2000,176,176,173,176,0.0411858055450118,0.2136496519044042,0.0649350649350649,6.791363636363636,2.473668831168831,False,True,True,True,True,True,True,True,True,False,,True,24,12,8
Mono,overall,10,0.5,0.01,3000,100,100,192,128,128,87,114,0.1004747061683205,0.0378917523448773,0.0118110236220472,0.1312130905511811,0.5353100393700787,False,True,True,True,True,True,True,False,True,False,,True,20,1,1
Mono,overall,10,0.5,0.01,3000,100,250,500,172,172,139,165,0.0861229916897506,0.0660260314321081,0.0169998640010879,1.3182374541003672,3.187304501563988,False,True,True,True,True,True,True,True,True,False,,True,23,2,2
Mono,overall,10,0.5,0.01,3000,100,500,1000,177,177,163,174,0.0665606609325486,0.1372987488478881,0.032100667693888,3.1145672829994866,2.910824345146379,False,True,True,True,True,True,True,True,True,False,,True,24,5,3
Mono,overall,10,0.5,0.01,3000,100,1000,2000,178,178,173,178,0.0486536292826356,0.2060829763497042,0.0634799720688122,6.737478575509427,2.441439725766521,False,True,True,True,True,True,True,True,True,False,,True,24,11,6
Mono,overall,10,0.5,0.01,4000,10,100,200,49,49,44,46,0.0195829395085066,0.2111715382123545,0.0850340136054421,2.39030612244898,2.245323129251701,False,True,False,False,True,False,False,True,True,False,,False,9,0,0
Mono,overall,10,0.5,0.01,4000,10,250,487,50,50,50,48,0.0112127556602979,0.4917249950234426,0.1987755102040816,6.083265306122449,1.973469387755102,False,True,False,False,True,False,False,True,True,False,,False,9,1,0
Mono,overall,10,0.5,0.01,4000,10,500,509,50,50,50,48,0.0114183275437132,0.5059493797486248,0.2077551020408163,6.357142857142857,1.9477551020408164,False,True,False,False,True,False,False,True,True,False,,False,9,1,0
Mono,overall,10,0.5,0.01,4000,10,1000,505,50,50,50,48,0.0126105574702189,0.5030543673231612,0.2061224489795918,6.313469387755102,1.952244897959184,False,True,False,False,True,False,False,True,True,False,,False,9,1,0
Mono,overall,10,0.5,0.01,4000,25,100,197,99,99,69,97,0.0033908420138888,0.0544937105543166,0.0203050917336631,0.6904761904761905,2.297052154195012,False,True,True,False,True,True,False,True,True,False,,True,17,1,1
Mono,overall,10,0.5,0.01,4000,25,250,500,104,104,94,103,0.034955691305813,0.1504982264706046,0.0466766243465272,2.7493465272591484,2.6769044062733385,False,True,True,False,True,True,False,True,True,False,,True,16,2,1
Mono,overall,10,0.5,0.01,4000,25,500,1000,105,105,101,105,0.0241404965149972,0.236088873335884,0.0915750915750915,5.99514652014652,2.30503663003663,False,True,True,False,True,True,False,True,True,False,,True,17,5,2
Mono,overall,10,0.5,0.01,4000,25,1000,1962,104,104,104,104,0.0080730884461656,0.4668439891289168,0.1831590739357729,11.943521284540704,1.991224794622853,False,True,True,False,True,True,False,True,True,False,,True,16,7,4
Mono,overall,10,0.5,0.01,4000,50,100,191,122,122,82,110,0.0846918718927043,0.0383495375298654,0.0129386262024115,0.1572280178837556,0.7032922368242785,False,True,True,True,True,True,False,True,True,False,,False,16,2,2
Mono,overall,10,0.5,0.01,4000,50,250,500,155,155,122,149,0.055574515235457,0.0841714881401667,0.0209467951403435,1.4117302052785925,2.71705069124424,False,True,True,True,True,True,False,True,True,False,,True,20,2,2
Mono,overall,10,0.5,0.01,4000,50,500,1000,156,156,145,155,0.0416244543093444,0.1448238016927405,0.0413564929693962,3.6519437551695617,2.820016542597188,False,True,True,True,True,True,False,True,True,False,,True,20,4,3
Mono,overall,10,0.5,0.01,4000,50,1000,2000,155,155,152,155,0.0298164201834496,0.2492106314534625,0.0837871805613741,8.017218265605363,2.319689987431923,False,True,True,True,True,True,False,True,True,False,,True,20,8,5
Mono,overall,10,0.5,0.01,4000,75,100,194,131,131,82,115,0.0830592810775258,0.0245134000859191,0.0113916617733411,0.1459189665296535,0.6712272460364064,False,True,True,True,True,True,True,True,True,False,,False,18,2,2
Mono,overall,10,0.5,0.01,4000,75,250,500,170,170,128,164,0.0688554833698185,0.0774478328855847,0.0174034110685694,1.1810650887573964,2.8963452836756005,False,True,True,True,True,True,True,True,True,False,,True,23,2,2
Mono,overall,10,0.5,0.01,4000,75,500,1000,175,175,161,174,0.0493153024682583,0.1147179366491887,0.0328407224958949,3.1732676518883416,2.957208538587849,False,True,True,True,True,True,True,True,True,False,,True,24,4,3
Mono,overall,10,0.5,0.01,4000,75,1000,2000,176,176,174,176,0.03594497386313,0.2202040018816868,0.0649350649350649,6.824675324675325,2.5057792207792207,False,True,True,True,True,True,True,True,True,False,,True,24,12,9
Mono,overall,10,0.5,0.01,4000,100,100,193,133,133,86,114,0.1122708684835139,0.026376547429179,0.0109933925723399,0.1406356801093643,0.6524834814308499,False,True,True,True,True,True,True,True,True,False,,True,20,2,2
Mono,overall,10,0.5,0.01,4000,100,250,500,174,174,134,166,0.0900368923611111,0.0764254233838945,0.0166101920138196,1.1661019201381968,2.8361902863597104,False,True,True,True,True,True,True,True,True,False,,True,22,2,2
Mono,overall,10,0.5,0.01,4000,100,500,1000,178,178,165,177,0.0803781226899811,0.1135994268624464,0.0317399860344061,3.126071224528661,3.0109820351679044,False,True,True,True,True,True,True,True,True,False,,True,24,5,4
Mono,overall,10,0.5,0.01,4000,100,1000,2000,178,178,176,178,0.0537812062112156,0.2195865722224649,0.0634799720688122,6.748079730844919,2.524217609344252,False,True,True,True,True,True,True,True,True,False,,True,24,11,8
Mono,overall,10,0.5,0.02,2000,10,100,178,36,36,36,36,0.0088568298027757,0.3958947482876792,0.1412698412698412,2.8404761904761906,2.507142857142857,False,True,False,False,False,False,False,False,True,False,,False,5,0,0
Mono,overall,10,0.5,0.02,2000,10,250,186,37,37,37,37,0.0020661157024793,0.4110011623943513,0.1396396396396396,2.910660660660661,2.4894894894894897,False,True,False,False,False,False,False,False,True,False,,False,5,0,0
Mono,overall,10,0.5,0.02,2000,10,500,193,37,37,37,37,0.0279503105590062,0.4945076793912439,0.1448948948948949,2.8836336336336337,2.4924924924924925,False,True,False,False,False,False,True,False,True,False,,False,7,0,0
Mono,overall,10,0.5,0.02,2000,10,1000,194,37,37,37,37,0.0279503105590062,0.4945076793912439,0.1456456456456456,2.8986486486486487,2.490990990990991,False,True,False,False,False,False,True,False,True,False,,False,7,0,0
Mono,overall,10,0.5,0.02,2000,25,100,200,94,94,62,90,0.042797783933518,0.1119204672396161,0.022878059940517,0.7184854724319377,2.5568519789521846,False,True,False,True,True,False,True,False,True,False,,True,16,1,1
Mono,overall,10,0.5,0.02,2000,25,250,500,99,99,82,99,0.0496525314854588,0.2268465584543518,0.0515357658214801,2.7051123479694907,2.391671820243249,False,True,False,True,True,False,True,False,True,False,,True,17,3,2
Mono,overall,10,0.5,0.02,2000,25,500,1000,101,101,99,101,0.0362121454895048,0.3463123104306521,0.099009900990099,5.773762376237624,2.3374257425742573,False,True,False,True,True,False,False,False,True,False,,True,15,5,4
Mono,overall,10,0.5,0.02,2000,25,1000,1330,101,101,101,101,0.0205226165514146,0.4319119021718438,0.1316831683168317,7.6184158415841585,2.1984158415841586,False,True,False,True,True,False,False,False,True,False,,True,15,6,4
Mono,overall,10,0.5,0.02,2000,50,100,198,121,121,73,109,0.0683748462924304,0.0310808108328769,0.0136363636363636,0.3028236914600551,1.5415289256198348,False,True,False,True,True,True,True,False,True,False,,True,16,0,0
Mono,overall,10,0.5,0.02,2000,50,250,500,143,143,105,142,0.0617215464971875,0.1451549773380116,0.0246232640598837,1.5760858859450408,2.598000590958337,False,True,False,True,True,True,True,True,True,False,,True,19,2,2
Mono,overall,10,0.5,0.02,2000,50,500,1000,143,143,126,143,0.0351126730522169,0.2203062795438708,0.0492465281197675,3.696099674972914,2.445582586427657,False,True,False,True,True,True,False,True,True,False,,True,18,4,4
Mono,overall,10,0.5,0.02,2000,50,1000,2000,143,143,143,143,0.0129255678745267,0.3640970213298165,0.0984930562395351,8.07185068452674,2.2759775435831773,False,True,False,True,True,True,False,True,True,False,,True,18,7,5
Mono,overall,10,0.5,0.02,2000,75,100,198,129,129,75,117,0.0721141975308641,0.0837136592950546,0.0119912790697674,0.1504966085271318,0.7016109496124031,False,True,False,True,True,True,True,False,True,False,,True,16,0,0
Mono,overall,10,0.5,0.02,2000,75,250,500,155,155,113,151,0.0918492530556813,0.1412052366624596,0.0209467951403435,1.412987012987013,2.7029744449099287,False,True,False,True,True,True,True,True,True,False,,True,21,2,2
Mono,overall,10,0.5,0.02,2000,75,500,1000,167,167,139,165,0.0573025769579596,0.1936489837086267,0.0360724334463602,2.895462087872448,2.407871004977996,False,True,False,True,True,True,True,True,True,False,,True,22,6,6
Mono,overall,10,0.5,0.02,2000,75,1000,2000,170,170,168,167,0.01830601688622,0.292618556010813,0.0696136442742777,6.2481726418378,2.438009049773756,False,True,False,True,True,True,True,True,True,False,,True,22,11,9
Mono,overall,10,0.5,0.02,2000,100,100,198,127,127,77,114,0.0847668628338614,0.0355105524396862,0.0123734533183352,0.2610923634545681,1.4633170853643294,False,True,True,True,True,True,True,False,True,False,,True,17,0,0
Mono,overall,10,0.5,0.02,2000,100,250,500,157,157,112,153,0.0917806440443213,0.1765144041649006,0.0204148293320267,1.2863792258696718,2.6780989710926018,False,True,True,True,True,True,True,True,True,False,,True,22,1,1
Mono,overall,10,0.5,0.02,2000,100,500,1000,166,166,138,165,0.062313116205244,0.1934250676381959,0.0365096750638919,2.932493610806864,2.435560423512231,False,True,True,True,True,True,True,True,True,False,,True,23,5,5
Mono,overall,10,0.5,0.02,2000,100,1000,2000,171,171,170,170,0.0209020740810241,0.3022761262207762,0.0687994496044031,6.346611627106984,2.4723770209838323,False,True,True,True,True,True,True,True,True,False,,True,23,10,8
Mono,overall,10,0.5,0.02,3000,10,100,200,44,44,43,44,0.0410174713770526,0.266524889252162,0.1057082452431289,2.923361522198732,2.516384778012685,False,False,False,False,False,False,True,False,True,False,,False,7,0,0
Mono,overall,10,0.5,0.02,3000,10,250,277,44,44,44,44,0.0265081239107213,0.3677741431084441,0.1464059196617336,4.012684989429175,2.2896405919661733,False,False,False,False,False,False,True,False,True,False,,False,7,0,0
Mono,overall,10,0.5,0.02,3000,10,500,276,44,44,44,44,0.0256576991676575,0.3707478327916199,0.1458773784355179,3.983086680761099,2.296511627906977,False,False,False,False,False,False,True,False,True,False,,False,7,0,0
Mono,overall,10,0.5,0.02,3000,10,1000,276,44,44,44,44,0.0260396169487078,0.3702069805462223,0.1458773784355179,3.985200845665962,2.302325581395349,False,False,False,False,False,False,True,False,True,False,,False,7,0,0
Mono,overall,10,0.5,0.02,3000,25,100,200,99,99,64,92,0.0940102264426589,0.1104468202953051,0.020614306328592,0.6779014636157493,3.659760874046588,False,True,True,True,False,False,True,True,True,False,,False,15,2,1
Mono,overall,10,0.5,0.02,3000,25,250,500,105,105,93,105,0.0491285204123042,0.1839335972669304,0.0457875457875457,2.647710622710622,2.778205128205128,False,True,True,True,False,False,True,True,True,False,,True,16,4,2
Mono,overall,10,0.5,0.02,3000,25,500,1000,106,106,105,106,0.025155979995801,0.294855661435935,0.0898472596585804,5.855256064690027,2.3964061096136566,False,True,True,True,False,False,True,True,True,False,,True,16,7,5
Mono,overall,10,0.5,0.02,3000,25,1000,1899,103,103,103,103,0.0192433103669283,0.4472912108928615,0.1807538549400342,12.03873976775176,1.9680182752712736,False,True,True,True,True,False,True,True,True,False,,True,19,10,7
Mono,overall,10,0.5,0.02,3000,50,100,196,122,122,78,109,0.0564364418167159,0.0651460882415559,0.0132773336946213,0.1694892291017477,0.7359436390732963,False,True,True,True,True,True,True,False,True,False,,True,18,3,2
Mono,overall,10,0.5,0.02,3000,50,250,500,152,152,124,148,0.0276735285374554,0.11928297259699,0.021784593935169,1.5027448588358312,3.2701725339839665,False,True,True,True,True,True,True,True,True,False,,True,21,3,2
Mono,overall,10,0.5,0.02,3000,50,500,1000,156,156,144,156,0.0521036543399736,0.161401656941895,0.0413564929693962,3.577874276261373,2.7313482216708023,False,True,True,True,True,True,True,True,True,False,,True,21,4,3
Mono,overall,10,0.5,0.02,3000,50,1000,2000,156,156,155,156,0.0268994953051753,0.2657068526266008,0.0827129859387924,8.035732009925558,2.310587262200165,False,True,True,True,True,True,True,True,True,False,,True,21,7,4
Mono,overall,10,0.5,0.02,3000,75,100,192,128,128,79,113,0.0983271433475859,0.0365668402777777,0.0118110236220472,0.1357652559055118,0.7039247047244095,False,True,True,True,True,True,True,True,True,False,,True,19,3,2
Mono,overall,10,0.5,0.02,3000,75,250,500,168,168,130,161,0.1000697272146213,0.095183959088926,0.017821499857428,1.3181137724550898,3.0326133447390933,False,True,True,True,True,True,True,True,True,False,,True,23,2,2
Mono,overall,10,0.5,0.02,3000,75,500,1000,173,173,160,171,0.0804736839639436,0.1369253517360661,0.0336066675628444,3.1725030246000805,2.875151230004033,False,True,True,True,True,True,True,True,True,False,,True,24,5,4
Mono,overall,10,0.5,0.02,3000,75,1000,2000,178,178,177,176,0.0330634224999497,0.2306267255431283,0.0634799720688122,6.701358471402273,2.470227893099727,False,True,True,True,True,True,True,True,True,False,,True,24,14,11
Mono,overall,10,0.5,0.02,3000,100,100,189,123,123,79,111,0.1160163265306122,0.0432249322493224,0.0125949620151939,0.1382780221244835,0.5890976942556311,False,True,True,True,True,True,True,True,True,False,,True,19,2,1
Mono,overall,10,0.5,0.02,3000,100,250,500,169,169,135,165,0.0941017591162901,0.098004421613889,0.0176105945336714,1.2844815440969286,3.281311637080868,False,True,True,True,True,True,True,True,True,False,,True,23,4,3
Mono,overall,10,0.5,0.02,3000,100,500,1000,178,178,163,178,0.0856895128702283,0.1667320103785887,0.0317399860344061,2.968355233923697,2.948803402526503,False,True,True,True,True,True,True,True,True,False,,True,23,7,6
Mono,overall,10,0.5,0.02,3000,100,1000,2000,181,181,180,179,0.0522948802995551,0.2280091811005389,0.0613873542050337,6.547483118477594,2.4900552486187846,False,True,True,True,True,True,True,True,True,False,,True,24,14,11
Mono,overall,10,0.5,0.02,4000,10,100,200,45,45,40,45,0.0403918367346938,0.2752588152588152,0.101010101010101,2.7363636363636363,2.2444444444444445,False,True,False,False,False,False,False,False,True,False,,False,7,0,0
Mono,overall,10,0.5,0.02,4000,10,250,428,46,46,46,46,-0.0032797432698569,0.46974674471052,0.2067632850241545,6.245893719806763,2.0096618357487923,False,True,False,False,False,False,True,False,True,False,,False,8,0,0
Mono,overall,10,0.5,0.02,4000,10,500,418,46,46,46,46,0.0013562423259957,0.4529399632560299,0.2019323671497584,6.011111111111111,2.0570048309178746,False,True,False,False,False,False,True,False,True,False,,False,8,0,0
Mono,overall,10,0.5,0.02,4000,10,1000,429,46,46,46,46,-0.0032248193395005,0.4690833564825786,0.2072463768115942,6.265217391304348,2.009178743961353,False,True,False,False,False,False,True,False,True,False,,False,8,0,0
Mono,overall,10,0.5,0.02,4000,25,100,200,94,94,67,89,0.1027805832596894,0.0925278622087132,0.022878059940517,0.8291008922443377,3.2147105925417523,False,True,True,True,False,False,False,True,True,False,,True,16,2,1
Mono,overall,10,0.5,0.02,4000,25,250,500,102,102,89,101,0.0493045858795149,0.1527145690711762,0.048534265191225,2.719860221316249,2.561638516792856,False,True,True,True,False,False,False,True,True,False,,True,18,3,2
Mono,overall,10,0.5,0.02,4000,25,500,1000,103,103,101,103,0.029193569214876,0.245151482468417,0.095183704549781,6.414620217018847,2.299352750809061,False,True,True,True,True,False,True,True,True,False,,True,20,6,3
Mono,overall,10,0.5,0.02,4000,25,1000,2000,102,102,102,102,0.013826364088549,0.4425385981715533,0.1941370607649,13.721995728984664,1.8975927004465152,False,True,True,True,False,False,False,True,True,False,,True,18,10,7
Mono,overall,10,0.5,0.02,4000,50,100,199,130,130,83,108,0.0609944661458333,0.0459890109890109,0.0118664281454979,0.1044722719141323,0.3962432915921288,False,True,True,True,False,True,True,True,True,False,,True,18,1,1
Mono,overall,10,0.5,0.02,4000,50,250,500,155,155,120,149,0.0505002415279429,0.105489681307518,0.0209467951403435,1.3949727691663176,2.791998324256389,False,True,True,True,True,True,True,True,True,False,,True,22,5,4
Mono,overall,10,0.5,0.02,4000,50,500,1000,160,160,151,159,0.0510524495705013,0.1789739178962691,0.0393081761006289,3.550825471698113,2.88687106918239,False,True,True,True,True,True,True,True,True,False,,True,22,7,5
Mono,overall,10,0.5,0.02,4000,50,1000,2000,160,160,159,160,0.02428131365454,0.2369620596711553,0.0786163522012578,7.961635220125786,2.3646619496855346,False,True,True,True,True,True,True,True,True,False,,True,22,12,9
Mono,overall,10,0.5,0.02,4000,75,100,193,125,125,79,111,0.0521721089086788,0.0413333333333333,0.0124516129032258,0.0746451612903225,0.2409032258064516,False,True,True,True,True,True,True,False,True,False,,False,16,2,2
Mono,overall,10,0.5,0.02,4000,75,250,500,175,175,134,168,0.081693248557394,0.070361999904857,0.0164203612479474,1.1898850574712645,2.872577996715928,False,True,True,True,True,True,True,True,True,False,,True,24,6,5
Mono,overall,10,0.5,0.02,4000,75,500,1000,180,180,163,179,0.0791650477915413,0.1429067120988418,0.0310366232153941,2.9694599627560523,2.955058969584109,False,True,True,True,True,True,True,True,True,False,,True,24,8,6
Mono,overall,10,0.5,0.02,4000,75,1000,2000,180,180,175,180,0.0466233835362988,0.193979785699183,0.0620732464307883,6.876132836747362,2.449379267535692,False,True,True,True,True,True,True,True,True,False,,True,24,13,11
Mono,overall,10,0.5,0.02,4000,100,100,187,122,122,79,106,0.0824001911075278,0.0527257351027842,0.0126676602086438,0.0985638802330307,0.3481913019916,False,True,True,True,False,True,True,True,True,False,,True,16,1,1
Mono,overall,10,0.5,0.02,4000,100,250,500,175,175,134,166,0.1197810744248622,0.086336805952905,0.0164203612479474,1.186830870279146,2.968899835796388,False,True,True,True,True,True,True,True,True,False,,True,24,2,2
Mono,overall,10,0.5,0.02,4000,100,500,1000,181,181,164,180,0.1073974474398687,0.1453709432437406,0.0306936771025168,2.9326273787599755,2.9944444444444445,False,True,True,True,True,True,True,True,True,False,,True,24,7,5
Mono,overall,10,0.5,0.02,4000,100,1000,2000,179,179,175,179,0.0481425990459234,0.1901282862618138,0.0627706986378758,6.978469650367209,2.4745778670516603,False,True,True,True,True,True,True,True,True,False,,True,24,8,6
Mono,overall,10,0.5,0.03,2000,10,100,195,35,35,35,34,0.0193777777777777,0.4492666250649443,0.1638655462184874,3.0647058823529414,2.222689075630252,False,True,False,False,False,False,False,False,False,False,,False,5,0,0
Mono,overall,10,0.5,0.03,2000,10,250,224,35,35,35,34,0.0406574394463667,0.5387947576229022,0.188235294117647,3.5764705882352943,2.101680672268908,False,True,False,False,False,False,False,False,False,False,,False,5,0,0
Mono,overall,10,0.5,0.03,2000,10,500,197,34,34,34,33,0.0485283437993934,0.5277698249766178,0.1755793226381461,3.231729055258467,2.1541889483065955,False,False,False,False,False,False,False,False,False,False,,False,4,0,0
Mono,overall,10,0.5,0.03,2000,10,1000,200,34,34,34,32,0.0109208972845336,0.5003537279511601,0.17825311942959,3.2245989304812834,2.07397504456328,False,True,False,False,False,False,False,False,False,False,,False,5,0,0
Mono,overall,10,0.5,0.03,2000,25,100,200,89,89,62,86,0.0624409262759924,0.1114597013473417,0.0255362614913176,0.7846016343207355,2.582482124616956,False,True,False,True,True,False,True,False,True,False,,True,15,1,0
Mono,overall,10,0.5,0.03,2000,25,250,500,96,96,86,96,0.059932876020537,0.197991151726471,0.0548245614035087,2.90109649122807,2.6530701754385966,False,True,False,True,True,False,True,False,True,False,,True,16,3,0
Mono,overall,10,0.5,0.03,2000,25,500,1000,96,96,94,96,0.0355724479185342,0.3898060580576623,0.1096491228070175,6.011184210526316,2.2788377192982456,False,True,False,True,True,False,True,False,True,False,,True,16,4,1
Mono,overall,10,0.5,0.03,2000,25,1000,1422,100,100,100,99,0.0174265302228853,0.4447712019658275,0.1436363636363636,8.210909090909091,2.136363636363636,False,True,False,True,True,False,True,False,True,False,,True,16,7,3
Mono,overall,10,0.5,0.03,2000,50,100,198,114,114,77,106,0.0481523970534959,0.0780220753904964,0.015370284117373,0.3909330849247011,2.1859183356621643,False,True,False,True,True,True,True,False,True,False,,True,16,0,0
Mono,overall,10,0.5,0.03,2000,50,250,500,137,137,110,136,0.0559269297333103,0.1804317427303594,0.0268355517389437,1.7442035208243882,3.327823100042937,False,True,False,True,True,True,True,True,True,False,,True,20,3,0
Mono,overall,10,0.5,0.03,2000,50,500,1000,138,138,129,138,0.0270092160080797,0.2435620673224441,0.0528932613984978,3.976938538030255,2.6030360732042737,False,True,False,True,True,True,True,True,True,False,,True,20,4,1
Mono,overall,10,0.5,0.03,2000,50,1000,2000,142,142,142,140,0.0054587091449182,0.3699394315154314,0.0998901208670462,7.838727399860153,2.2539206872440314,False,True,False,True,True,True,True,True,True,False,,True,20,8,4
Mono,overall,10,0.5,0.03,2000,75,100,191,118,118,78,108,0.1111441405733914,0.0703450974637415,0.0138345646820223,0.2991452991452991,1.441402288859916,False,True,False,True,True,True,True,False,True,False,,True,17,0,0
Mono,overall,10,0.5,0.03,2000,75,250,499,149,149,118,148,0.08587621929127,0.1400147641195285,0.0226283330310175,1.4944676219844004,3.1596227099582803,False,True,False,True,True,True,True,True,True,False,,True,22,5,2
Mono,overall,10,0.5,0.03,2000,75,500,999,156,156,143,155,0.0684275734247581,0.2052211165186034,0.0413151364764267,3.301116625310174,2.7651778329197683,False,True,False,True,True,True,True,True,True,False,,True,22,6,3
Mono,overall,10,0.5,0.03,2000,75,1000,2000,164,164,163,160,0.0234472197635739,0.3174509821032097,0.0748166990872362,6.351862935807272,2.3994463564267545,False,True,False,True,True,True,True,True,True,False,,True,22,9,5
Mono,overall,10,0.5,0.03,2000,100,100,194,118,118,79,108,0.1229984504132231,0.0794995964487489,0.0140518615094886,0.273866434883384,1.2987107054903666,False,True,False,True,True,True,True,False,True,False,,True,17,0,0
Mono,overall,10,0.5,0.03,2000,100,250,499,150,150,116,149,0.1023534971644612,0.1361945937332934,0.0223266219239373,1.4604026845637583,3.113199105145414,False,True,True,True,True,True,True,True,True,False,,True,23,5,2
Mono,overall,10,0.5,0.03,2000,100,500,999,157,157,143,156,0.0876176656199103,0.2172889094696319,0.0407888290053895,3.27739670096358,2.749428384778703,False,True,False,True,True,True,True,True,True,False,,True,22,6,3
Mono,overall,10,0.5,0.03,2000,100,1000,2000,164,164,162,160,0.0369098510714553,0.3143986281521392,0.0748166990872362,6.329417926081101,2.3789465808768515,False,True,False,True,True,True,True,True,True,False,,True,22,9,5
Mono,overall,10,0.5,0.03,3000,10,100,200,46,46,40,45,0.0090508035432932,0.3269510768954781,0.0966183574879227,2.36280193236715,1.989855072463768,False,True,False,False,False,False,False,False,True,False,,False,7,0,0
Mono,overall,10,0.5,0.03,3000,10,250,383,46,46,46,46,0.0127040540391386,0.5307222107172546,0.185024154589372,4.859903381642512,2.1207729468599035,False,True,False,False,False,False,False,False,True,False,,False,7,0,0
Mono,overall,10,0.5,0.03,3000,10,500,383,46,46,46,46,0.0158883456032494,0.5226975484730875,0.185024154589372,4.861352657004831,2.121256038647343,False,True,False,False,False,False,False,False,True,False,,False,7,0,0
Mono,overall,10,0.5,0.03,3000,10,1000,351,47,47,47,47,0.0148617672015298,0.5278023291069975,0.1623496762257169,4.209528214616096,2.2465309898242367,False,False,False,False,False,False,True,False,True,False,,False,7,0,0
Mono,overall,10,0.5,0.03,3000,25,100,200,94,94,68,88,0.0683778355387523,0.0576102975039145,0.022878059940517,0.8511782200869367,2.899336536261725,False,True,False,True,False,False,False,True,True,False,,True,15,0,0
Mono,overall,10,0.5,0.03,3000,25,250,500,103,103,90,103,0.0489093520153699,0.1651475426428934,0.0475918522748905,2.644679230915667,2.6987435750999427,False,True,False,True,False,False,True,True,True,False,,True,16,1,1
Mono,overall,10,0.5,0.03,3000,25,500,1000,100,100,96,100,0.0473765448947506,0.2887556126791091,0.101010101010101,6.181616161616161,2.228181818181818,False,True,False,True,False,False,False,True,True,False,,True,15,2,2
Mono,overall,10,0.5,0.03,3000,25,1000,1873,101,101,101,101,0.0267974415566866,0.466783094586829,0.1854455445544554,11.894554455445544,1.961485148514852,False,True,False,True,False,False,False,True,True,False,,True,16,5,5
Mono,overall,10,0.5,0.03,3000,50,100,199,123,123,79,114,0.052693953058157,0.0343733502270087,0.0132613621218179,0.2558976409436225,1.334266293482607,False,True,False,True,True,True,False,False,True,False,,True,18,0,0
Mono,overall,10,0.5,0.03,3000,50,250,499,149,149,124,143,0.0402892561983471,0.1002679228363355,0.0226283330310175,1.5876111010339198,2.972972972972973,False,True,False,True,True,True,True,True,True,False,,True,21,0,0
Mono,overall,10,0.5,0.03,3000,50,500,1000,156,156,140,155,0.0579458015973958,0.1912537935976961,0.0413564929693962,3.460008271298594,2.587593052109181,False,True,False,True,True,True,True,True,True,False,,True,21,2,2
Mono,overall,10,0.5,0.03,3000,50,1000,2000,157,157,154,157,0.0302802063788935,0.2755537917316594,0.0816593173281071,7.491834068267189,2.3476237138657523,False,True,False,True,True,True,False,True,True,False,,True,20,3,2
Mono,overall,10,0.5,0.03,3000,75,100,191,123,123,81,113,0.0987962962962963,0.0416569879984514,0.0127282420365187,0.2443022790883646,1.4625483140077302,False,True,False,True,True,True,True,False,True,False,,True,18,0,0
Mono,overall,10,0.5,0.03,3000,75,250,499,163,163,132,157,0.0750561121018628,0.0945382037392331,0.0188972203287131,1.3147012042717563,2.9585321517836856,False,True,False,True,True,True,True,True,True,False,,True,22,2,2
Mono,overall,10,0.5,0.03,3000,75,500,1000,175,175,152,173,0.0904508903107024,0.1522782611686299,0.0328407224958949,2.908735632183908,2.6118555008210182,False,True,False,True,True,True,True,True,True,False,,True,23,3,3
Mono,overall,10,0.5,0.03,3000,75,1000,2000,175,175,170,175,0.0501164455616601,0.2522608081098085,0.0656814449917898,6.597668308702792,2.441806239737274,False,True,False,True,True,True,True,True,True,False,,True,23,5,4
Mono,overall,10,0.5,0.03,3000,100,100,191,126,126,80,117,0.1368055555555555,0.0384164777021919,0.0121269841269841,0.2285714285714285,1.5689523809523809,False,True,True,True,True,True,True,False,True,False,,True,19,0,0
Mono,overall,10,0.5,0.03,3000,100,250,499,169,169,129,163,0.1259248488777864,0.0945811710430575,0.0175753733446041,1.1645181741335588,2.8285784728092422,False,True,True,True,True,True,True,True,True,False,,True,24,3,3
Mono,overall,10,0.5,0.03,3000,100,500,1000,178,178,154,176,0.1292752131780777,0.1647228461763399,0.0317399860344061,2.8630419602615373,2.6435916968196533,False,True,True,True,True,True,True,True,True,False,,True,24,4,4
Mono,overall,10,0.5,0.03,3000,100,1000,2000,178,178,176,178,0.0705077268632083,0.2436734965485534,0.0634799720688122,6.484479146829176,2.522408430140291,False,True,True,True,True,True,True,True,True,False,,True,24,6,5
Mono,overall,10,0.5,0.03,4000,10,100,200,45,45,40,44,0.0401066104886846,0.2910182034819715,0.101010101010101,2.6843434343434343,2.234848484848485,False,False,False,False,False,False,True,False,True,False,,True,8,1,0
Mono,overall,10,0.5,0.03,4000,10,250,435,46,46,46,46,0.0049755102040816,0.5099097012219636,0.2101449275362318,6.057971014492754,2.00096618357488,False,False,False,False,False,False,True,False,True,False,,True,8,2,0
Mono,overall,10,0.5,0.03,4000,10,500,449,47,47,47,47,0.0131669816117599,0.5056587579909204,0.2076780758556891,6.176225716928769,2.0074005550416283,False,False,False,False,False,False,True,False,True,False,,True,8,2,0
Mono,overall,10,0.5,0.03,4000,10,1000,448,47,47,47,47,0.0136328256158237,0.5067445278924549,0.2072155411655874,6.163737280296022,2.00786308973173,False,False,False,False,False,False,True,False,True,False,,True,8,2,0
Mono,overall,10,0.5,0.03,4000,25,100,200,97,97,67,88,0.0294736842105263,0.0816749687883708,0.0214776632302405,0.6859965635738832,2.919351374570447,False,True,True,True,False,False,True,True,True,False,,True,15,2,1
Mono,overall,10,0.5,0.03,4000,25,250,500,104,104,93,104,0.0488469888807726,0.1562291588138515,0.0466766243465272,2.766616878267364,2.8685586258401794,False,True,True,True,False,False,True,True,True,False,,True,15,3,2
Mono,overall,10,0.5,0.03,4000,25,500,1000,105,105,100,105,0.0386030448913504,0.2491509649120984,0.0915750915750915,6.131227106227106,2.2604395604395604,False,True,True,True,False,False,True,True,True,False,,True,17,4,3
Mono,overall,10,0.5,0.03,4000,25,1000,2000,105,105,105,105,0.0231273707414594,0.4290121977699809,0.1831501831501831,12.906684981684982,1.9482600732600728,False,True,True,True,False,False,True,True,True,False,,True,15,8,5
Mono,overall,10,0.5,0.03,4000,50,100,197,125,125,71,116,0.0507824528988549,0.0398466422466422,0.0127096774193548,0.2136129032258064,1.067548387096774,False,True,True,True,True,True,True,True,True,False,,False,19,2,1
Mono,overall,10,0.5,0.03,4000,50,250,500,155,155,116,152,0.0381960162969669,0.0923244857165759,0.0209467951403435,1.37134478424801,2.952157519899455,False,True,True,True,True,True,True,True,True,False,,True,22,4,3
Mono,overall,10,0.5,0.03,4000,50,500,1000,160,160,144,159,0.0439916250216624,0.1474548745642382,0.0393081761006289,3.425235849056604,2.695558176100629,False,True,True,True,True,True,True,True,True,False,,True,22,4,3
Mono,overall,10,0.5,0.03,4000,50,1000,2000,159,159,155,159,0.0225305391474375,0.232010306379846,0.0796114959000079,7.868362391529337,2.30276251890773,False,True,True,True,True,True,True,True,True,False,,True,22,7,5
Mono,overall,10,0.5,0.03,4000,75,100,190,129,129,74,121,0.1098121771327898,0.0263655379934449,0.0115067829457364,0.2008842054263566,1.1071342054263569,False,True,True,True,True,True,True,True,True,False,,True,21,1,1
Mono,overall,10,0.5,0.03,4000,75,250,500,167,167,127,163,0.1006306318489368,0.0628599198045444,0.0180362167231801,1.298066517567275,3.2213404516268667,False,True,True,True,True,True,True,True,True,False,,True,24,4,3
Mono,overall,10,0.5,0.03,4000,75,500,997,176,176,152,176,0.089277153611384,0.1355571454320905,0.0323701298701298,3.0151298701298703,2.7880194805194805,False,True,True,True,True,True,True,True,True,False,,True,24,7,6
Mono,overall,10,0.5,0.03,4000,75,1000,2000,178,178,172,178,0.0557235897210477,0.2114285785274035,0.0634799720688122,6.791658731670158,2.421856154383292,False,True,True,True,True,True,True,True,True,False,,True,24,6,5
Mono,overall,10,0.5,0.03,4000,100,100,190,126,126,76,116,0.0925914744596063,0.0405341131531607,0.012063492063492,0.1855873015873015,0.9104126984126985,False,True,True,True,True,True,True,True,True,False,,False,20,2,1
Mono,overall,10,0.5,0.03,4000,100,250,500,169,169,126,162,0.1092711301044634,0.1016988850451945,0.0176105945336714,1.1389828120597352,2.8971541279233586,False,True,True,True,True,True,True,True,True,False,,True,24,6,5
Mono,overall,10,0.5,0.03,4000,100,500,996,178,178,158,177,0.1102423437768158,0.1276526568017021,0.0316130260902685,2.9503269218561545,2.739922554434076,False,True,True,True,True,True,True,True,True,False,,True,24,7,6
Mono,overall,10,0.5,0.03,4000,100,1000,2000,179,179,175,179,0.0752564973015331,0.2072479268783463,0.0627706986378758,6.752244052476304,2.472726131441843,False,True,True,True,True,True,True,True,True,False,,True,24,7,6
Mono,overall,10,0.75,0.005,2000,10,100,200,43,43,42,38,0.0008211651587088,0.375891106157864,0.1107419712070874,2.579734219269103,2.327242524916944,False,True,False,False,True,False,False,False,True,False,,False,8,1,0
Mono,overall,10,0.75,0.005,2000,10,250,249,44,44,44,40,-0.0076562231841498,0.418579110166501,0.1316067653276955,3.0750528541226214,2.450845665961945,False,True,False,False,False,False,False,False,True,False,,False,8,0,0
Mono,overall,10,0.75,0.005,2000,10,500,249,44,44,44,40,-0.0076562231841498,0.418579110166501,0.1316067653276955,3.0750528541226214,2.450845665961945,False,True,False,False,False,False,False,False,True,False,,False,8,0,0
Mono,overall,10,0.75,0.005,2000,10,1000,243,43,43,43,38,-0.0080249168087005,0.4435555820596218,0.1345514950166113,3.0980066445182723,2.200996677740864,False,True,False,False,True,False,False,False,True,False,,False,8,1,0
Mono,overall,10,0.75,0.005,2000,25,100,200,96,96,69,91,0.0524364969709852,0.0978328962703962,0.0219298245614035,0.6714912280701755,2.2832236842105265,False,True,True,True,True,True,False,True,True,False,,True,17,1,1
Mono,overall,10,0.75,0.005,2000,25,250,500,98,98,88,98,0.0242435209377868,0.2204286018004774,0.0525983589312013,2.803702924468757,2.6916684199452976,False,True,True,True,True,True,False,True,True,False,,True,16,3,2
Mono,overall,10,0.75,0.005,2000,25,500,1000,99,99,98,98,0.0065984506879407,0.3406147291286739,0.1030715316429602,5.793135435992578,2.4105339105339105,False,True,True,True,True,True,False,True,True,False,,True,16,6,3
Mono,overall,10,0.75,0.005,2000,25,1000,1140,99,99,99,99,0.0041803572883036,0.3834134673326725,0.1175015460729746,6.629148629148629,2.398783755926613,False,True,True,True,True,True,False,True,True,False,,True,16,6,3
Mono,overall,10,0.75,0.005,2000,50,100,196,115,115,77,101,0.0334349030470914,0.0712275164449077,0.0149504195270785,0.4045003813882532,1.7725400457665903,False,True,True,True,True,True,True,True,True,False,,True,19,1,1
Mono,overall,10,0.75,0.005,2000,50,250,499,143,143,112,138,0.0306315104166666,0.1350083372810337,0.024574017531764,1.5403821530582094,2.523539840441249,False,True,True,True,True,True,True,True,True,False,,True,21,2,1
Mono,overall,10,0.75,0.005,2000,50,500,1000,146,146,137,143,0.0160349066097027,0.1953286916157175,0.0472366556447803,3.641615493623052,2.6906471421823337,False,True,True,True,True,True,True,True,True,False,,True,21,5,3
Mono,overall,10,0.75,0.005,2000,50,1000,2000,147,147,147,145,0.0119527283992943,0.3069654222979687,0.093187960115553,7.777560339204175,2.366368465194297,False,True,True,True,True,True,True,True,True,False,,True,21,9,6
Mono,overall,10,0.75,0.005,2000,75,100,197,131,131,88,108,0.0733100043402778,0.0357375872643048,0.0115678214914856,0.2252495596007046,1.045742806811509,False,True,True,True,True,True,True,True,True,False,,True,21,2,2
Mono,overall,10,0.75,0.005,2000,75,250,498,158,158,128,151,0.0687115946849669,0.1188800569372941,0.0200757881157784,1.444690800612755,3.0444247359509795,False,True,True,True,True,True,True,True,True,False,,True,23,2,2
Mono,overall,10,0.75,0.005,2000,75,500,1000,169,169,147,164,0.0410466378389734,0.187743528409823,0.0352211890673429,2.903564384333615,2.542476754015216,False,True,True,True,True,True,True,True,True,False,,True,23,5,3
Mono,overall,10,0.75,0.005,2000,75,1000,1993,169,169,168,167,0.0132340379338453,0.2639381034774622,0.0701958298112144,6.473408002254156,2.522576782192167,False,True,True,True,True,True,True,True,True,False,,True,23,10,6
Mono,overall,10,0.75,0.005,2000,100,100,193,121,121,82,100,0.0613541195110909,0.0703093508878632,0.0132920110192837,0.3435261707988981,1.700206611570248,False,True,True,True,True,True,True,True,True,False,,True,19,1,1
Mono,overall,10,0.75,0.005,2000,100,250,498,156,156,128,150,0.0779770137077431,0.1213240121759391,0.0205955334987593,1.4582712985938793,2.9808105872622,False,True,True,True,True,True,True,True,True,False,,True,23,2,2
Mono,overall,10,0.75,0.005,2000,100,500,999,168,168,152,165,0.0534504050340176,0.1643378395572829,0.0356073567151411,3.102259766181922,2.830660108354719,False,True,True,True,True,True,True,True,True,False,,True,24,6,4
Mono,overall,10,0.75,0.005,2000,100,1000,1992,170,170,169,168,0.019186320797588,0.2646672925777129,0.0693351896971806,6.386947441698573,2.52701009397842,False,True,True,True,True,True,True,True,True,False,,True,24,10,6
Mono,overall,10,0.75,0.005,3000,10,100,200,46,46,44,41,-0.0047451079197111,0.2883949482936561,0.0966183574879227,2.387922705314009,2.5130434782608697,False,True,False,False,True,False,False,False,True,False,,False,9,1,0
Mono,overall,10,0.75,0.005,3000,10,250,320,46,46,46,41,-0.014415397874174,0.4426312812838474,0.1545893719806763,3.918357487922705,2.0483091787439616,False,True,False,False,True,False,False,False,True,False,,False,9,1,0
Mono,overall,10,0.75,0.005,3000,10,500,329,47,47,47,43,0.0001579365857377,0.4347372899156734,0.1521739130434782,3.971322849213691,2.1979648473635525,False,True,False,False,True,False,False,False,True,False,,False,9,1,0
Mono,overall,10,0.75,0.005,3000,10,1000,319,46,46,46,41,-0.0140161506779582,0.4465491008637847,0.1541062801932367,3.9038647342995167,2.051207729468599,False,True,False,False,True,False,False,False,True,False,,False,9,1,0
Mono,overall,10,0.75,0.005,3000,25,100,199,100,100,68,92,0.0762436575478536,0.0410151515151515,0.0201010101010101,0.655959595959596,2.252828282828282,False,True,True,True,True,True,False,True,True,False,,True,19,1,1
Mono,overall,10,0.75,0.005,3000,25,250,500,103,103,94,103,0.043710499856363,0.1813526572264436,0.0475918522748905,2.7749857224443177,2.798781648581763,False,True,True,False,True,True,False,True,True,False,,True,17,1,1
Mono,overall,10,0.75,0.005,3000,25,500,1000,103,103,102,103,0.0077641950515661,0.2841972425423842,0.095183704549781,5.776508661717114,2.474205216067009,False,True,True,True,True,True,False,True,True,False,,True,19,6,5
Mono,overall,10,0.75,0.005,3000,25,1000,1540,103,103,103,103,-0.0036549988823899,0.4238636567103914,0.1465829050066628,8.683799733485627,2.230059013896821,False,True,True,True,True,True,False,True,True,False,,True,19,9,6
Mono,overall,10,0.75,0.005,3000,50,100,196,112,112,76,100,0.0405137803819444,0.0899583551369265,0.0157657657657657,0.5378861003861004,2.6870173745173744,False,True,False,True,True,True,True,True,True,False,,True,18,1,1
Mono,overall,10,0.75,0.005,3000,50,250,500,143,143,119,141,0.0249522218970059,0.1255852357385736,0.0246232640598837,1.7117108243868808,2.8649167733674776,False,True,True,True,True,True,True,True,True,False,,True,21,1,1
Mono,overall,10,0.75,0.005,3000,50,500,1000,145,145,136,145,0.0116016015019885,0.2001741503983105,0.0478927203065134,3.713266283524904,2.6661877394636013,False,True,True,True,True,True,True,True,True,False,,True,21,4,4
Mono,overall,10,0.75,0.005,3000,50,1000,2000,146,146,145,146,0.0024434140815737,0.300389840612456,0.0944733112895607,8.043788379782711,2.3528105810108646,False,True,True,True,True,True,True,True,True,False,,True,21,8,4
Mono,overall,10,0.75,0.005,3000,75,100,194,120,120,77,101,0.0419806094182825,0.0740410052910052,0.0135854341736694,0.3969887955182072,1.96218487394958,False,True,False,True,True,True,True,True,True,False,,True,18,1,1
Mono,overall,10,0.75,0.005,3000,75,250,500,160,160,130,152,0.0512218750133954,0.0975298035727601,0.0196540880503144,1.3681996855345913,2.755935534591195,False,True,True,True,True,True,True,True,True,False,,True,23,1,1
Mono,overall,10,0.75,0.005,3000,75,500,1000,169,169,152,165,0.0450560081410799,0.1685888214072556,0.0352211890673429,2.948541842772612,2.7067836010143704,False,True,True,True,True,True,True,True,True,False,,True,23,3,3
Mono,overall,10,0.75,0.005,3000,75,1000,2000,169,169,166,167,0.0160476796364419,0.259164503108239,0.0704423781346858,6.556917441532826,2.464250493096647,False,True,True,True,True,True,True,True,True,False,,True,23,7,4
Mono,overall,10,0.75,0.005,3000,100,100,195,124,124,81,104,0.06298828125,0.0643305171530977,0.0127852084972462,0.3347102019407291,1.7646210333071073,False,True,False,True,True,True,True,True,True,False,,True,18,1,1
Mono,overall,10,0.75,0.005,3000,100,250,500,162,162,132,154,0.0595763195007051,0.0946909749251796,0.0191703090253814,1.294877693428418,2.9133885438233262,False,True,True,True,True,True,True,True,True,False,,True,23,3,3
Mono,overall,10,0.75,0.005,3000,100,500,1000,170,170,156,166,0.0563009982638888,0.1712099482555308,0.0348068221371388,2.999234249912983,2.776923076923077,False,True,True,True,True,True,True,True,True,False,,True,24,5,4
Mono,overall,10,0.75,0.005,3000,100,1000,2000,171,171,168,169,0.0196244421132652,0.2531249206773511,0.0687994496044031,6.491468868249054,2.4731338149294806,False,True,True,True,True,True,True,True,True,False,,True,24,7,4
Mono,overall,10,0.75,0.005,4000,10,100,200,47,47,44,43,-0.014336917562724,0.319651495735087,0.0925069380203515,2.166975023126734,2.371877890841813,False,True,False,False,True,False,False,False,True,False,,False,9,1,0
Mono,overall,10,0.75,0.005,4000,10,250,349,47,47,47,44,-0.0032128906249999,0.4562800120214949,0.1614246068455134,4.175763182238668,2.1572617946345978,False,True,False,False,True,False,False,False,True,False,,False,9,1,0
Mono,overall,10,0.75,0.005,4000,10,500,349,47,47,47,44,-0.0032128906249999,0.4562800120214949,0.1614246068455134,4.175763182238668,2.1572617946345978,False,True,False,False,True,False,False,False,True,False,,False,9,1,0
Mono,overall,10,0.75,0.005,4000,10,1000,349,47,47,47,44,-0.0032128906249999,0.4562800120214949,0.1614246068455134,4.175763182238668,2.1572617946345978,False,True,False,False,True,False,False,False,True,False,,False,9,1,0
Mono,overall,10,0.75,0.005,4000,25,100,199,98,98,68,91,0.0628204784021047,0.039146058023609,0.0209341468546181,0.7097622554176309,2.398379970544919,False,True,True,True,True,True,False,True,True,False,,True,19,1,1
Mono,overall,10,0.75,0.005,4000,25,250,500,103,103,92,103,0.0176374095445829,0.1677965040162777,0.0475918522748905,2.7552826956025127,2.8258138206739005,False,True,True,True,True,True,False,True,True,False,,True,19,2,2
Mono,overall,10,0.75,0.005,4000,25,500,1000,103,103,100,103,0.0061269281375101,0.3015664965478504,0.095183704549781,5.711878926327812,2.400437845040929,False,True,True,True,True,True,False,True,True,False,,True,19,5,4
Mono,overall,10,0.75,0.005,4000,25,1000,1609,103,103,103,103,-0.0069634116539326,0.4436851835862547,0.1531505806205977,9.066247858366648,2.2010279840091376,False,True,True,True,True,True,False,True,True,False,,True,19,9,6
Mono,overall,10,0.75,0.005,4000,50,100,198,112,112,76,104,0.0359741201106069,0.1013135178313749,0.0159266409266409,0.5528474903474904,3.2008526383526386,False,True,False,True,True,True,True,True,True,False,,True,17,1,1
Mono,overall,10,0.75,0.005,4000,50,250,500,143,143,120,139,0.0250804795768338,0.1232004319373983,0.0246232640598837,1.6234117994681374,2.9844873436422734,False,True,True,True,True,True,True,True,True,False,,True,21,3,3
Mono,overall,10,0.75,0.005,4000,50,500,1000,144,144,136,144,0.0177509241051253,0.2027754614170233,0.0485625485625485,3.764763014763015,2.726981351981352,False,True,True,True,True,True,True,True,True,False,,True,21,3,3
Mono,overall,10,0.75,0.005,4000,50,1000,2000,145,145,143,145,0.0107049143973191,0.3066150549453301,0.0957854406130268,8.034291187739463,2.3175766283524903,False,True,True,True,True,True,True,True,True,False,,True,21,9,5
Mono,overall,10,0.75,0.005,4000,75,100,196,122,122,79,106,0.0317055491422588,0.0657576940363825,0.0132773336946213,0.4171521474055006,2.3051077089825225,False,True,False,True,True,True,True,True,True,False,,True,17,1,1
Mono,overall,10,0.75,0.005,4000,75,250,500,160,160,127,152,0.0454179151181581,0.1048991427496651,0.0196540880503144,1.3204009433962265,2.7347877358490567,False,True,True,True,True,True,True,True,True,False,,True,22,1,1
Mono,overall,10,0.75,0.005,4000,75,500,1000,168,168,152,165,0.0420724377053422,0.1650760159102894,0.035642999714856,2.9745865412033075,2.7609067579127458,False,True,True,True,True,True,True,True,True,False,,True,22,3,3
Mono,overall,10,0.75,0.005,4000,75,1000,2000,169,169,166,167,0.0143487203828962,0.2522435226767114,0.0704423781346858,6.568540433925049,2.468160045083122,False,True,True,True,True,True,True,True,True,False,,True,23,6,4
Mono,overall,10,0.75,0.005,4000,100,100,196,125,125,79,107,0.0639882949877848,0.0590220002220002,0.0126451612903225,0.368258064516129,2.326129032258065,False,True,False,True,True,True,True,True,True,False,,True,18,1,1
Mono,overall,10,0.75,0.005,4000,100,250,500,162,162,128,154,0.0708413169930858,0.1108831938424301,0.0191703090253814,1.3230580476957288,2.753086419753086,False,True,True,True,True,True,True,True,True,False,,True,24,1,1
Mono,overall,10,0.75,0.005,4000,100,500,1000,170,170,155,167,0.057538584964561,0.1610119667572007,0.0348068221371388,2.9620605638705184,2.7520361990950226,False,True,True,True,True,True,True,True,True,False,,True,24,5,4
Mono,overall,10,0.75,0.005,4000,100,1000,2000,171,171,168,169,0.0199535930407123,0.2568200701820543,0.0687994496044031,6.4564499484004125,2.473718610251118,False,True,True,True,True,True,True,True,True,False,,True,24,6,4
Mono,overall,10,0.75,0.01,2000,10,100,200,49,49,45,48,-0.001343927221172,0.2162457257295192,0.0850340136054421,2.4851190476190474,2.45578231292517,False,True,False,False,True,False,False,True,True,False,,False,9,1,0
Mono,overall,10,0.75,0.01,2000,10,250,338,49,49,49,48,-0.0089469760098241,0.3896520558706256,0.1437074829931972,4.105442176870748,2.334183673469388,False,True,False,False,True,False,False,True,True,False,,False,9,1,0
Mono,overall,10,0.75,0.01,2000,10,500,339,49,49,49,48,-0.0085248454015174,0.4021093264911615,0.1441326530612245,4.107993197278912,2.332908163265306,False,True,False,False,True,False,False,True,True,False,,False,9,1,0
Mono,overall,10,0.75,0.01,2000,10,1000,338,49,49,49,48,-0.0089469760098241,0.3896520558706256,0.1437074829931972,4.105442176870748,2.334183673469388,False,True,False,False,True,False,False,True,True,False,,False,9,1,0
Mono,overall,10,0.75,0.01,2000,25,100,200,98,98,71,96,0.0641551607062018,0.1293594993775065,0.0210393435724805,0.7295392383757626,2.6511676835682727,False,True,True,False,True,False,False,True,True,False,,False,15,3,2
Mono,overall,10,0.75,0.01,2000,25,250,500,103,103,93,102,0.0060723783096311,0.158671893090081,0.0475918522748905,2.772701313535123,2.6832286312583284,False,True,True,False,True,False,False,True,True,False,,True,16,4,2
Mono,overall,10,0.75,0.01,2000,25,500,1000,104,104,100,104,0.0101720633041588,0.3003032615001778,0.0933532486930545,5.770070948469007,2.336725168035848,False,True,True,False,True,False,False,True,True,False,,True,16,4,2
Mono,overall,10,0.75,0.01,2000,25,1000,1376,104,104,104,104,0.0066073004390688,0.3924988693797632,0.128454070201643,7.891523525018671,2.232916355489171,False,True,True,False,True,False,False,True,True,False,,True,16,4,2
Mono,overall,10,0.75,0.01,2000,50,100,197,121,121,76,114,0.0519341362847222,0.0814789947264424,0.0135674931129476,0.3662534435261708,1.5758953168044076,False,True,False,True,True,True,True,True,True,False,,False,16,1,1
Mono,overall,10,0.75,0.01,2000,50,250,500,151,151,118,149,0.0576769216328683,0.1180447626330064,0.0220750551876379,1.5077704194260486,2.7458278145695365,False,True,True,True,True,True,True,True,True,False,,True,21,3,2
Mono,overall,10,0.75,0.01,2000,50,500,1000,152,152,138,152,0.0270654142145767,0.1870324417387875,0.043569187870338,3.492767514813524,2.6216887417218544,False,True,True,True,True,True,True,True,True,False,,True,21,6,4
Mono,overall,10,0.75,0.01,2000,50,1000,2000,155,155,154,155,0.0017433012333856,0.2909916143499462,0.0837871805613741,7.451026392961877,2.389568496020109,False,True,True,True,True,True,True,True,True,False,,True,21,7,4
Mono,overall,10,0.75,0.01,2000,75,100,189,125,125,76,113,0.0675026452000343,0.0558658008658008,0.0121935483870967,0.2174838709677419,0.904516129032258,False,True,False,True,True,True,True,True,True,False,,False,18,1,1
Mono,overall,10,0.75,0.01,2000,75,250,500,166,166,124,162,0.0827769766241165,0.1181888208256917,0.0182548375319459,1.1982110259218692,2.543263964950712,False,True,True,True,True,True,True,True,True,False,,True,23,3,2
Mono,overall,10,0.75,0.01,2000,75,500,1000,172,172,154,170,0.0463055021904624,0.1531904518623952,0.0339997280021759,3.004079967360261,2.7688358493132057,False,True,True,True,True,True,True,True,True,False,,True,23,5,3
Mono,overall,10,0.75,0.01,2000,75,1000,2000,173,173,169,173,0.014860740751389,0.2469491837275643,0.0672133351256889,6.593191289151767,2.45510149213604,False,True,True,True,True,True,True,True,True,False,,True,23,8,4
Mono,overall,10,0.75,0.01,2000,100,100,187,125,125,76,114,0.0618649574669187,0.0539217723453017,0.0120645161290322,0.2287741935483871,0.9530967741935484,False,True,False,True,True,True,True,True,True,False,,False,18,1,1
Mono,overall,10,0.75,0.01,2000,100,250,500,169,169,129,166,0.0910151257856129,0.1025414318947338,0.0176105945336714,1.241265145111299,2.6488799661876583,False,True,True,True,True,True,True,True,True,False,,True,23,2,2
Mono,overall,10,0.75,0.01,2000,100,500,1000,176,176,156,175,0.059228622549805,0.1434012135969548,0.0324675324675324,2.9484090909090908,2.703344155844156,False,True,True,True,True,True,True,True,True,False,,True,24,7,4
Mono,overall,10,0.75,0.01,2000,100,1000,2000,177,177,175,177,0.035234640841452,0.2450718416110567,0.064201335387776,6.400776836158192,2.5230161787365177,False,True,True,True,True,True,True,True,True,False,,True,24,10,6
Mono,overall,10,0.75,0.01,3000,10,100,200,49,49,42,46,0.0181501810774106,0.2311352099246205,0.0850340136054421,2.181122448979592,2.201530612244898,False,True,False,False,True,False,False,True,True,False,,False,8,1,0
Mono,overall,10,0.75,0.01,3000,10,250,476,52,52,52,50,0.0075229853975121,0.4467334194187039,0.1794871794871795,5.7322775263951735,2.042232277526395,False,True,False,False,True,False,False,True,True,False,,False,9,1,0
Mono,overall,10,0.75,0.01,3000,10,500,489,52,52,52,50,0.0106077200343478,0.4569116583301004,0.1843891402714932,5.883861236802414,2.018476621417798,False,True,False,False,True,False,False,True,True,False,,False,9,1,0
Mono,overall,10,0.75,0.01,3000,10,1000,373,49,49,49,46,0.0079677677350555,0.4397577111263138,0.1585884353741496,4.479591836734694,2.1122448979591835,False,True,False,False,True,False,False,True,True,False,,False,8,1,0
Mono,overall,10,0.75,0.01,3000,25,100,197,94,94,69,93,-0.0190720221606648,0.0511963214090873,0.0225348890414092,0.8594143216655228,2.8906428734843286,False,True,True,False,False,True,False,True,True,False,,True,16,2,2
Mono,overall,10,0.75,0.01,3000,25,250,500,104,104,93,103,0.002591007036479,0.1753736653750049,0.0466766243465272,2.660847647498133,2.75,False,True,True,False,True,True,False,True,True,False,,True,17,3,3
Mono,overall,10,0.75,0.01,3000,25,500,1000,105,105,104,104,0.0121428571428571,0.2594541883298217,0.0915750915750915,5.99514652014652,2.363003663003663,False,True,True,False,True,False,False,True,True,False,,True,16,6,3
Mono,overall,10,0.75,0.01,3000,25,1000,1704,105,105,105,104,0.0071299650513925,0.4199742899182312,0.156043956043956,10.116849816849816,2.0575091575091573,False,True,True,False,True,True,False,True,True,False,,True,17,6,3
Mono,overall,10,0.75,0.01,3000,50,100,189,118,118,83,106,0.0909587665406427,0.0274977376672291,0.013689700130378,0.344053310155005,1.6711574677676373,False,True,True,True,True,True,False,False,True,False,,False,16,2,2
Mono,overall,10,0.75,0.01,3000,50,250,500,152,152,128,149,0.0504053253375466,0.0821241835534347,0.021784593935169,1.5221331474381317,3.02309166957128,False,True,True,True,True,True,True,True,True,False,,True,21,3,3
Mono,overall,10,0.75,0.01,3000,50,500,1000,157,157,148,157,0.0333981526494895,0.1598617402780202,0.0408296586640535,3.6467417932386086,2.823085089008656,False,True,True,True,True,True,False,True,True,False,,True,20,4,4
Mono,overall,10,0.75,0.01,3000,50,1000,2000,157,157,153,157,0.0246598034016027,0.2519915566867223,0.0816593173281071,7.786052588600359,2.3089988567695574,False,True,True,True,True,True,True,True,True,False,,True,22,12,6
Mono,overall,10,0.75,0.01,3000,75,100,191,130,130,83,115,0.0736356804254827,0.0305593124823894,0.0113893858079904,0.2570661896243291,1.492546213476446,False,True,True,True,True,True,True,True,True,False,,False,20,1,1
Mono,overall,10,0.75,0.01,3000,75,250,500,166,166,136,160,0.0508643557834392,0.0825807210214174,0.0182548375319459,1.259401241328952,2.731763417305586,False,True,True,True,True,True,True,True,True,False,,True,23,2,2
Mono,overall,10,0.75,0.01,3000,75,500,1000,174,174,161,173,0.0510812433869999,0.1329764822860455,0.0332203840276393,3.181350076406883,2.916251411866321,False,True,True,True,True,True,True,True,True,False,,True,23,5,5
Mono,overall,10,0.75,0.01,3000,75,1000,2000,176,176,171,176,0.0365084202430837,0.2255357525251397,0.0649350649350649,6.7147077922077925,2.442207792207792,False,True,True,True,True,True,True,True,True,False,,True,24,13,9
Mono,overall,10,0.75,0.01,3000,100,100,191,130,130,81,114,0.1107642502023355,0.0166337935568704,0.0113893858079904,0.24752534287418,1.393202146690519,False,True,True,True,True,True,True,False,True,False,,False,19,1,1
Mono,overall,10,0.75,0.01,3000,100,250,500,168,168,135,163,0.0780190140468942,0.076326501019852,0.017821499857428,1.2661819218705446,2.811911890504705,False,True,True,True,True,True,True,True,True,False,,True,23,2,2
Mono,overall,10,0.75,0.01,3000,100,500,1000,177,177,162,175,0.0705446319858674,0.1293959366855809,0.032100667693888,3.076848998459168,2.899428608115049,False,True,True,True,True,True,True,True,True,False,,True,23,5,5
Mono,overall,10,0.75,0.01,3000,100,1000,2000,178,178,174,178,0.0547865376655303,0.2255021403797702,0.0634799720688122,6.593537738843395,2.481495588141941,False,True,True,True,True,True,True,True,True,False,,True,24,13,9
Mono,overall,10,0.75,0.01,4000,10,100,200,51,51,48,49,0.0527392257121987,0.2090675664205076,0.0784313725490196,2.392156862745098,2.6152941176470588,False,True,False,False,True,False,False,True,True,False,,False,9,1,0
Mono,overall,10,0.75,0.01,4000,10,250,500,52,52,52,50,0.0148146545090797,0.4596981308097812,0.1885369532428356,6.114630467571644,1.9894419306184008,False,True,False,False,True,False,False,True,True,False,,False,9,1,0
Mono,overall,10,0.75,0.01,4000,10,500,556,52,52,52,50,0.011807181497263,0.5003597661787802,0.2096530920060332,6.756410256410256,1.9253393665158367,False,True,False,False,True,False,False,True,True,False,,False,9,1,0
Mono,overall,10,0.75,0.01,4000,10,1000,540,52,52,52,50,0.0149259784167748,0.4927023817074983,0.2036199095022624,6.5199849170437405,1.947586726998492,False,True,False,False,True,False,False,True,True,False,,False,9,1,0
Mono,overall,10,0.75,0.01,4000,25,100,200,97,97,71,94,0.0523435009033903,0.0807284925841626,0.0214776632302405,0.8339776632302406,2.974763745704468,False,True,True,False,True,True,False,True,True,False,,True,16,1,1
Mono,overall,10,0.75,0.01,4000,25,250,500,105,105,93,105,0.0208371898747395,0.1577386645222817,0.0457875457875457,2.64010989010989,2.6900183150183152,False,True,True,False,True,True,False,True,True,False,,True,17,3,3
Mono,overall,10,0.75,0.01,4000,25,500,1000,106,106,101,106,0.0226537935071961,0.2498015785791578,0.0898472596585804,5.82973944294699,2.2874213836477986,False,True,True,False,True,True,False,True,True,False,,True,18,6,3
Mono,overall,10,0.75,0.01,4000,25,1000,1974,105,105,105,105,0.0112231034176817,0.4536599237779795,0.1807692307692307,11.977106227106226,1.99514652014652,False,True,True,False,True,True,False,True,True,False,,True,18,7,3
Mono,overall,10,0.75,0.01,4000,50,100,197,126,126,84,111,0.0683780598119568,0.0186862960672484,0.0125079365079365,0.2998095238095238,1.5443174603174603,False,True,True,True,True,True,False,False,True,False,,True,16,1,1
Mono,overall,10,0.75,0.01,4000,50,250,500,151,151,119,148,0.0455829390579761,0.0810207013286761,0.0220750551876379,1.4413686534216337,2.6880353200883,False,True,True,True,True,True,False,True,True,False,,True,19,3,3
Mono,overall,10,0.75,0.01,4000,50,500,1000,156,156,146,155,0.0362660868436129,0.1330709042594204,0.0413564929693962,3.6776261373035566,2.7869313482216707,False,True,True,True,True,True,True,True,True,False,,True,22,5,4
Mono,overall,10,0.75,0.01,4000,50,1000,2000,156,156,154,156,0.0240935668791836,0.236873846149304,0.0827129859387924,7.88560794044665,2.361042183622829,False,True,True,True,True,True,True,True,True,False,,True,22,10,6
Mono,overall,10,0.75,0.01,4000,75,100,196,134,134,88,115,0.0593908345231096,0.024470719993108,0.0109976433621366,0.192458758837392,0.988048479407474,False,True,True,True,True,True,True,False,True,False,,False,19,1,1
Mono,overall,10,0.75,0.01,4000,75,250,500,171,171,134,164,0.0620769609616415,0.0649184063605695,0.0171998624011007,1.2012727898176814,2.929962160302717,False,True,True,True,True,True,True,True,True,False,,True,23,3,3
Mono,overall,10,0.75,0.01,4000,75,500,1000,175,175,158,174,0.048832835228835,0.1214780202432258,0.0328407224958949,3.093793103448276,2.892446633825944,False,True,True,True,True,True,True,True,True,False,,True,23,6,6
Mono,overall,10,0.75,0.01,4000,75,1000,2000,175,175,173,175,0.0342669336445429,0.2010331896722543,0.0656814449917898,6.889129720853859,2.523908045977012,False,True,True,True,True,True,True,True,True,False,,True,24,9,6
Mono,overall,10,0.75,0.01,4000,100,100,196,133,133,84,115,0.141169375839478,0.043202161247274,0.011164274322169,0.137844611528822,0.5001139211665527,False,True,True,True,True,True,True,False,True,False,,False,19,1,1
Mono,overall,10,0.75,0.01,4000,100,250,500,172,172,137,165,0.1207721328408116,0.0663668414728606,0.0169998640010879,1.2060723514211886,3.263497892016864,False,True,True,True,True,True,True,True,True,False,,True,23,3,3
Mono,overall,10,0.75,0.01,4000,100,500,1000,177,177,161,175,0.0889087308504142,0.1220120788704083,0.032100667693888,3.081439393939394,2.90010272213662,False,True,True,True,True,True,True,True,True,False,,True,24,5,4
Mono,overall,10,0.75,0.01,4000,100,1000,2000,178,178,174,178,0.0668090025049895,0.2069138369303367,0.0634799720688122,6.700057131974862,2.4835269472481434,False,True,True,True,True,True,True,True,True,False,,True,24,11,8
Mono,overall,10,0.75,0.02,2000,10,100,199,37,37,36,36,0.0106691827551168,0.4619050156773941,0.1493993993993994,3.114114114114114,2.313813813813814,False,True,False,False,False,False,False,False,True,False,,False,7,0,0
Mono,overall,10,0.75,0.02,2000,10,250,203,38,38,38,38,0.0325252525252525,0.3790638848505071,0.1443812233285917,3.216216216216216,2.463726884779516,False,True,False,False,False,False,False,False,True,False,,False,6,0,0
Mono,overall,10,0.75,0.02,2000,10,500,203,38,38,38,38,0.0325252525252525,0.3790638848505071,0.1443812233285917,3.216216216216216,2.463726884779516,False,True,False,False,False,False,False,False,True,False,,False,6,0,0
Mono,overall,10,0.75,0.02,2000,10,1000,202,38,38,38,38,0.0325252525252525,0.3790638848505071,0.1436699857752489,3.202702702702702,2.466571834992888,False,True,False,False,False,False,False,False,True,False,,False,6,0,0
Mono,overall,10,0.75,0.02,2000,25,100,199,95,95,63,92,0.0069598765432098,0.0669955191007822,0.0222844344904815,0.6938409854423292,2.125195968645017,False,True,False,True,True,False,False,False,True,False,,True,14,0,0
Mono,overall,10,0.75,0.02,2000,25,250,500,99,99,84,99,0.0249185185185185,0.2273812168177648,0.0515357658214801,2.722943722943723,2.4983508554937126,False,True,False,True,True,False,False,False,True,False,,True,14,2,2
Mono,overall,10,0.75,0.02,2000,25,500,1000,98,98,95,98,0.0242332560597767,0.3478216629672792,0.1051967178624027,6.0660635388175885,2.271197138649274,False,True,False,True,True,False,True,False,True,False,,True,16,5,4
Mono,overall,10,0.75,0.02,2000,25,1000,1338,99,99,99,99,0.018696566211612,0.4407595317214632,0.1379097093382807,7.964131106988249,2.160688517831375,False,True,False,True,True,False,False,False,True,False,,True,14,6,4
Mono,overall,10,0.75,0.02,2000,50,100,200,119,119,70,109,0.0535331293431325,0.0744806478741229,0.0142429853297251,0.3860561173621991,1.897664150405925,False,True,False,True,True,True,False,False,True,False,,True,15,0,0
Mono,overall,10,0.75,0.02,2000,50,250,500,142,142,111,140,0.0584879073108732,0.1386283444850349,0.0249725302167615,1.6973828788332834,2.801218659474578,False,True,False,True,True,True,True,True,True,False,,True,19,2,2
Mono,overall,10,0.75,0.02,2000,50,500,1000,147,147,129,146,0.0431725386657433,0.2269122782780919,0.0465939800577765,3.539837852949399,2.3664616531544125,False,True,False,True,True,True,False,True,True,False,,True,19,6,6
Mono,overall,10,0.75,0.02,2000,50,1000,2000,148,148,146,148,0.0122086300104501,0.3512479400310984,0.0919286633572347,7.689602868174297,2.277762456333885,False,True,False,True,True,True,False,True,True,False,,True,19,9,6
Mono,overall,10,0.75,0.02,2000,75,100,199,128,128,75,116,0.0450255661066471,0.030704365079365,0.0122416338582677,0.2039862204724409,0.8839812992125984,False,True,False,True,True,True,True,False,True,False,,True,16,0,0
Mono,overall,10,0.75,0.02,2000,75,250,500,158,158,113,151,0.081117898623986,0.1789415008698989,0.0201564137708618,1.2499395307586874,2.4190518422962186,False,True,False,True,True,True,True,True,True,False,,True,21,1,1
Mono,overall,10,0.75,0.02,2000,75,500,1000,167,167,143,163,0.0594505658574457,0.2121012010267538,0.0360724334463602,2.9262318736021933,2.411442175889185,False,True,False,True,True,True,True,True,True,False,,True,22,8,8
Mono,overall,10,0.75,0.02,2000,75,1000,2000,171,171,168,170,0.0210704437242634,0.2872856964822709,0.0687994496044031,6.357206742346062,2.459442724458204,False,True,False,True,True,True,True,True,True,False,,True,22,11,8
Mono,overall,10,0.75,0.02,2000,100,100,199,126,126,74,114,0.0660482103725347,0.0486543438924391,0.0126349206349206,0.2709206349206349,1.3005714285714285,False,True,True,True,True,True,True,False,True,False,,True,17,0,0
Mono,overall,10,0.75,0.02,2000,100,250,500,156,156,118,150,0.0671721853369784,0.1672573518339577,0.0206782464846981,1.338213399503722,2.58974358974359,False,True,True,True,True,True,True,True,True,False,,True,22,0,0
Mono,overall,10,0.75,0.02,2000,100,500,1000,169,169,142,164,0.0513492268301761,0.2095637883778559,0.0352211890673429,2.858974358974359,2.3444632290786136,False,True,True,True,True,True,True,True,True,False,,True,23,8,8
Mono,overall,10,0.75,0.02,2000,100,1000,2000,173,173,171,171,0.0179434395712095,0.2860903680586953,0.0672133351256889,6.210848232289286,2.490959806425595,False,True,True,True,True,True,True,True,True,False,,True,23,11,8
Mono,overall,10,0.75,0.02,3000,10,100,200,45,45,41,44,0.024878892733564,0.2352700617045302,0.101010101010101,2.7217171717171715,2.27979797979798,False,False,False,False,False,False,True,False,True,False,,False,6,0,0
Mono,overall,10,0.75,0.02,3000,10,250,329,45,45,45,45,0.0250687525048023,0.3858006207426498,0.1661616161616161,4.736868686868687,2.168181818181818,False,False,False,False,False,False,True,False,True,False,,False,6,0,0
Mono,overall,10,0.75,0.02,3000,10,500,328,45,45,45,45,0.0248476389215185,0.3811453533047737,0.1656565656565656,4.733333333333333,2.16969696969697,False,False,False,False,False,False,True,False,True,False,,False,6,0,0
Mono,overall,10,0.75,0.02,3000,10,1000,344,45,45,45,45,0.0204278061321411,0.4029917712290505,0.1737373737373737,4.928787878787879,2.136868686868687,False,False,False,False,False,False,True,False,True,False,,False,7,0,0
Mono,overall,10,0.75,0.02,3000,25,100,200,98,98,71,86,0.0438474716446124,0.0734207968901846,0.0210393435724805,0.6365453397853987,2.377235430254576,False,True,True,True,True,False,True,True,True,False,,True,19,0,0
Mono,overall,10,0.75,0.02,3000,25,250,500,104,104,88,104,0.0568614362366177,0.1825407751353532,0.0466766243465272,2.681758775205377,2.6121172516803584,False,True,True,True,True,False,True,True,True,False,,True,18,5,4
Mono,overall,10,0.75,0.02,3000,25,500,1000,104,104,101,104,0.050991998779564,0.2818386675729802,0.0933532486930545,5.96303211351755,2.329630321135176,False,True,True,True,True,False,True,True,True,False,,True,18,8,5
Mono,overall,10,0.75,0.02,3000,25,1000,1906,104,104,104,104,0.0185471636733747,0.4566481159329301,0.1779312920089619,11.832337565347274,1.97339432412248,False,True,True,True,True,False,True,True,True,False,,True,18,12,9
Mono,overall,10,0.75,0.02,3000,50,100,199,120,120,80,107,0.0430953129915067,0.0841774361259655,0.0139355742296918,0.2100840336134453,1.0835434173669467,False,True,True,True,True,True,True,True,True,False,,True,18,2,1
Mono,overall,10,0.75,0.02,3000,50,250,500,154,154,124,150,0.0510728836577636,0.1026321875378004,0.0212206094559035,1.5443510737628383,3.192980222391987,False,True,True,True,True,True,True,True,True,False,,True,21,2,2
Mono,overall,10,0.75,0.02,3000,50,500,1000,155,155,146,153,0.0401147787008645,0.1478707449345853,0.041893590280687,3.7113531629660654,2.7463762044407205,False,True,True,True,True,True,True,True,True,False,,True,21,3,2
Mono,overall,10,0.75,0.02,3000,50,1000,2000,155,155,154,155,0.0181499537858712,0.259533920692738,0.0837871805613741,8.11826560536238,2.318977796397151,False,True,True,True,True,True,True,True,True,False,,True,21,6,3
Mono,overall,10,0.75,0.02,3000,75,100,192,120,120,78,105,0.0949160729380509,0.0563534151034151,0.0134453781512605,0.1411764705882353,0.559453781512605,False,True,True,True,True,True,True,False,True,False,,True,17,1,1
Mono,overall,10,0.75,0.02,3000,75,250,500,166,166,135,160,0.0893982512209135,0.1026015859070989,0.0182548375319459,1.3369477911646586,3.454253377144944,False,True,True,True,True,True,True,True,True,False,,True,23,3,2
Mono,overall,10,0.75,0.02,3000,75,500,1000,173,173,162,169,0.0848964715493135,0.1391642537488688,0.0336066675628444,3.206916252184433,2.90902675090738,False,True,True,True,True,True,True,True,True,False,,True,24,2,2
Mono,overall,10,0.75,0.02,3000,75,1000,2000,173,173,171,172,0.0419159718269323,0.2193204035267516,0.0672133351256889,7.03827799435408,2.4311399381637315,False,True,True,True,True,True,True,True,True,False,,True,24,7,5
Mono,overall,10,0.75,0.02,3000,100,100,192,122,122,80,105,0.1243857025121333,0.0485149573987568,0.0130063677008535,0.1396152282888497,0.5877929819807615,False,True,True,True,True,True,True,False,True,False,,True,17,2,1
Mono,overall,10,0.75,0.02,3000,100,250,500,171,171,137,162,0.0914957108920353,0.0968251485306506,0.0171998624011007,1.2563811489508083,3.3768489852081185,False,True,True,True,True,True,True,True,True,False,,True,23,3,2
Mono,overall,10,0.75,0.02,3000,100,500,1000,179,179,167,176,0.0794790150082114,0.1598292238319501,0.0313853493189379,3.014123407193522,2.9410896993283537,False,True,True,True,True,True,True,True,True,False,,True,24,8,7
Mono,overall,10,0.75,0.02,3000,100,1000,2000,181,181,178,178,0.0543134688962464,0.2245171112273692,0.0613873542050337,6.523695518723143,2.430448127685697,False,True,True,True,True,True,True,True,True,False,,True,24,12,9
Mono,overall,10,0.75,0.02,4000,10,100,200,47,47,40,46,0.0328973444312326,0.2723037880372706,0.0925069380203515,2.419981498612396,2.072617946345976,False,True,False,False,False,False,True,False,True,False,,True,9,0,0
Mono,overall,10,0.75,0.02,4000,10,250,456,47,47,46,47,0.0114227216120566,0.4570640449803012,0.2109158186864014,6.583718778908418,1.924606845513413,False,True,False,False,False,False,False,False,True,False,,False,6,0,0
Mono,overall,10,0.75,0.02,4000,10,500,482,47,47,47,47,-0.0011494902670209,0.4837237210614037,0.2229417206290471,6.9139685476410735,1.9801110083256244,False,True,False,False,False,False,True,False,True,False,,True,9,1,0
Mono,overall,10,0.75,0.02,4000,10,1000,476,47,47,47,47,0.0109654831320283,0.4782233622840564,0.2201665124884366,6.845975948196115,1.9648473635522663,False,True,False,False,False,False,False,False,True,False,,False,7,0,0
Mono,overall,10,0.75,0.02,4000,25,100,200,90,90,68,85,0.0936119176871606,0.080417853751187,0.0249687890137328,0.9309612983770288,3.170911360799001,False,True,True,True,True,False,False,True,True,False,,True,15,2,1
Mono,overall,10,0.75,0.02,4000,25,250,500,99,99,88,97,0.0685671093834359,0.1623755256741464,0.0515357658214801,2.9285714285714284,2.570603999175428,False,True,True,True,True,False,False,True,True,False,,True,18,2,1
Mono,overall,10,0.75,0.02,4000,25,500,1000,99,99,97,99,0.0344061077976006,0.2736666847518073,0.1030715316429602,6.675324675324675,2.2392290249433104,False,True,True,True,True,False,False,True,True,False,,True,18,9,6
Mono,overall,10,0.75,0.02,4000,25,1000,2000,99,99,99,99,0.0159131442757915,0.4533233091550642,0.2061430632859204,14.228200371057516,1.875386518243661,False,True,True,True,True,False,False,True,True,False,,True,18,14,9
Mono,overall,10,0.75,0.02,4000,50,100,198,124,124,78,110,0.0656724527438588,0.057999035015164,0.0129819040125885,0.1652897980592709,0.7307894046682403,False,True,True,True,True,True,False,False,True,False,,True,15,1,1
Mono,overall,10,0.75,0.02,4000,50,250,500,154,154,129,148,0.030708731206471,0.0925212509246122,0.0212206094559035,1.546685340802988,3.344495373907139,False,True,True,True,True,True,False,True,True,False,,True,21,4,3
Mono,overall,10,0.75,0.02,4000,50,500,1000,157,157,149,156,0.0321347123033606,0.1583728095098408,0.0408296586640535,3.628695084109097,2.9033561979421854,False,True,True,True,True,True,False,True,True,False,,True,21,6,4
Mono,overall,10,0.75,0.02,4000,50,1000,2000,160,160,160,160,0.0324731917218769,0.2172632993017555,0.0786163522012578,8.07747641509434,2.3970518867924526,False,True,True,True,True,True,True,True,True,False,,True,22,6,4
Mono,overall,10,0.75,0.02,4000,75,100,197,130,130,82,115,0.0457560262965668,0.0642368742368742,0.011747167561121,0.0799045915324985,0.2735241502683363,False,True,True,True,True,True,True,False,True,False,,True,17,2,2
Mono,overall,10,0.75,0.02,4000,75,250,500,174,174,133,171,0.0688790546887951,0.0948416656354096,0.0166101920138196,1.200451797222776,2.9935220251146104,False,True,True,True,True,True,True,True,True,False,,True,24,5,4
Mono,overall,10,0.75,0.02,4000,75,500,1000,177,177,166,173,0.066036142157937,0.1173723743608859,0.032100667693888,3.113636363636364,2.943534925526451,False,True,True,True,True,True,True,True,True,False,,True,24,3,2
Mono,overall,10,0.75,0.02,4000,75,1000,2000,177,177,175,177,0.0411004948132817,0.1870659980106236,0.064201335387776,7.120602208525938,2.4863572162300978,False,True,True,True,True,True,True,True,True,False,,True,24,7,6
Mono,overall,10,0.75,0.02,4000,100,100,196,127,127,79,112,0.0711838374291115,0.0626751201554351,0.0122484689413823,0.0981127359080114,0.3808273965754281,False,True,True,True,True,True,True,True,True,False,,False,17,2,2
Mono,overall,10,0.75,0.02,4000,100,250,500,176,176,141,165,0.0843955229150483,0.0789231809681077,0.0162337662337662,1.163896103896104,3.040324675324676,False,True,True,True,True,True,True,True,True,False,,True,24,2,2
Mono,overall,10,0.75,0.02,4000,100,500,1000,181,181,165,179,0.0844461201705051,0.1405169007971685,0.0306936771025168,2.930448127685697,2.945549416820135,False,True,True,True,True,True,True,True,True,False,,True,24,8,6
Mono,overall,10,0.75,0.02,4000,100,1000,2000,181,181,179,181,0.0611326922706986,0.1935917438056681,0.0613873542050337,6.866635972989564,2.493400859422959,False,True,True,True,True,True,True,True,True,False,,True,24,11,9
Mono,overall,10,0.75,0.03,2000,10,100,200,36,36,36,35,0.044400933507377,0.4442263477931691,0.1587301587301587,3.084920634920635,2.223015873015873,False,True,False,False,False,False,False,False,False,False,,False,5,0,0
Mono,overall,10,0.75,0.03,2000,10,250,206,35,35,35,34,0.0391796874999999,0.5099438420933334,0.173109243697479,3.226050420168068,2.194957983193277,False,False,False,False,False,False,False,False,False,False,,False,4,0,0
Mono,overall,10,0.75,0.03,2000,10,500,230,36,36,36,35,0.0101235301889285,0.5155925377416606,0.1825396825396825,3.415079365079365,2.138095238095238,False,True,False,False,False,False,False,False,False,False,,False,5,0,0
Mono,overall,10,0.75,0.03,2000,10,1000,238,37,37,37,36,0.0299288788498519,0.4956382185484352,0.1786786786786786,3.497747747747748,2.1328828828828827,False,True,False,False,False,False,False,False,False,False,,False,5,0,0
Mono,overall,10,0.75,0.03,2000,25,100,200,90,90,63,88,0.0604537935769794,0.0869536636203302,0.0249687890137328,0.8882646691635455,3.0797752808988763,False,True,False,True,True,False,True,False,True,False,,True,16,0,0
Mono,overall,10,0.75,0.03,2000,25,250,500,95,95,86,95,0.0489342970045658,0.2265480774048406,0.0559910414333706,2.988465845464725,2.673684210526316,False,True,False,True,True,False,True,False,True,False,,True,16,3,0
Mono,overall,10,0.75,0.03,2000,25,500,1000,95,95,95,94,0.0347492221898574,0.3653456698872721,0.1119820828667413,6.191153415453528,2.279283314669653,False,True,False,True,True,False,True,False,True,False,,True,16,5,2
Mono,overall,10,0.75,0.03,2000,25,1000,1320,95,95,95,94,0.0207351390323691,0.4548060355898557,0.1478163493840985,8.051959686450168,2.1161254199328106,False,True,False,True,True,False,True,False,True,False,,True,16,7,4
Mono,overall,10,0.75,0.03,2000,50,100,198,113,113,75,103,0.0346296296296296,0.0723109731959289,0.0156447534766118,0.3042035398230088,1.3786346396965865,False,True,False,True,True,True,False,False,True,False,,True,17,0,0
Mono,overall,10,0.75,0.03,2000,50,250,500,142,142,113,140,0.0558554000112441,0.1386799672956511,0.0249725302167615,1.6019378683448209,3.029317750474478,False,True,False,True,True,True,True,True,True,False,,True,20,0,0
Mono,overall,10,0.75,0.03,2000,50,500,1000,143,143,132,143,0.0413616167265321,0.2413809828072709,0.0492465281197675,3.7713483699399193,2.627302275189599,False,True,False,True,True,True,True,True,True,False,,True,20,4,0
Mono,overall,10,0.75,0.03,2000,50,1000,2000,145,145,145,143,0.0060922854959196,0.3663642843345735,0.0957854406130268,7.649185823754789,2.2802681992337166,False,True,False,True,True,True,True,True,True,False,,True,20,7,3
Mono,overall,10,0.75,0.03,2000,75,100,196,119,119,79,109,0.0953746006151273,0.064524597717875,0.0139581256231306,0.313416892180601,1.6568152684802735,False,True,True,True,True,True,True,False,True,False,,True,20,2,2
Mono,overall,10,0.75,0.03,2000,75,250,499,150,150,123,148,0.0926660437443984,0.1310608885363898,0.0223266219239373,1.5482326621923936,3.1811185682326624,False,True,True,True,True,True,True,True,True,False,,True,23,3,2
Mono,overall,10,0.75,0.03,2000,75,500,1000,161,161,145,158,0.0578835174428698,0.1957905751608443,0.0388198757763975,3.162111801242236,2.677445652173913,False,True,True,True,True,True,True,True,True,False,,True,23,6,3
Mono,overall,10,0.75,0.03,2000,75,1000,2000,165,165,162,161,0.027762045265962,0.3300480709537061,0.0739098300073909,6.349371766444937,2.3543237250554325,False,True,True,True,True,True,True,True,True,False,,True,23,9,5
Mono,overall,10,0.75,0.03,2000,100,100,195,119,119,76,106,0.1074753517902384,0.0820849551941989,0.0138869106964819,0.3033755875231448,1.5356786782509615,False,True,True,True,True,True,False,False,True,False,,True,19,2,2
Mono,overall,10,0.75,0.03,2000,100,250,499,151,151,124,148,0.0979385566602829,0.1132608890549179,0.0220309050772626,1.5279028697571744,3.236777041942605,False,True,True,True,True,True,True,True,True,False,,True,23,3,2
Mono,overall,10,0.75,0.03,2000,100,500,1000,160,160,142,158,0.0787550226258965,0.195497542190507,0.0393081761006289,3.151022012578616,2.6421383647798744,False,True,True,True,True,True,True,True,True,False,,True,23,6,3
Mono,overall,10,0.75,0.03,2000,100,1000,2000,166,166,164,162,0.0256535967156542,0.3226725547225018,0.0730193501277838,6.299488864549105,2.3863453815261044,False,True,True,True,True,True,True,True,True,False,,True,23,9,5
Mono,overall,10,0.75,0.03,3000,10,100,200,45,45,40,44,0.0402203856749311,0.3506256365591404,0.101010101010101,2.431313131313132,2.17979797979798,False,False,False,False,False,False,True,False,True,False,,False,7,0,0
Mono,overall,10,0.75,0.03,3000,10,250,334,43,43,43,43,0.0429753510867664,0.5197275379644913,0.1849390919158361,4.633997785160576,2.140642303433001,False,False,False,False,False,False,False,False,True,False,,False,6,0,0
Mono,overall,10,0.75,0.03,3000,10,500,336,43,43,43,43,0.0436525453898184,0.5146924837029455,0.1860465116279069,4.661683277962347,2.12624584717608,False,False,False,False,False,False,False,False,True,False,,False,6,0,0
Mono,overall,10,0.75,0.03,3000,10,1000,336,43,43,43,43,0.0448734504132231,0.5156427778382751,0.1860465116279069,4.660575858250277,2.137873754152824,False,False,False,False,False,False,False,False,True,False,,False,6,0,0
Mono,overall,10,0.75,0.03,3000,25,100,200,95,95,65,89,0.081880941602535,0.0868031383820857,0.0223964165733482,0.6300111982082867,2.077939529675252,False,True,False,True,True,False,True,True,True,False,,True,15,0,0
Mono,overall,10,0.75,0.03,3000,25,250,500,101,101,85,101,0.0672997059857629,0.1868801007133324,0.0495049504950495,2.6256435643564355,2.485544554455445,False,True,False,True,True,False,True,True,True,False,,True,16,0,0
Mono,overall,10,0.75,0.03,3000,25,500,1000,98,98,95,98,0.0500441175861397,0.2933388214701019,0.1051967178624027,6.417104986324427,2.227014517147065,False,True,False,True,True,False,False,True,True,False,,True,16,2,1
Mono,overall,10,0.75,0.03,3000,25,1000,1809,98,98,98,98,0.0234830397615064,0.4733519108716647,0.1903008626130864,11.934252051335998,1.948243214811698,False,True,False,True,True,False,False,True,True,False,,True,16,9,7
Mono,overall,10,0.75,0.03,3000,50,100,200,130,130,77,118,0.065180055401662,0.0434315684315684,0.0119260584376863,0.1774597495527728,0.757185450208706,False,True,False,True,True,True,True,False,True,False,,True,19,0,0
Mono,overall,10,0.75,0.03,3000,50,250,499,152,152,116,151,0.0448003470566922,0.1031780289713725,0.0217410247472987,1.415737190658766,2.902927849424887,False,True,False,True,True,True,False,True,True,False,,True,20,0,0
Mono,overall,10,0.75,0.03,3000,50,500,1000,158,158,139,157,0.0513542227608615,0.1915420960869086,0.0403128275417237,3.2836410545835686,2.5533741836652424,False,True,False,True,True,True,True,True,True,False,,True,21,1,1
Mono,overall,10,0.75,0.03,3000,50,1000,2000,159,159,154,159,0.0186493552279826,0.2782455742956095,0.0796114959000079,7.336079929941883,2.2646684181195766,False,True,False,True,True,True,True,True,True,False,,True,21,4,3
Mono,overall,10,0.75,0.03,3000,75,100,190,124,124,72,108,0.0948255041661635,0.0738240701950379,0.0124573826383425,0.2116443745082612,1.0817597692105954,False,True,False,True,True,True,True,False,True,False,,True,19,0,0
Mono,overall,10,0.75,0.03,3000,75,250,499,165,165,124,163,0.0915887051988551,0.0963113071894383,0.018440502586844,1.2444937176644493,3.1536215816703623,False,True,False,True,True,True,True,True,True,False,,True,23,2,2
Mono,overall,10,0.75,0.03,3000,75,500,1000,174,174,148,172,0.0720792916455671,0.1616152966081483,0.0332203840276393,2.848116404225633,2.55066108564215,False,True,False,True,True,True,True,True,True,False,,True,23,3,3
Mono,overall,10,0.75,0.03,3000,75,1000,2000,175,175,169,175,0.0386957171385001,0.2450022663837165,0.0656814449917898,6.54072249589491,2.379704433497537,False,True,False,True,True,True,True,True,True,False,,True,23,6,5
Mono,overall,10,0.75,0.03,3000,100,100,193,125,125,75,111,0.0912836720226842,0.0582655122655122,0.0124516129032258,0.2152258064516129,1.1360645161290324,False,True,True,True,True,True,True,False,True,False,,True,20,0,0
Mono,overall,10,0.75,0.03,3000,100,250,499,171,171,126,164,0.1016928548273297,0.0803162518224165,0.0171654626762985,1.1725490196078432,2.942930856553148,False,True,True,True,True,True,True,True,True,False,,True,24,2,2
Mono,overall,10,0.75,0.03,3000,100,500,1000,178,178,152,176,0.1018298711723705,0.1656456490905158,0.0317399860344061,2.8072430648130515,2.66755538627563,False,True,True,True,True,True,True,True,True,False,,True,24,4,4
Mono,overall,10,0.75,0.03,3000,100,1000,2000,178,178,175,178,0.0630797344313575,0.2290817446046585,0.0634799720688122,6.547800418967816,2.50158699930172,False,True,True,True,True,True,True,True,True,False,,True,24,4,3
Mono,overall,10,0.75,0.03,4000,10,100,200,46,46,41,45,0.0395315035154137,0.2566531685137823,0.0966183574879227,2.708695652173913,2.251207729468599,False,False,False,False,False,False,True,False,True,False,,True,8,1,0
Mono,overall,10,0.75,0.03,4000,10,250,442,45,45,45,45,0.0060237481833795,0.5118152454038953,0.2232323232323232,6.4505050505050505,1.965151515151515,False,False,False,False,False,False,True,False,True,False,,True,8,2,0
Mono,overall,10,0.75,0.03,4000,10,500,485,46,46,46,46,0.0070506666666666,0.5111732373811065,0.2342995169082125,6.993236714975845,1.9260869565217391,False,False,False,False,False,False,True,False,True,False,,True,8,2,0
Mono,overall,10,0.75,0.03,4000,10,1000,485,46,46,46,46,0.0041060717519239,0.5113754127412629,0.2342995169082125,6.999033816425121,1.9270531400966184,False,False,False,False,False,False,True,False,True,False,,True,8,2,0
Mono,overall,10,0.75,0.03,4000,25,100,200,95,95,64,91,0.0754228228392861,0.0910892616155774,0.0223964165733482,0.7291153415453527,2.3089585666293395,False,True,True,True,True,False,True,True,True,False,,False,16,2,1
Mono,overall,10,0.75,0.03,4000,25,250,500,103,103,91,102,0.0592340685354513,0.1440893055958392,0.0475918522748905,2.785646297353893,2.6345897582333904,False,True,True,True,True,False,True,True,True,False,,True,18,2,1
Mono,overall,10,0.75,0.03,4000,25,500,1000,103,103,98,103,0.0434351880587791,0.2465676208287611,0.095183704549781,6.234342280601561,2.2363411383971066,False,True,True,True,True,False,True,True,True,False,,True,18,5,3
Mono,overall,10,0.75,0.03,4000,25,1000,2000,103,103,103,103,0.0224449467707905,0.4256963237799627,0.1903674090995621,13.42137826004188,1.9289929564058632,False,True,True,True,True,False,True,True,True,False,,True,18,8,3
Mono,overall,10,0.75,0.03,4000,50,100,197,123,123,76,114,0.0443016712857982,0.034432053944249,0.0131280821004931,0.1885912301745968,0.9055711048913768,False,True,True,True,True,True,True,True,True,False,,False,18,2,1
Mono,overall,10,0.75,0.03,4000,50,250,500,154,154,120,150,0.0448730609020396,0.0880750536906299,0.0212206094559035,1.4140140904846787,3.2389016212545623,False,True,True,True,True,True,True,True,True,False,,True,22,2,1
Mono,overall,10,0.75,0.03,4000,50,500,1000,161,161,146,160,0.0367198156361381,0.1462029143135436,0.0388198757763975,3.364829192546584,2.682065217391304,False,True,True,True,True,True,True,True,True,False,,True,23,4,3
Mono,overall,10,0.75,0.03,4000,50,1000,2000,159,159,157,159,0.0281179131124776,0.2304196145430888,0.0796114959000079,7.90386911870074,2.3672478305867366,False,True,True,True,True,True,True,True,True,False,,True,23,4,3
Mono,overall,10,0.75,0.03,4000,75,100,187,123,123,75,114,0.11041842772612,0.043656659510318,0.0124616819938691,0.1445421831267493,0.6154871384779421,False,True,True,True,True,True,True,True,True,False,,False,17,2,1
Mono,overall,10,0.75,0.03,4000,75,250,496,168,168,122,160,0.102914494649008,0.0872998119114328,0.0176789278585685,1.0926005132591958,2.650662959794696,False,True,True,True,True,True,True,True,True,False,,True,24,3,2
Mono,overall,10,0.75,0.03,4000,75,500,990,177,177,157,176,0.0908254222453062,0.1389116129184466,0.0317796610169491,2.9256548536209555,2.958814843348742,False,True,True,True,True,True,True,True,True,False,,True,24,6,5
Mono,overall,10,0.75,0.03,4000,75,1000,1971,177,177,172,177,0.0525467196278737,0.2101823470950602,0.0632704160246533,6.71780303030303,2.466165896250642,False,True,True,True,True,True,True,True,True,False,,True,24,6,5
Mono,overall,10,0.75,0.03,4000,100,100,190,125,125,74,117,0.1144207422823448,0.0426152958152958,0.012258064516129,0.1469032258064516,0.6326451612903226,False,True,True,True,True,True,True,True,True,False,,False,18,2,1
Mono,overall,10,0.75,0.03,4000,100,250,496,169,169,123,164,0.1264919367781043,0.0797485799496351,0.017469709777402,1.112355593124824,2.691638489715413,False,True,True,True,True,True,True,True,True,False,,True,24,3,2
Mono,overall,10,0.75,0.03,4000,100,500,990,178,178,158,177,0.1090299419052016,0.1440625354484421,0.031422586174062,2.880816352440805,2.875642734717197,False,True,True,True,True,True,True,True,True,False,,True,24,6,5
Mono,overall,10,0.75,0.03,4000,100,1000,1972,178,178,174,178,0.0756774491646184,0.2018815796858243,0.0625912524598489,6.686028058147654,2.485843966228655,False,True,True,True,True,True,True,True,True,False,,True,24,6,5
Mono,overall,10,0.9,0.005,2000,10,100,200,46,46,43,41,0.0369406867845993,0.3219289330044478,0.0966183574879227,2.177294685990338,2.47536231884058,False,True,False,False,False,False,False,False,True,False,,False,7,0,0
Mono,overall,10,0.9,0.005,2000,10,250,263,46,46,46,41,0.0096390273888395,0.3904172082185537,0.1270531400966183,2.9236714975845413,2.4169082125603865,False,True,False,False,False,False,False,False,True,False,,False,7,0,0
Mono,overall,10,0.9,0.005,2000,10,500,262,46,46,46,41,0.0106144866651744,0.3916594442433984,0.1265700483091787,2.913526570048309,2.417874396135266,False,True,False,False,False,False,False,False,True,False,,False,7,0,0
Mono,overall,10,0.9,0.005,2000,10,1000,257,44,44,44,39,0.0045540968764146,0.4100288047030082,0.1358350951374207,3.232558139534884,2.235729386892177,False,True,False,False,True,False,False,False,True,False,,False,7,0,0
Mono,overall,10,0.9,0.005,2000,25,100,197,90,90,67,87,0.0212880886426592,0.0724562474562474,0.0245942571785268,0.8740324594257178,2.6183520599250936,False,True,True,True,True,True,False,True,True,False,,True,16,1,1
Mono,overall,10,0.9,0.005,2000,25,250,500,98,98,90,96,0.0053894736842105,0.1802311449934836,0.0525983589312013,2.87649905322954,2.780033662949716,False,True,True,True,True,True,False,True,True,False,,True,15,1,1
Mono,overall,10,0.9,0.005,2000,25,500,1000,101,101,99,100,0.0027480267398722,0.3345845958882341,0.099009900990099,5.608712871287128,2.43960396039604,False,True,True,True,True,True,False,True,True,False,,True,16,5,3
Mono,overall,10,0.9,0.005,2000,25,1000,1163,101,101,101,101,-0.0058993484224965,0.3786411005982909,0.1151485148514851,6.477524752475247,2.447920792079208,False,True,True,True,True,True,False,True,True,False,,True,16,6,4
Mono,overall,10,0.9,0.005,2000,50,100,197,115,115,79,99,0.042679751103314,0.0313277061103148,0.0150266971777269,0.4081617086193745,1.9200610221205188,False,True,True,True,True,True,True,True,True,False,,True,20,1,1
Mono,overall,10,0.9,0.005,2000,50,250,500,139,139,116,134,0.0380551811067733,0.1407495728921338,0.026066103638828,1.722395996246481,2.898237931394015,False,True,True,True,True,True,True,True,True,False,,True,20,1,1
Mono,overall,10,0.9,0.005,2000,50,500,1000,143,143,136,140,0.0190396264071007,0.1945928559177877,0.0492465281197675,3.822417019600118,2.7405692898650647,False,True,True,True,True,True,True,True,True,False,,True,20,5,3
Mono,overall,10,0.9,0.005,2000,50,1000,1993,144,144,144,143,0.0045599741868459,0.3173825210230274,0.0967851592851592,7.780060217560218,2.435800310800311,False,True,True,True,True,True,False,True,True,False,,True,19,8,6
Mono,overall,10,0.9,0.005,2000,75,100,198,122,122,83,102,0.0219048394097222,0.0301692387757961,0.0134128166915052,0.3847717111502506,1.882874949193876,False,True,True,True,True,True,True,True,True,False,,True,19,1,1
Mono,overall,10,0.9,0.005,2000,75,250,500,154,154,125,148,0.037955291338514,0.1393560413964839,0.0212206094559035,1.4657499363381716,2.855742296918768,False,True,True,True,True,True,True,True,True,False,,True,22,1,1
Mono,overall,10,0.9,0.005,2000,75,500,1000,164,164,143,161,0.0348153327077541,0.1868984755707313,0.0374083495436181,3.014514439622924,2.5543169235373338,False,True,True,True,True,True,True,True,True,False,,True,22,4,2
Mono,overall,10,0.9,0.005,2000,75,1000,2000,166,166,164,164,0.0029198884123303,0.2708212624513406,0.0730193501277838,6.646732384081782,2.513326031398321,False,True,True,True,True,True,True,True,True,False,,True,22,10,6
Mono,overall,10,0.9,0.005,2000,100,100,196,121,121,84,100,0.034990817137688,0.0283393374302465,0.0134986225895316,0.4073002754820937,2.11900826446281,False,True,True,True,True,True,True,True,True,False,,True,20,1,1
Mono,overall,10,0.9,0.005,2000,100,250,500,158,158,124,152,0.0595519556018516,0.1142646042362897,0.0201564137708618,1.4445698621301295,3.210755462388132,False,True,True,True,True,True,True,True,True,False,,True,23,2,2
Mono,overall,10,0.9,0.005,2000,100,500,1000,165,165,145,162,0.035523186844134,0.1815374907137077,0.0369549150036954,3.0145232815964524,2.585661492978566,False,True,True,True,True,True,True,True,True,False,,True,23,4,2
Mono,overall,10,0.9,0.005,2000,100,1000,1933,166,166,163,165,0.0135433775311022,0.2505782727118802,0.0705732018985031,6.408652792990142,2.55421686746988,False,True,True,True,True,True,False,True,True,False,,True,22,8,6
Mono,overall,10,0.9,0.005,3000,10,100,200,46,46,43,42,0.0128916637761591,0.3181243030023807,0.0966183574879227,2.3342995169082124,2.5072463768115942,False,True,False,False,False,False,False,False,True,False,,False,7,0,0
Mono,overall,10,0.9,0.005,3000,10,250,328,45,45,45,40,-0.0215780009648699,0.4783295639300409,0.1656565656565656,3.992929292929293,2.047979797979798,False,True,False,False,True,False,False,False,True,False,,False,8,0,0
Mono,overall,10,0.9,0.005,3000,10,500,341,46,46,46,43,-0.0055986044058582,0.4462076771182869,0.1647342995169082,4.118357487922705,2.181642512077295,False,True,False,False,False,False,False,False,True,False,,False,7,0,0
Mono,overall,10,0.9,0.005,3000,10,1000,341,46,46,46,42,0.0013793663028926,0.4490658455572873,0.1647342995169082,4.1173913043478265,2.180676328502416,False,True,False,False,False,False,False,False,True,False,,False,7,0,0
Mono,overall,10,0.9,0.005,3000,25,100,200,95,95,73,89,0.0475186736079673,0.0536504156318397,0.0223964165733482,0.9503919372900336,2.9339305711086228,False,True,True,True,True,True,False,True,True,False,,True,17,1,1
Mono,overall,10,0.9,0.005,3000,25,250,500,102,102,91,102,0.0315000383157306,0.1911309980186916,0.048534265191225,2.6426907396622017,2.729858279945641,False,True,True,True,True,True,False,True,True,False,,True,17,1,1
Mono,overall,10,0.9,0.005,3000,25,500,1000,98,98,94,96,0.0015053804992703,0.2995758978245061,0.1051967178624027,6.010309278350515,2.2214390911003576,False,True,True,True,True,True,False,True,True,False,,True,16,6,4
Mono,overall,10,0.9,0.005,3000,25,1000,1563,102,102,102,102,-0.0018246907963266,0.4578843940906754,0.1517181129877693,8.73927392739274,2.203940982333528,False,True,True,True,True,True,False,True,True,False,,True,17,8,6
Mono,overall,10,0.9,0.005,3000,50,100,198,109,109,77,100,0.05563169869247,0.0540331228404623,0.0168195718654434,0.5854570166496772,2.6783893985728846,False,True,True,True,True,True,True,True,True,False,,True,18,0,0
Mono,overall,10,0.9,0.005,3000,50,250,500,143,143,116,137,0.043434023794769,0.1323931746813817,0.0246232640598837,1.576529104698119,2.6880232443612724,False,True,True,True,True,True,True,True,True,False,,True,20,2,2
Mono,overall,10,0.9,0.005,3000,50,500,1000,146,146,139,145,0.0214550846361293,0.1904508867281049,0.0472366556447803,3.72045347189419,2.790694378837978,False,True,True,True,True,True,True,True,True,False,,True,20,3,2
Mono,overall,10,0.9,0.005,3000,50,1000,2000,146,146,146,145,0.0084162237862683,0.3121933956994726,0.0944733112895607,7.794851204534719,2.40434577231932,False,True,True,True,True,True,True,True,True,False,,True,20,6,4
Mono,overall,10,0.9,0.005,3000,75,100,196,120,120,79,104,0.0297140977495134,0.049549062049062,0.0137254901960784,0.3228291316526611,1.6072128851540617,False,True,True,True,True,True,True,True,True,False,,True,19,0,0
Mono,overall,10,0.9,0.005,3000,75,250,500,157,157,128,147,0.0611409066648301,0.1299779876016229,0.0204148293320267,1.3062224399804017,2.7577984648048344,False,True,True,True,True,True,True,True,True,False,,True,23,2,2
Mono,overall,10,0.9,0.005,3000,75,500,1000,165,165,146,163,0.0498623979401553,0.1802497483342542,0.0369549150036954,2.899482631189948,2.5873244641537325,False,True,True,True,True,True,True,True,True,False,,True,22,3,2
Mono,overall,10,0.9,0.005,3000,75,1000,2000,165,165,163,164,0.0225982182491022,0.2751746320452614,0.0739098300073909,6.599113082039911,2.503991130820399,False,True,True,True,True,True,True,True,True,False,,True,22,5,3
Mono,overall,10,0.9,0.005,3000,100,100,196,122,122,80,106,0.0617992927825443,0.0506387055567383,0.0132773336946213,0.3131012057986723,1.5853542880368514,False,True,True,True,True,True,True,True,True,False,,True,19,0,0
Mono,overall,10,0.9,0.005,3000,100,250,500,156,156,128,148,0.0730768237461476,0.1129060084185269,0.0206782464846981,1.412200165425972,2.8345740281224154,False,True,True,True,True,True,True,True,True,False,,True,23,2,2
Mono,overall,10,0.9,0.005,3000,100,500,1000,167,167,149,161,0.0372307041897481,0.1546297486873095,0.0360724334463602,2.9065002525070343,2.72368515980088,False,True,True,True,True,True,True,True,True,False,,True,23,3,2
Mono,overall,10,0.9,0.005,3000,100,1000,2000,167,167,163,166,0.0175348811710205,0.254868170340325,0.0721448668927205,6.585311305100642,2.4850299401197606,False,True,True,True,True,True,True,True,True,False,,True,23,8,4
Mono,overall,10,0.9,0.005,4000,10,100,200,45,45,41,41,-0.0256098970979303,0.3157126890615023,0.101010101010101,2.1944444444444446,2.256060606060606,False,True,False,False,True,False,False,False,True,False,,False,8,0,0
Mono,overall,10,0.9,0.005,4000,10,250,332,45,45,45,41,-0.0226014512227895,0.4696194404938206,0.1676767676767676,4.035858585858586,2.041919191919192,False,True,False,False,True,False,False,False,True,False,,False,8,0,0
Mono,overall,10,0.9,0.005,4000,10,500,332,45,45,45,41,-0.0226014512227895,0.4696194404938206,0.1676767676767676,4.035858585858586,2.041919191919192,False,True,False,False,True,False,False,False,True,False,,False,8,0,0
Mono,overall,10,0.9,0.005,4000,10,1000,332,45,45,45,41,-0.0226014512227895,0.4696194404938206,0.1676767676767676,4.035858585858586,2.041919191919192,False,True,False,False,True,False,False,False,True,False,,False,8,0,0
Mono,overall,10,0.9,0.005,4000,25,100,200,95,95,74,89,0.0527246491625169,0.0505548940223862,0.0223964165733482,0.9594624860022396,3.0236282194848823,False,True,True,True,True,True,False,True,True,False,,True,17,1,1
Mono,overall,10,0.9,0.005,4000,25,250,500,98,98,91,96,0.0208257265338688,0.1970304806915618,0.0525983589312013,2.952977067115506,2.7670944666526403,False,True,True,True,True,True,False,True,True,False,,True,16,1,1
Mono,overall,10,0.9,0.005,4000,25,500,1000,98,98,94,98,0.0172497876312348,0.3309195282985002,0.1051967178624027,5.881127708815485,2.2875026299179466,False,True,True,True,True,True,False,True,True,False,,True,17,3,2
Mono,overall,10,0.9,0.005,4000,25,1000,1504,98,98,98,96,-0.0066106974005145,0.4435202390064044,0.1582158636650536,8.906374921102461,2.1122448979591835,False,True,True,True,True,True,False,True,True,False,,True,16,7,4
Mono,overall,10,0.9,0.005,4000,50,100,193,117,117,74,106,0.0133403872000915,0.0756811090144423,0.0142204538756262,0.3187444739168877,1.4666224580017684,False,True,False,True,True,True,True,True,True,False,,True,19,2,2
Mono,overall,10,0.9,0.005,4000,50,250,500,143,143,118,140,0.0418381226218556,0.1481277597312047,0.0246232640598837,1.5427459864079582,2.826947700187137,False,True,True,True,True,True,False,True,True,False,,True,19,2,2
Mono,overall,10,0.9,0.005,4000,50,500,1000,146,146,138,145,0.0189994791809435,0.193910916692096,0.0472366556447803,3.679121398205007,2.7761927255550307,False,True,True,True,True,True,True,True,True,False,,True,20,3,2
Mono,overall,10,0.9,0.005,4000,50,1000,2000,146,146,142,146,0.0054845644394594,0.3073280616479898,0.0944733112895607,7.800566839867737,2.329948039678791,False,True,True,True,True,True,True,True,True,False,,True,20,9,5
Mono,overall,10,0.9,0.005,4000,75,100,196,122,122,81,104,0.026918121762013,0.0432285383105055,0.0132773336946213,0.2926432732692047,1.4448584202682564,False,True,True,True,True,True,True,True,True,False,,True,19,0,0
Mono,overall,10,0.9,0.005,4000,75,250,500,157,157,126,147,0.0748932525266438,0.1144750810301033,0.0204148293320267,1.368895966029724,2.7422015351951656,False,True,True,True,True,True,True,True,True,False,,True,22,2,2
Mono,overall,10,0.9,0.005,4000,75,500,1000,165,165,146,163,0.0503478923670272,0.1792994715320937,0.0369549150036954,2.896969696969697,2.59279379157428,False,True,True,True,True,True,True,True,True,False,,True,22,3,2
Mono,overall,10,0.9,0.005,4000,75,1000,2000,165,165,161,164,0.015831517931795,0.2571246837428956,0.0739098300073909,6.741167775314117,2.446895787139689,False,True,True,True,True,True,True,True,True,False,,True,23,9,5
Mono,overall,10,0.9,0.005,4000,100,100,196,121,121,80,104,0.0617170581946766,0.0504972988444062,0.0134986225895316,0.315564738292011,1.5360192837465565,False,True,True,True,True,True,True,True,True,False,,True,19,0,0
Mono,overall,10,0.9,0.005,4000,100,250,496,158,158,128,148,0.0784934612489277,0.1193931877968606,0.0199951624606949,1.2822301056196082,2.767636862049504,False,True,True,True,True,True,True,True,True,False,,True,23,2,2
Mono,overall,10,0.9,0.005,4000,100,500,1000,167,167,147,165,0.0522920447416006,0.171726848438237,0.0360724334463602,2.8630690426376164,2.5517278695620806,False,True,True,True,True,True,True,True,True,False,,True,23,3,2
Mono,overall,10,0.9,0.005,4000,100,1000,2000,167,167,165,166,0.01717759964174,0.2620203568728389,0.0721448668927205,6.518938027559339,2.5158718707163987,False,True,True,True,True,True,True,True,True,False,,True,23,5,3
Mono,overall,10,0.9,0.01,2000,10,100,200,47,47,44,44,0.0305555555555555,0.2896791455549113,0.0925069380203515,2.3214616096207217,2.417206290471785,False,True,False,False,True,False,False,True,True,False,,False,6,0,0
Mono,overall,10,0.9,0.01,2000,10,250,291,47,47,47,44,-1.47928994082714e-05,0.3711162071039549,0.1345975948196114,3.567067530064755,2.2950971322849214,False,True,False,False,True,False,False,True,True,False,,False,6,0,0
Mono,overall,10,0.9,0.01,2000,10,500,344,52,52,52,47,-0.0210068776966124,0.3590369815852506,0.1297134238310709,3.6836349924585217,2.138009049773756,False,True,False,False,False,False,False,True,True,False,,False,6,0,0
Mono,overall,10,0.9,0.01,2000,10,1000,292,47,47,47,44,-0.0004697523524317,0.3703606387951951,0.1350601295097132,3.576780758556892,2.294172062904718,False,True,False,False,True,False,False,True,True,False,,False,6,0,0
Mono,overall,10,0.9,0.01,2000,25,100,200,92,92,68,86,0.0279367556942999,0.1468241973996449,0.0238891543239369,0.8731485905398949,2.388557095078834,False,True,True,True,True,False,False,True,True,False,,False,15,1,1
Mono,overall,10,0.9,0.01,2000,25,250,500,97,97,85,95,0.0163546022214444,0.184800985399707,0.0536941580756013,2.880906357388316,2.459621993127148,False,True,True,True,True,False,False,True,True,False,,True,16,4,2
Mono,overall,10,0.9,0.01,2000,25,500,1000,98,98,95,97,0.0210016665673938,0.3286485854942856,0.1051967178624027,6.127919208920682,2.253734483484115,False,True,True,True,True,False,False,True,True,False,,True,16,7,4
Mono,overall,10,0.9,0.01,2000,25,1000,1498,103,103,103,102,-0.0086715233085405,0.4219796782564236,0.142585189415572,8.7391966495336,2.1527698458023985,False,True,True,True,True,True,False,True,True,False,,True,17,7,3
Mono,overall,10,0.9,0.01,2000,50,100,194,118,118,76,107,0.0692330168005843,0.0992167437082691,0.0140518615094886,0.448935245545415,2.1795596117630014,False,True,True,True,True,True,True,False,True,False,,False,17,1,1
Mono,overall,10,0.9,0.01,2000,50,250,500,149,149,118,144,0.0488970636710045,0.1053609608787439,0.0226736803918011,1.520179575548703,2.703337565753673,False,True,True,True,True,True,True,True,True,False,,True,21,1,1
Mono,overall,10,0.9,0.01,2000,50,500,991,150,150,139,149,0.0282766793848999,0.1780366178204943,0.0443400447427293,3.590156599552573,2.668769574944072,False,True,True,True,True,True,True,True,True,False,,True,21,4,2
Mono,overall,10,0.9,0.01,2000,50,1000,1984,150,150,150,150,0.0013511244488112,0.299065668432092,0.0887695749440715,7.770111856823266,2.377494407158837,False,True,True,True,True,True,True,True,True,False,,True,21,9,4
Mono,overall,10,0.9,0.01,2000,75,100,194,122,122,84,109,0.0847641345820326,0.0968730040451351,0.0131418506977374,0.2587725240482319,1.2658176398861942,False,True,True,True,True,True,True,False,True,False,,False,17,1,1
Mono,overall,10,0.9,0.01,2000,75,250,499,161,161,129,155,0.0868796624487661,0.0873396737617321,0.0193711180124223,1.3005434782608696,2.699495341614907,False,True,True,True,True,True,True,True,True,False,,True,22,1,1
Mono,overall,10,0.9,0.01,2000,75,500,993,164,164,147,163,0.0517391555832287,0.1602509153022194,0.0371464910968128,3.191306299566063,2.6674771809067783,False,True,True,True,True,True,True,True,True,False,,True,22,5,3
Mono,overall,10,0.9,0.01,2000,75,1000,1995,170,170,168,169,0.021459889278705,0.2548731759292655,0.069439610163592,6.593421510616081,2.487434737208493,False,True,True,True,True,True,True,True,True,False,,True,22,7,5
Mono,overall,10,0.9,0.01,2000,100,100,193,124,124,82,110,0.104621235951843,0.0882532118419215,0.0126540781536847,0.323695253081563,2.142997639653816,False,True,False,True,True,True,True,False,True,False,,False,17,1,1
Mono,overall,10,0.9,0.01,2000,100,250,499,161,161,130,155,0.109855285837403,0.0843790401215933,0.0193711180124223,1.2973602484472049,2.646350931677018,False,True,True,True,True,True,True,True,True,False,,True,22,1,1
Mono,overall,10,0.9,0.01,2000,100,500,1000,169,169,148,169,0.0705964146211735,0.1401766396718365,0.0352211890673429,3.0226824457593686,2.6626162299239224,False,True,True,True,True,True,True,True,True,False,,True,23,7,5
Mono,overall,10,0.9,0.01,2000,100,1000,1994,171,171,169,170,0.0250083753154414,0.25032386252521,0.0685930512555899,6.541314069487444,2.492053663570692,False,True,True,True,True,True,True,True,True,False,,True,23,9,7
Mono,overall,10,0.9,0.01,3000,10,100,200,49,49,45,46,0.0267751654064272,0.2050387016015372,0.0850340136054421,2.270408163265306,2.383928571428572,False,True,False,False,True,False,False,True,True,False,,False,6,0,0
Mono,overall,10,0.9,0.01,3000,10,250,363,49,49,49,47,0.0103732897085068,0.4136464758273527,0.1543367346938775,4.380527210884353,2.1904761904761907,False,True,False,False,True,False,False,True,True,False,,False,6,0,0
Mono,overall,10,0.9,0.01,3000,10,500,388,49,49,49,47,0.0099260268799106,0.4302971154600455,0.1649659863945578,4.769982993197279,2.121173469387755,False,True,False,False,True,False,False,True,True,False,,False,6,0,0
Mono,overall,10,0.9,0.01,3000,10,1000,379,49,49,49,47,0.0060189460004787,0.4281681587157919,0.1611394557823129,4.625425170068027,2.15561224489796,False,True,False,False,True,False,False,True,True,False,,False,6,0,0
Mono,overall,10,0.9,0.01,3000,25,100,197,88,88,69,86,0.0341302296319597,0.0855335488189766,0.0257314524555903,1.0470219435736676,3.05812434691745,False,True,True,False,True,False,False,True,True,False,,True,15,2,2
Mono,overall,10,0.9,0.01,3000,25,250,500,101,101,90,100,0.0313874864131074,0.162545794698457,0.0495049504950495,2.703564356435644,2.679504950495049,False,True,True,True,True,False,False,True,True,False,,True,16,4,3
Mono,overall,10,0.9,0.01,3000,25,500,1000,103,103,100,103,0.0169607930962405,0.2780923118259948,0.095183704549781,5.859032933561775,2.3502760327431944,False,True,True,False,True,False,False,True,True,False,,True,16,5,3
Mono,overall,10,0.9,0.01,3000,25,1000,1700,102,102,102,102,0.0095918732392928,0.4471894355447284,0.165016501650165,10.29955348476024,2.0781401669578723,False,True,True,False,True,False,False,True,True,False,,True,15,5,3
Mono,overall,10,0.9,0.01,3000,50,100,196,119,119,82,107,0.0786837935717519,0.0818255507331137,0.0139581256231306,0.3208232445520581,1.7284574846887908,False,True,True,True,False,True,False,False,True,False,,True,15,1,1
Mono,overall,10,0.9,0.01,3000,50,250,499,147,147,118,145,0.0424886426592797,0.0902738239311129,0.0232503960488304,1.6108004845773929,2.8644115180318703,False,True,True,True,True,True,False,True,True,False,,True,20,3,2
Mono,overall,10,0.9,0.01,3000,50,500,1000,151,151,140,150,0.0287849634916654,0.1638980897144474,0.0441501103752759,3.658852097130243,2.6951434878587195,False,True,True,True,True,True,False,True,True,False,,True,20,4,3
Mono,overall,10,0.9,0.01,3000,50,1000,2000,151,151,151,151,0.0149952753834678,0.2674952785315376,0.0883002207505518,8.138189845474614,2.367328918322296,False,True,True,True,True,True,False,True,True,False,,True,21,8,3
Mono,overall,10,0.9,0.01,3000,75,100,195,121,121,79,112,0.1242672080986016,0.0292709127419871,0.0134297520661157,0.31866391184573,1.7320936639118458,False,True,True,True,False,True,True,False,True,False,,True,18,1,1
Mono,overall,10,0.9,0.01,3000,75,250,500,165,165,135,157,0.0776693030153237,0.0841392461766793,0.0184774575018477,1.3624907612712491,2.963968957871397,False,True,True,True,True,True,True,True,True,False,,True,22,4,3
Mono,overall,10,0.9,0.01,3000,75,500,1000,166,166,150,165,0.0471790606785941,0.1336411622889447,0.0365096750638919,3.207009857612267,2.718218327856882,False,True,True,True,True,True,True,True,True,False,,True,23,5,4
Mono,overall,10,0.9,0.01,3000,75,1000,2000,171,171,168,171,0.0471795163408153,0.2245919502287649,0.0687994496044031,6.933608531131751,2.448022015823873,False,True,True,True,True,True,True,True,True,False,,True,23,11,8
Mono,overall,10,0.9,0.01,3000,100,100,195,123,123,80,114,0.1436415110526466,0.0295352344132831,0.0129948020791683,0.3169398907103825,1.8111422097827536,False,True,True,True,False,True,True,False,True,False,,True,18,1,1
Mono,overall,10,0.9,0.01,3000,100,250,500,166,166,134,158,0.1036738224701645,0.0877948066414626,0.0182548375319459,1.320627966411099,2.9178167214311794,False,True,True,True,True,True,True,True,True,False,,True,22,4,3
Mono,overall,10,0.9,0.01,3000,100,500,1000,172,172,154,170,0.0855258328524271,0.1233365220908499,0.0339997280021759,3.054093567251462,2.8269753841969263,False,True,True,True,True,True,True,True,True,False,,True,23,7,6
Mono,overall,10,0.9,0.01,3000,100,1000,2000,172,172,169,172,0.056728503762695,0.2240983789505401,0.0679994560043519,6.901366789065688,2.4487284101727185,False,True,True,True,True,True,True,True,True,False,,True,23,11,8
Mono,overall,10,0.9,0.01,4000,10,100,200,48,48,43,45,0.0108244498193436,0.213430561132767,0.0886524822695035,2.370567375886525,2.0944148936170213,False,True,False,False,True,False,False,True,True,False,,False,7,0,0
Mono,overall,10,0.9,0.01,4000,10,250,419,48,48,48,46,0.0135369980792097,0.471178515968204,0.1857269503546099,5.292109929078015,2.0416666666666665,False,True,False,False,True,False,False,True,True,False,,False,7,0,0
Mono,overall,10,0.9,0.01,4000,10,500,421,48,48,48,46,0.0124024477690909,0.4655792959521568,0.1866134751773049,5.328014184397163,2.039450354609929,False,True,False,False,True,False,False,True,True,False,,False,7,0,0
Mono,overall,10,0.9,0.01,4000,10,1000,500,52,52,52,50,-0.001664178253084,0.4444197946697599,0.1885369532428356,5.9400452488687785,2.026395173453997,False,True,False,False,True,False,False,True,True,False,,False,7,0,0
Mono,overall,10,0.9,0.01,4000,25,100,198,90,90,70,86,0.0324738949077573,0.0884827409337213,0.0247191011235955,0.8726591760299626,2.555805243445693,False,True,True,False,True,False,False,True,True,False,,True,14,2,2
Mono,overall,10,0.9,0.01,4000,25,250,500,99,99,88,98,0.0373369686385255,0.1545669869451341,0.0515357658214801,2.833333333333333,2.528241599670172,False,True,True,False,True,False,False,True,True,False,,True,15,4,3
Mono,overall,10,0.9,0.01,4000,25,500,1000,100,100,98,100,0.0206025633765141,0.2732035731513219,0.101010101010101,6.2709090909090905,2.3141414141414143,False,True,True,False,True,False,False,True,True,False,,True,16,5,3
Mono,overall,10,0.9,0.01,4000,25,1000,1960,102,102,102,102,0.0052938105702201,0.4686096517061258,0.190254319549602,12.250339739856338,1.98650747427684,False,True,True,False,True,False,False,True,True,False,,True,16,5,3
Mono,overall,10,0.9,0.01,4000,50,100,196,119,119,81,105,0.0786025602368356,0.0716992624555649,0.0139581256231306,0.2117931918530124,0.8285144566301097,False,True,True,True,True,True,False,True,True,False,,True,18,1,1
Mono,overall,10,0.9,0.01,4000,50,250,500,151,151,123,144,0.052788875264252,0.0717561955172928,0.0220750551876379,1.4160264900662252,2.6226490066225168,False,True,True,True,True,True,False,True,True,False,,True,20,3,2
Mono,overall,10,0.9,0.01,4000,50,500,1000,152,152,144,151,0.0342441924646162,0.1494966442768788,0.043569187870338,3.73196235622168,2.803982223771349,False,True,True,True,True,True,False,True,True,False,,True,20,5,4
Mono,overall,10,0.9,0.01,4000,50,1000,2000,153,153,150,153,0.0200125427139369,0.2506159617614567,0.0859993120055039,7.942681458548331,2.3300653594771243,False,True,True,True,True,True,False,True,True,False,,True,21,6,4
Mono,overall,10,0.9,0.01,4000,75,100,197,125,125,82,106,0.0969134618020339,0.0347007215007215,0.0127096774193548,0.2104516129032258,0.9206451612903226,False,True,False,True,True,True,True,False,True,False,,True,18,1,1
Mono,overall,10,0.9,0.01,4000,75,250,499,161,161,128,154,0.0396608783935234,0.0681977032810638,0.0193711180124223,1.3243788819875777,2.8199534161490685,False,True,True,True,True,True,True,True,True,False,,True,22,3,2
Mono,overall,10,0.9,0.01,4000,75,500,1000,169,169,155,168,0.0395673130193905,0.1162767455590748,0.0352211890673429,3.197168216398986,2.965694561848408,False,True,True,True,True,True,True,True,True,False,,True,22,6,5
Mono,overall,10,0.9,0.01,4000,75,1000,2000,170,170,166,170,0.0378899882753295,0.212666258637733,0.0696136442742777,7.000313261399234,2.4508179603202227,False,True,True,True,True,True,True,True,True,False,,True,23,9,7
Mono,overall,10,0.9,0.01,4000,100,100,194,124,124,81,110,0.1605222951561792,0.0240899781222361,0.0127196433254655,0.1737477052189876,0.7508523472331498,False,True,True,True,True,True,True,False,True,False,,True,19,1,1
Mono,overall,10,0.9,0.01,4000,100,250,500,161,161,131,154,0.0966871657637475,0.06365498442471,0.0194099378881987,1.305667701863354,3.0270962732919253,False,True,True,True,True,True,True,True,True,False,,True,20,2,2
Mono,overall,10,0.9,0.01,4000,100,500,1000,171,171,156,170,0.0606695864266766,0.1122499052101059,0.0343997248022015,3.073065015479876,2.909012727898177,False,True,True,True,True,True,True,True,True,False,,True,22,5,4
Mono,overall,10,0.9,0.01,4000,100,1000,2000,172,172,168,172,0.0570618982369234,0.2086012959170042,0.0679994560043519,6.898204814361485,2.4664762681898544,False,True,True,True,True,True,True,True,True,False,,True,23,9,7
Mono,overall,10,0.9,0.02,2000,10,100,196,39,39,38,37,0.0464753123140987,0.3960715545557174,0.1322537112010796,2.887314439946019,2.327935222672065,False,True,False,False,False,False,False,False,True,False,,False,6,0,0
Mono,overall,10,0.9,0.02,2000,10,250,227,40,40,40,38,0.0328122717311906,0.4271588840072148,0.1455128205128205,3.3057692307692306,2.30448717948718,False,True,False,False,False,False,False,False,True,False,,False,6,0,0
Mono,overall,10,0.9,0.02,2000,10,500,226,40,40,40,38,0.0325643903591682,0.4321317327958531,0.1448717948717948,3.2775641025641025,2.307051282051282,False,True,False,False,False,False,False,False,True,False,,False,6,0,0
Mono,overall,10,0.9,0.02,2000,10,1000,260,41,41,41,39,0.0072796106003245,0.4964802296883396,0.1585365853658536,3.4067073170731708,2.2152439024390245,False,True,False,False,False,False,True,False,True,False,,False,8,0,0
Mono,overall,10,0.9,0.02,2000,25,100,199,95,95,67,93,0.0406653785774664,0.0726868453184242,0.0222844344904815,0.8343784994400896,3.007838745800672,False,True,False,True,True,False,True,False,True,False,,True,16,0,0
Mono,overall,10,0.9,0.02,2000,25,250,500,99,99,87,99,0.0581480313699582,0.1981897773163231,0.0515357658214801,2.680065965780252,2.619356833642548,False,True,False,True,True,False,False,False,True,False,,True,15,1,1
Mono,overall,10,0.9,0.02,2000,25,500,1000,100,100,97,100,0.0245494781344959,0.3666176794727978,0.101010101010101,5.74919191919192,2.3045454545454547,False,True,False,True,True,False,False,False,True,False,,True,15,3,3
Mono,overall,10,0.9,0.02,2000,25,1000,1309,99,99,99,99,0.0222729761868159,0.4534711702832047,0.1349206349206349,7.587301587301587,2.200164914450629,False,True,False,True,True,False,False,False,True,False,,True,15,4,4
Mono,overall,10,0.9,0.02,2000,50,100,199,121,121,75,113,0.0735200601225575,0.062869639663898,0.0137052341597796,0.4178374655647383,1.8828512396694213,False,True,False,True,True,True,False,False,True,False,,True,17,0,0
Mono,overall,10,0.9,0.02,2000,50,250,500,143,143,112,138,0.0697784802616277,0.1674639586156973,0.0246232640598837,1.548901802422929,2.7183591056830494,False,True,False,True,True,True,False,True,True,False,,True,19,1,1
Mono,overall,10,0.9,0.02,2000,50,500,1000,150,150,136,149,0.0299586678362349,0.2153217654494267,0.0447427293064877,3.5660850111856823,2.6004026845637584,False,True,False,True,True,True,True,True,True,False,,True,20,4,3
Mono,overall,10,0.9,0.02,2000,50,1000,2000,144,144,142,144,0.0080876014251426,0.3749186778216158,0.0971250971250971,7.766851204351204,2.27724358974359,False,True,False,True,True,True,False,True,True,False,,True,19,5,5
Mono,overall,10,0.9,0.02,2000,75,100,198,123,123,81,112,0.0688061200378071,0.074246592089981,0.0131947221111555,0.4764760762361722,2.4959349593495936,False,True,True,True,True,True,True,False,True,False,,True,19,0,0
Mono,overall,10,0.9,0.02,2000,75,250,500,158,158,118,155,0.0921586310556133,0.1081204688625401,0.0201564137708618,1.450979601709264,2.6764895589776665,False,True,True,True,True,True,True,True,True,False,,True,23,2,2
Mono,overall,10,0.9,0.02,2000,75,500,1000,161,161,144,159,0.0618406919817671,0.2017679009299023,0.0388198757763975,3.212305900621118,2.6664596273291927,False,True,True,True,True,True,True,True,True,False,,True,23,4,4
Mono,overall,10,0.9,0.02,2000,75,1000,2000,169,169,169,168,0.0278986493180128,0.2749706316418592,0.0704423781346858,6.525359256128487,2.494998591152437,False,True,True,True,True,True,True,True,True,False,,True,23,8,6
Mono,overall,10,0.9,0.02,2000,100,100,198,124,124,81,112,0.0511468224981738,0.0745997861510195,0.0129819040125885,0.3838185156045108,1.863034356150013,False,True,True,True,True,True,True,False,True,False,,True,19,0,0
Mono,overall,10,0.9,0.02,2000,100,250,500,156,156,117,151,0.0850527538839227,0.1333408672224461,0.0206782464846981,1.4058726220016542,2.8925558312655086,False,True,True,True,True,True,True,True,True,False,,True,23,1,1
Mono,overall,10,0.9,0.02,2000,100,500,1000,162,162,142,159,0.0488569875778228,0.200039533445194,0.0383406180507629,3.1612222989034584,2.56130664826317,False,True,True,True,True,True,True,True,True,False,,True,23,4,4
Mono,overall,10,0.9,0.02,2000,100,1000,2000,168,168,165,166,0.0177567942868478,0.2892476462818319,0.071285999429712,6.453913601368691,2.406615340747077,False,True,True,True,True,True,True,True,True,False,,True,23,7,7
Mono,overall,10,0.9,0.02,3000,10,100,200,43,43,39,43,0.0665999483471074,0.2685428190900147,0.1107419712070874,2.849390919158361,2.241417497231451,False,False,False,False,False,False,True,False,True,False,,False,5,0,0
Mono,overall,10,0.9,0.02,3000,10,250,294,44,44,44,43,0.0308720773985487,0.3588797499031809,0.1553911205073996,4.223044397463002,2.1881606765327697,False,False,False,False,False,False,True,False,True,False,,False,5,0,0
Mono,overall,10,0.9,0.02,3000,10,500,371,47,47,47,47,0.006287949063923,0.4122045173719856,0.171600370027752,5.0716928769657725,2.143385753931545,False,True,False,True,False,False,True,False,True,False,,False,8,1,1
Mono,overall,10,0.9,0.02,3000,10,1000,292,44,44,44,43,0.0323150741069599,0.3590244574852653,0.1543340380549683,4.190803382663848,2.1955602536997887,False,False,False,False,False,False,True,False,True,False,,False,5,0,0
Mono,overall,10,0.9,0.02,3000,25,100,200,96,96,71,91,0.0807596785975164,0.0703781512605042,0.0219298245614035,0.6983552631578948,2.9802631578947367,False,True,True,True,False,False,True,True,True,False,,True,16,3,2
Mono,overall,10,0.9,0.02,3000,25,250,500,101,101,92,101,0.056590800382653,0.1760542193871807,0.0495049504950495,2.7743564356435644,2.847326732673267,False,True,True,True,False,False,True,True,True,False,,True,16,4,3
Mono,overall,10,0.9,0.02,3000,25,500,1000,100,100,98,100,0.0346677963234237,0.2849331432417201,0.101010101010101,6.246464646464647,2.317272727272728,False,True,True,True,False,False,True,True,True,False,,True,16,6,4
Mono,overall,10,0.9,0.02,3000,25,1000,1859,100,100,100,100,0.0170438054286481,0.4558639360735931,0.1877777777777777,12.166565656565655,1.9528282828282828,False,True,True,True,False,False,True,True,True,False,,True,16,7,5
Mono,overall,10,0.9,0.02,3000,50,100,192,116,116,75,107,0.0654841888381259,0.0510318704284221,0.0143928035982009,0.2458020989505247,1.1538980509745127,False,True,True,True,True,True,True,False,True,False,,True,17,1,1
Mono,overall,10,0.9,0.02,3000,50,250,500,150,150,122,147,0.0193503847894975,0.1144947064429823,0.0223713646532438,1.5242505592841162,3.0798657718120803,False,True,True,True,True,True,True,True,True,False,,True,21,4,3
Mono,overall,10,0.9,0.02,3000,50,500,1000,153,153,144,152,0.0212951035051767,0.1542728824163757,0.0429996560027519,3.828130374957,2.7447540419676644,False,True,True,True,True,True,True,True,True,False,,True,20,4,3
Mono,overall,10,0.9,0.02,3000,50,1000,2000,151,151,151,151,0.0067352066109491,0.2640223067593351,0.0883002207505518,8.436379690949227,2.304326710816777,False,True,True,True,True,True,True,True,True,False,,True,21,10,8
Mono,overall,10,0.9,0.02,3000,75,100,196,124,124,82,112,0.093668677971918,0.0250889320074379,0.012850773669027,0.2194466299501704,1.09703645423551,False,True,True,True,True,True,True,False,True,False,,True,16,1,1
Mono,overall,10,0.9,0.02,3000,75,250,500,162,162,126,157,0.0763181738272005,0.0963439653985462,0.0191703090253814,1.3770416379112032,2.7351430105053294,False,True,True,True,True,True,True,True,True,False,,True,22,3,2
Mono,overall,10,0.9,0.02,3000,75,500,1000,171,171,157,168,0.0761945523839734,0.1516477366920175,0.0343997248022015,3.188063295493636,2.8564155486756104,False,True,True,True,True,True,True,True,True,False,,True,22,5,4
Mono,overall,10,0.9,0.02,3000,75,1000,2000,173,173,173,172,0.0320978583869101,0.2330265913514611,0.0672133351256889,7.058778061567415,2.453353945422772,False,True,True,True,True,True,True,True,True,False,,True,23,12,10
Mono,overall,10,0.9,0.02,3000,100,100,194,130,130,84,113,0.0737513007284079,0.0438572538572538,0.0115682766845557,0.182051282051282,0.9506261180679786,False,True,True,True,True,True,True,True,True,False,,True,19,1,1
Mono,overall,10,0.9,0.02,3000,100,250,500,167,167,133,161,0.0980723352739055,0.095816925225078,0.0180362167231801,1.275340884496068,3.2335690065651828,False,True,True,True,True,True,True,True,True,False,,True,22,3,2
Mono,overall,10,0.9,0.02,3000,100,500,1000,174,174,162,171,0.0847889929471615,0.1584454536092121,0.0332203840276393,3.1187960932828385,2.922662945983656,False,True,True,True,True,True,True,True,True,False,,True,23,6,5
Mono,overall,10,0.9,0.02,3000,100,1000,2000,174,174,173,173,0.0432165425052862,0.2311810596420989,0.0664407680552787,6.977709122317454,2.442993821008571,False,True,True,True,True,True,True,True,True,False,,True,23,11,9
Mono,overall,10,0.9,0.02,4000,10,100,200,46,46,41,45,0.0423272559122737,0.2605185486579349,0.0966183574879227,2.688405797101449,2.172463768115942,False,True,False,False,False,False,False,False,True,False,,False,5,0,0
Mono,overall,10,0.9,0.02,4000,10,250,454,46,46,46,46,0.0130257561436672,0.4595521139870495,0.2193236714975845,6.724154589371981,1.9739130434782608,False,True,False,False,False,False,False,False,True,False,,False,5,0,0
Mono,overall,10,0.9,0.02,4000,10,500,509,47,47,47,47,0.0077238110969976,0.4951131017969311,0.2354301572617946,7.080481036077706,1.9764107308048104,False,True,False,False,False,False,False,False,True,False,,False,6,0,0
Mono,overall,10,0.9,0.02,4000,10,1000,464,46,46,46,46,0.0087588533355728,0.4695055157895155,0.2241545893719806,6.857971014492754,1.9628019323671493,False,True,False,False,False,False,False,False,True,False,,False,5,0,0
Mono,overall,10,0.9,0.02,4000,25,100,200,94,94,70,88,0.0656094953537457,0.0931158085413404,0.022878059940517,0.6482498284145505,2.3930450697780827,False,True,True,True,True,False,False,True,True,False,,True,17,0,0
Mono,overall,10,0.9,0.02,4000,25,250,500,99,99,88,99,0.0594145267349031,0.1761790469224852,0.0515357658214801,2.742630385487528,2.629560915275201,False,True,True,True,True,False,False,True,True,False,,True,17,4,3
Mono,overall,10,0.9,0.02,4000,25,500,1000,100,100,97,100,0.0297507747933884,0.2538971407910718,0.101010101010101,6.507575757575758,2.255858585858586,False,True,True,True,True,False,False,True,True,False,,True,18,10,6
Mono,overall,10,0.9,0.02,4000,25,1000,2000,101,101,101,101,0.0106563009769295,0.4404113146584194,0.198019801980198,13.68940594059406,1.926237623762376,False,True,True,True,True,False,False,True,True,False,,True,18,8,4
Mono,overall,10,0.9,0.02,4000,50,100,200,126,126,77,113,0.0908610026041666,0.0505240675040173,0.0126984126984126,0.1017142857142857,0.3654603174603175,False,True,True,True,False,True,False,True,True,False,,True,16,2,2
Mono,overall,10,0.9,0.02,4000,50,250,500,153,153,129,147,0.026063712298448,0.0933481115834056,0.0214998280013759,1.457731338149295,3.030271757825937,False,True,True,True,True,True,True,True,True,False,,True,21,0,0
Mono,overall,10,0.9,0.02,4000,50,500,1000,156,156,147,155,0.0230703258007119,0.1471418257879228,0.0413564929693962,3.557113316790736,2.8592224979321754,False,True,True,True,True,True,False,True,True,False,,True,20,6,4
Mono,overall,10,0.9,0.02,4000,50,1000,2000,156,156,155,156,0.020685605603188,0.2316481387671229,0.0827129859387924,8.307733664185276,2.3492142266335816,False,True,True,True,True,True,False,True,True,False,,True,20,10,6
Mono,overall,10,0.9,0.02,4000,75,100,197,128,128,81,115,0.0677472635144592,0.0410991479925303,0.0121186023622047,0.0962106299212598,0.3423351377952756,False,True,True,True,False,True,True,True,True,False,,False,17,3,2
Mono,overall,10,0.9,0.02,4000,75,250,500,170,170,129,166,0.0686144581028754,0.1117880407537088,0.0174034110685694,1.2082144100243648,3.131430560389836,False,True,True,True,True,True,True,True,True,False,,True,23,4,3
Mono,overall,10,0.9,0.02,4000,75,500,1000,174,174,159,173,0.0679518344734015,0.1375088964683294,0.0332203840276393,3.002856953026377,3.0406949704338584,False,True,True,True,True,True,True,True,True,False,,True,23,8,6
Mono,overall,10,0.9,0.02,4000,75,1000,2000,175,175,174,175,0.0358230846011292,0.1955901029111082,0.0656814449917898,7.1069293924466335,2.524137931034483,False,True,True,True,True,True,True,True,True,False,,True,23,10,7
Mono,overall,10,0.9,0.02,4000,100,100,197,129,129,82,117,0.1044448845631507,0.0380503622637685,0.0119307170542635,0.09859496124031,0.3531976744186046,False,True,True,True,False,True,True,True,True,False,,False,16,3,2
Mono,overall,10,0.9,0.02,4000,100,250,500,167,167,135,160,0.0785816769395116,0.0712111718880789,0.0180362167231801,1.2669720799365125,3.064677873169324,False,True,True,True,True,True,True,True,True,False,,True,23,1,1
Mono,overall,10,0.9,0.02,4000,100,500,1000,172,172,161,170,0.0608627983954054,0.1206720065645076,0.0339997280021759,3.1783625730994154,2.904596763225894,False,True,True,True,True,True,True,True,True,False,,True,23,3,2
Mono,overall,10,0.9,0.02,4000,100,1000,2000,175,175,174,175,0.0605441298420194,0.1974931650061931,0.0656814449917898,7.090903119868637,2.5265024630541872,False,True,True,True,True,True,True,True,True,False,,True,23,10,7
Mono,overall,10,0.9,0.03,2000,10,100,199,33,33,32,32,0.0358168574401664,0.5007129916502276,0.1884469696969697,3.5625,2.0321969696969697,False,True,False,False,False,False,False,False,False,False,,False,4,0,0
Mono,overall,10,0.9,0.03,2000,10,250,204,34,34,33,33,0.0139847999691369,0.5155024542021446,0.1818181818181818,3.3484848484848486,2.087344028520499,False,False,False,False,False,False,False,False,False,False,,False,3,0,0
Mono,overall,10,0.9,0.03,2000,10,500,204,34,34,33,33,0.0223178118128158,0.5155024542021446,0.1818181818181818,3.3484848484848486,2.087344028520499,False,False,False,False,False,False,False,False,False,False,,False,3,0,0
Mono,overall,10,0.9,0.03,2000,10,1000,203,34,34,33,33,0.0223178118128158,0.5155024542021446,0.1809269162210338,3.3101604278074865,2.0953654188948305,False,False,False,False,False,False,False,False,False,False,,False,3,0,0
Mono,overall,10,0.9,0.03,2000,25,100,199,88,88,64,84,0.0412389807994203,0.0987791879837334,0.025992685475444,0.9170585161964472,2.70807210031348,False,True,False,True,True,False,False,False,True,False,,True,13,0,0
Mono,overall,10,0.9,0.03,2000,25,250,500,94,94,86,94,0.0649545315776566,0.2253125013704729,0.0571951498512926,2.99027682452528,2.749828414550446,False,True,False,True,True,False,False,False,True,False,,True,15,1,0
Mono,overall,10,0.9,0.03,2000,25,500,1000,94,94,93,94,0.0196191459223835,0.3760643689391358,0.1143902997025852,6.187371310912835,2.324410889956532,False,True,False,True,True,False,False,False,True,False,,True,15,3,1
Mono,overall,10,0.9,0.03,2000,25,1000,1298,93,93,93,92,0.0116601154511354,0.4710008850618561,0.1517064048620851,8.009467040673211,2.136863020102852,False,True,False,True,True,False,False,False,True,False,,True,15,5,1
Mono,overall,10,0.9,0.03,2000,50,100,198,113,113,78,107,0.051526661796932,0.0532390912921886,0.0156447534766118,0.5474083438685209,2.888590391908976,False,True,False,True,True,True,False,False,True,False,,True,16,1,1
Mono,overall,10,0.9,0.03,2000,50,250,500,140,140,116,139,0.0686011319128202,0.155165866039705,0.0256937307297019,1.703956834532374,3.036382322713258,False,True,False,True,True,True,True,True,True,False,,True,20,1,1
Mono,overall,10,0.9,0.03,2000,50,500,1000,144,144,135,143,0.0492720118768072,0.2305540194562017,0.0485625485625485,3.701874514374514,2.6894910644910643,False,True,False,True,True,True,True,True,True,False,,True,20,3,1
Mono,overall,10,0.9,0.03,2000,50,1000,1992,143,143,141,141,-0.0004623809629761,0.3620868614011254,0.0980990840145769,7.6719196296661085,2.2450014773958435,False,True,False,True,True,True,False,True,True,False,,True,19,5,1
Mono,overall,10,0.9,0.03,2000,75,100,194,116,116,78,106,0.0814894442951416,0.0497468527640941,0.0145427286356821,0.49047976011994,2.6152923538230883,False,True,True,True,True,True,True,False,True,False,,True,18,1,1
Mono,overall,10,0.9,0.03,2000,75,250,500,148,148,118,145,0.1031750211875565,0.1391010691978183,0.0229821658393086,1.566188637617209,2.998712998712999,False,True,True,True,True,True,True,True,True,False,,True,23,3,3
Mono,overall,10,0.9,0.03,2000,75,500,1000,156,156,143,153,0.0743122873817921,0.2055003145788912,0.0413564929693962,3.342555831265509,2.667741935483871,False,True,True,True,True,True,True,True,True,False,,True,23,5,3
Mono,overall,10,0.9,0.03,2000,75,1000,2000,160,160,158,156,0.0217185112207774,0.3283941437642043,0.0786163522012578,6.663993710691824,2.340683962264151,False,True,True,True,True,True,True,True,True,False,,True,23,7,3
Mono,overall,10,0.9,0.03,2000,100,100,194,117,117,80,108,0.1122548440453685,0.0489880489880489,0.0142941349837901,0.5111258473327439,2.8166814028883,False,True,True,True,True,True,True,False,True,False,,True,18,1,1
Mono,overall,10,0.9,0.03,2000,100,250,500,149,149,117,146,0.128643182394936,0.1369620682198996,0.0226736803918011,1.517322691819336,3.0242154906584435,False,True,True,True,True,True,True,True,True,False,,True,23,3,3
Mono,overall,10,0.9,0.03,2000,100,500,1000,158,158,141,153,0.0938070541095116,0.2089827771857918,0.0403128275417237,3.224582762234943,2.5597839232443764,False,True,True,True,True,True,True,True,True,False,,True,23,5,3
Mono,overall,10,0.9,0.03,2000,100,1000,2000,161,161,158,157,0.0342783443295339,0.338726071786894,0.077639751552795,6.594371118012423,2.3203804347826087,False,True,True,True,True,True,True,True,True,False,,True,23,7,3
Mono,overall,10,0.9,0.03,3000,10,100,200,42,42,40,42,0.0407391690135411,0.3851560233139182,0.1161440185830429,2.8792102206736354,2.260743321718932,False,False,False,False,False,False,False,False,True,False,,False,5,0,0
Mono,overall,10,0.9,0.03,3000,10,250,346,44,44,44,44,0.0177228786251342,0.5139692385700917,0.1828752642706131,4.612579281183932,2.1437632135306552,False,False,False,True,False,False,True,False,True,False,,True,8,4,0
Mono,overall,10,0.9,0.03,3000,10,500,305,42,42,41,42,0.0102280617422421,0.5165295621910624,0.1771196283391405,4.35075493612079,2.092334494773519,False,False,False,False,False,False,False,False,True,False,,False,5,0,0
Mono,overall,10,0.9,0.03,3000,10,1000,366,45,45,45,45,0.0298903475680297,0.5211220158556398,0.1848484848484848,4.780808080808081,2.138888888888889,False,False,False,True,False,False,True,False,True,False,,True,8,4,0
Mono,overall,10,0.9,0.03,3000,25,100,200,97,97,70,95,0.0755149388863739,0.0977026982181621,0.0214776632302405,0.8152920962199313,3.085803264604811,False,True,False,True,True,False,False,True,True,False,,True,14,1,0
Mono,overall,10,0.9,0.03,3000,25,250,500,102,102,88,102,0.0573855030293367,0.1633814432200921,0.048534265191225,2.7119976703552706,2.664337021937488,False,True,False,True,True,False,False,True,True,False,,True,15,1,0
Mono,overall,10,0.9,0.03,3000,25,500,1000,100,100,98,100,0.0459283219010809,0.2794997633027387,0.101010101010101,6.350505050505051,2.3065656565656565,False,True,False,True,True,False,False,True,True,False,,True,15,3,1
Mono,overall,10,0.9,0.03,3000,25,1000,1881,100,100,99,100,0.0150162051225896,0.4763678396629625,0.19,12.125656565656566,1.923636363636364,False,True,False,True,True,False,False,True,True,False,,True,15,5,2
Mono,overall,10,0.9,0.03,3000,50,100,200,129,129,77,119,0.0425975165154463,0.0296603912882982,0.0121124031007751,0.2099079457364341,0.915092054263566,False,True,False,True,True,True,True,False,True,False,,True,18,0,0
Mono,overall,10,0.9,0.03,3000,50,250,500,148,148,121,146,0.0403746469976219,0.1202290873343504,0.0229821658393086,1.5677054605626035,3.058558558558558,False,True,False,True,True,True,True,True,True,False,,True,20,2,1
Mono,overall,10,0.9,0.03,3000,50,500,1000,154,154,140,153,0.0338894490563082,0.1678050339742187,0.0424412189118071,3.537942449707156,2.702529496647144,False,True,False,True,True,True,True,True,True,False,,True,19,2,1
Mono,overall,10,0.9,0.03,3000,50,1000,2000,154,154,149,154,0.0251621441943101,0.2956686554537279,0.0848824378236142,7.659494100670571,2.263475087004499,False,True,False,True,True,True,True,True,True,False,,True,20,4,1
Mono,overall,10,0.9,0.03,3000,75,100,191,127,127,79,114,0.1280121831049001,0.0336389769460635,0.0119360079990001,0.1810398700162479,0.8695163104611924,False,True,True,True,True,True,True,False,True,False,,True,19,0,0
Mono,overall,10,0.9,0.03,3000,75,250,499,160,160,130,159,0.1031970699432892,0.0889828718645475,0.0196147798742138,1.393867924528302,3.288246855345912,False,True,True,True,True,True,True,True,True,False,,True,23,4,3
Mono,overall,10,0.9,0.03,3000,75,500,1000,172,172,154,170,0.0758145151551745,0.1345684388275311,0.0339997280021759,3.094315245478036,2.8124915000679995,False,True,True,True,True,True,True,True,True,False,,True,23,6,4
Mono,overall,10,0.9,0.03,3000,75,1000,2000,172,172,166,172,0.0436713588049411,0.2432748113228575,0.0679994560043519,6.716374269005848,2.384706922344621,False,True,True,True,True,True,True,True,True,False,,True,23,7,4
Mono,overall,10,0.9,0.03,3000,100,100,194,129,129,79,117,0.1344665642722117,0.0297705739566204,0.0117490310077519,0.2251695736434108,1.2307412790697674,False,True,True,True,True,True,True,False,True,False,,True,19,0,0
Mono,overall,10,0.9,0.03,3000,100,250,500,162,162,129,161,0.1183751552341296,0.1260161705795807,0.0191703090253814,1.3582547350663292,3.1626409017713364,False,True,True,True,True,True,True,True,True,False,,True,22,4,3
Mono,overall,10,0.9,0.03,3000,100,500,1000,173,173,157,171,0.1057717278393351,0.1356932184967658,0.0336066675628444,3.06781825514182,2.9280817314155128,False,True,True,True,True,True,True,True,True,False,,True,23,6,4
Mono,overall,10,0.9,0.03,3000,100,1000,2000,173,173,168,173,0.066767863519143,0.2411172417948139,0.0672133351256889,6.713335125688936,2.414202177712058,False,True,True,True,True,True,True,True,True,False,,True,23,7,4
Mono,overall,10,0.9,0.03,4000,10,100,200,43,43,41,43,0.0125677103976747,0.3226165990871875,0.1107419712070874,3.0376522702104096,2.411960132890365,False,False,False,False,False,False,False,False,True,False,,True,6,0,0
Mono,overall,10,0.9,0.03,4000,10,250,450,43,43,43,43,-0.0044619570015006,0.5212383756511468,0.2491694352159468,7.175526024363234,1.8909191583610188,False,False,False,False,False,False,True,False,True,False,,True,7,2,0
Mono,overall,10,0.9,0.03,4000,10,500,449,43,43,43,43,0.0022605335995649,0.5405367987125088,0.2486157253599114,6.9784053156146175,1.8947951273532668,False,False,False,False,False,False,False,False,True,False,,True,6,2,0
Mono,overall,10,0.9,0.03,4000,10,1000,476,44,44,44,44,-0.0011851665879017,0.5245291512381093,0.2515856236786469,7.304968287526427,1.8858350951374208,False,False,False,True,False,False,True,False,True,False,,True,8,5,0
Mono,overall,10,0.9,0.03,4000,25,100,200,94,94,68,89,0.0645285824587491,0.0698603406050214,0.022878059940517,0.7041866849691146,2.8302447952413634,False,True,True,True,True,False,True,True,True,False,,True,16,2,1
Mono,overall,10,0.9,0.03,4000,25,250,500,102,102,89,101,0.0468597510622644,0.1642916496381257,0.048534265191225,2.83954571927781,2.6187148126577364,False,True,True,True,True,False,True,True,True,False,,True,18,2,1
Mono,overall,10,0.9,0.03,4000,25,500,1000,102,102,99,102,0.0558375870872129,0.2534101515218588,0.09706853038245,6.340031061929722,2.314502038439138,False,True,True,True,True,False,False,True,True,False,,True,17,3,1
Mono,overall,10,0.9,0.03,4000,25,1000,2000,101,101,101,101,0.0242594578140424,0.432278966774676,0.198019801980198,13.806831683168316,1.9132673267326727,False,True,True,True,True,False,True,True,True,False,,True,17,7,3
Mono,overall,10,0.9,0.03,4000,50,100,190,121,121,75,111,0.0510007304601899,0.0496584223856951,0.0130853994490358,0.2793388429752066,1.4078512396694214,False,True,True,True,True,True,True,True,True,False,,True,17,1,1
Mono,overall,10,0.9,0.03,4000,50,250,500,152,152,116,145,0.0355667717068133,0.1105136113456546,0.021784593935169,1.3809689787382364,2.734184384803067,False,True,True,True,True,True,True,True,True,False,,True,20,4,3
Mono,overall,10,0.9,0.03,4000,50,500,1000,154,154,140,154,0.0390393596690856,0.1484033677017473,0.0424412189118071,3.553688141923436,2.6904337492572785,False,True,True,True,True,True,True,True,True,False,,True,21,5,4
Mono,overall,10,0.9,0.03,4000,50,1000,2000,155,155,153,155,0.021291650747049,0.2388720809171222,0.0837871805613741,8.191663175534144,2.3347716799329703,False,True,True,True,True,True,True,True,True,False,,True,21,7,4
Mono,overall,10,0.9,0.03,4000,75,100,193,128,128,80,116,0.1367210082090415,0.0458762591575091,0.0118725393700787,0.1874384842519685,0.8695866141732284,False,True,True,True,True,True,True,True,True,False,,False,19,1,1
Mono,overall,10,0.9,0.03,4000,75,250,500,167,167,125,160,0.0928425822072673,0.1136241555996473,0.0180362167231801,1.0968905562369238,2.538922155688623,False,True,True,True,True,True,True,True,True,False,,True,23,5,4
Mono,overall,10,0.9,0.03,4000,75,500,1000,172,172,153,170,0.0852841446124764,0.1452604847416077,0.0339997280021759,2.997008023935809,2.743676050591595,False,True,True,True,True,True,True,True,True,False,,True,23,7,6
Mono,overall,10,0.9,0.03,4000,75,1000,2000,172,172,171,172,0.0586573290797931,0.2133676453419878,0.0679994560043519,7.225962192302462,2.4898340813273494,False,True,True,True,True,True,True,True,True,False,,True,23,7,6
Mono,overall,10,0.9,0.03,4000,100,100,191,129,129,76,117,0.1534112490869248,0.0431519815240745,0.0115673449612403,0.1793846899224806,0.8255208333333334,False,True,True,True,True,True,True,True,True,False,,False,18,1,1
Mono,overall,10,0.9,0.03,4000,100,250,500,168,168,126,160,0.1263623060902039,0.117126390029696,0.017821499857428,1.0723196464214428,2.442828628457371,False,True,True,True,True,True,True,True,True,False,,True,23,5,4
Mono,overall,10,0.9,0.03,4000,100,500,1000,173,173,155,173,0.1111995293790326,0.1360570975634925,0.0336066675628444,2.997613926603038,2.8494421293184566,False,True,True,True,True,True,True,True,True,False,,True,23,7,6
Mono,overall,10,0.9,0.03,4000,100,1000,2000,173,173,171,173,0.0700816141818295,0.2136486604490202,0.0672133351256889,7.1069028095174085,2.483431912891518,False,True,True,True,True,True,True,True,True,False,,True,23,7,6
Mono,overall,5,0.5,0.005,2000,10,100,200,44,44,42,42,0.0351597128885584,0.2814701081746537,0.1057082452431289,2.6633192389006344,2.4281183932346724,False,True,False,False,False,False,False,False,True,False,,False,6,0,0
Mono,overall,5,0.5,0.005,2000,10,250,317,47,47,47,43,0.0092132517570431,0.4369095452380049,0.1466234967622571,3.613783533765032,2.2682701202590194,False,True,False,False,False,False,False,False,True,False,,False,6,0,0
Mono,overall,5,0.5,0.005,2000,10,500,333,50,50,50,47,0.0010383285545623,0.4095047126985478,0.1359183673469387,3.603265306122449,2.3869387755102043,False,True,False,False,False,False,False,False,True,False,,False,7,0,0
Mono,overall,5,0.5,0.005,2000,10,1000,348,50,50,50,47,0.0068248150077141,0.4276543668438271,0.1420408163265306,3.762857142857143,2.386122448979592,False,True,False,False,False,False,False,False,True,False,,False,7,0,0
Mono,overall,5,0.5,0.005,2000,25,500,1000,98,98,97,97,0.0015281227173119,0.3556354438261352,0.1051967178624027,5.930464969492951,2.40889964233116,False,True,True,True,True,True,False,True,True,False,,True,16,6,3
Mono,overall,5,0.5,0.005,2000,25,1000,1221,97,97,97,96,-0.0083097470405673,0.3975503803659515,0.1311211340206185,7.4196735395189,2.259128006872852,False,True,True,True,True,True,False,True,True,False,,True,16,7,3
Mono,overall,5,0.5,0.005,2000,50,100,198,119,119,82,109,0.0566726623533517,0.048672802454315,0.0141005554764278,0.5019228030195129,2.650192280301951,False,True,True,True,True,True,True,True,True,False,,True,18,2,2
Mono,overall,5,0.5,0.005,2000,50,250,500,139,139,110,137,0.045601020299713,0.1524413215999512,0.026066103638828,1.703889062662913,2.8725888854134083,False,True,True,True,True,True,True,True,True,False,,True,19,2,2
Mono,overall,5,0.5,0.005,2000,50,500,1000,145,145,137,144,0.02340700005252,0.1997374572786612,0.0478927203065134,3.805316091954023,2.823419540229885,False,True,True,True,True,True,True,True,True,False,,True,19,2,2
Mono,overall,5,0.5,0.005,2000,50,1000,2000,146,146,146,146,0.0142109866666666,0.3110044460947748,0.0944733112895607,7.910486537553141,2.4033538025507792,False,True,True,True,True,True,True,True,True,False,,True,20,8,4
Mono,overall,5,0.5,0.005,2000,75,100,199,124,124,87,107,0.037869822485207,0.0485119047619047,0.0130474691843692,0.3590348806713873,1.706464725937582,False,True,True,True,True,True,True,True,True,False,,True,21,1,1
Mono,overall,5,0.5,0.005,2000,75,250,499,160,160,132,153,0.0772811563277955,0.1036227552225036,0.0196147798742138,1.4269654088050314,3.2875,False,True,True,True,True,True,True,True,True,False,,True,23,2,2
Mono,overall,5,0.5,0.005,2000,75,1000,2000,170,170,168,168,0.015604686318972,0.2622909249328643,0.0696136442742777,6.585033066481031,2.480194918203968,False,True,True,True,True,True,True,True,True,False,,True,24,9,5
Mono,overall,5,0.5,0.005,2000,100,100,198,130,130,86,114,0.0579896907216494,0.0453774003774003,0.0118067978533094,0.3153846153846154,1.482230172927847,False,True,True,True,True,True,True,True,True,False,,True,20,2,2
Mono,overall,5,0.5,0.005,2000,100,250,500,155,155,122,147,0.029636403664753,0.1051869216675778,0.0209467951403435,1.3624633431085045,2.648051948051948,False,True,True,True,True,True,True,True,True,False,,True,23,2,2
Mono,overall,5,0.5,0.005,2000,100,500,1000,170,170,159,165,0.0548725827074113,0.1734238034478266,0.0348068221371388,3.0595196658545074,2.809049773755656,False,True,True,True,True,True,True,True,True,False,,True,23,3,3
Mono,overall,5,0.5,0.005,2000,100,1000,2000,172,172,171,171,0.0144602672292545,0.2467017354164105,0.0679994560043519,6.583775329797362,2.553345573235414,False,True,True,True,True,True,True,True,True,False,,True,24,8,5
Mono,overall,5,0.5,0.005,3000,10,100,200,48,48,45,47,0.0326929606156631,0.2683055793896755,0.0886524822695035,2.350177304964539,2.6502659574468086,False,True,False,False,False,False,False,False,True,False,,False,7,0,0
Mono,overall,5,0.5,0.005,3000,10,250,379,48,48,48,47,-0.0002535154137371,0.5279727347943436,0.1679964539007092,4.290336879432624,2.3102836879432624,False,True,False,False,False,False,False,False,True,False,,False,7,1,0
Mono,overall,5,0.5,0.005,3000,10,500,378,48,48,48,46,3.8249368885413934e-05,0.5335552675150342,0.1675531914893617,4.25,2.2109929078014185,False,True,False,False,False,False,False,False,True,False,,False,7,1,0
Mono,overall,5,0.5,0.005,3000,10,1000,377,48,48,48,46,0.0004574056974795,0.5331934553963593,0.1671099290780142,4.246010638297872,2.211436170212766,False,True,False,False,False,False,False,False,True,False,,False,7,1,0
Mono,overall,5,0.5,0.005,3000,25,250,500,95,95,84,95,0.0217697682771036,0.2310094917370579,0.0559910414333706,2.892049272116461,2.5733482642777155,False,True,True,True,True,True,False,True,True,False,,True,16,2,2
Mono,overall,5,0.5,0.005,3000,25,500,1000,97,97,97,97,0.0061926234246733,0.3344951649635083,0.1073883161512027,6.107817869415808,2.446520618556701,False,True,True,True,True,True,False,True,True,False,,True,16,5,2
Mono,overall,5,0.5,0.005,3000,50,500,1000,150,150,137,149,0.0040206414720995,0.1680637837883036,0.0447427293064877,3.606800894854586,2.700447427293065,False,True,True,True,True,True,True,True,True,False,,True,18,3,2
Mono,overall,5,0.5,0.005,3000,75,100,192,121,121,78,105,0.0643390674513354,0.0729180828354382,0.0132231404958677,0.2515840220385675,1.0816804407713498,False,True,False,True,True,True,True,True,True,False,,True,20,2,2
Mono,overall,5,0.5,0.005,3000,75,250,500,163,163,130,155,0.0647210117972154,0.0938736942768358,0.0189350905097326,1.2493372718321594,2.908202681208816,False,True,True,True,True,True,True,True,True,False,,True,22,2,2
Mono,overall,5,0.5,0.005,3000,75,500,1000,168,168,153,163,0.0178222561278694,0.152174867348026,0.035642999714856,3.107071571143428,2.7322854291417165,False,True,True,True,True,True,True,True,True,False,,True,23,3,3
Mono,overall,5,0.5,0.005,3000,75,1000,2000,171,171,170,170,0.017600185094886,0.2413013837621173,0.0687994496044031,6.6649466804265565,2.553147574819401,False,True,True,True,True,True,True,True,True,False,,True,24,7,4
Mono,overall,5,0.5,0.005,3000,100,250,500,165,165,127,152,0.0176351040818994,0.1342297348137325,0.0184774575018477,1.2009238728750924,2.862379896526238,False,True,True,True,True,True,True,True,True,False,,True,23,2,2
Mono,overall,5,0.5,0.005,3000,100,500,1000,169,169,153,163,0.0117214007546647,0.1531553130385358,0.0352211890673429,3.0745984784446323,2.697027331642716,False,True,True,True,True,True,True,True,True,False,,True,23,3,3
Mono,overall,5,0.5,0.005,4000,10,100,200,48,48,43,47,0.0414901387874361,0.281461094947937,0.0886524822695035,2.257978723404255,2.5310283687943262,False,True,False,False,False,False,False,False,True,False,,False,7,0,0
Mono,overall,5,0.5,0.005,4000,10,250,381,48,48,48,47,-0.000777147658055,0.5385642172390576,0.1688829787234042,4.320035460992908,2.304521276595745,False,True,False,False,False,False,False,False,True,False,,False,7,1,0
Mono,overall,5,0.5,0.005,4000,25,100,200,92,92,66,88,0.0520681998848715,0.1028140142750117,0.0238891543239369,0.7652890587673197,2.6559961777353083,False,True,True,True,True,True,False,True,True,False,,True,16,1,1
Mono,overall,5,0.5,0.005,4000,25,250,500,97,97,84,97,-0.0006665649238724,0.224922338641221,0.0536941580756013,2.6571091065292096,2.4621993127147768,False,True,True,True,True,True,False,True,True,False,,True,16,2,2
Mono,overall,5,0.5,0.005,4000,25,500,1000,97,97,96,97,0.0058625274598219,0.341270941150009,0.1073883161512027,6.092031786941581,2.4002362542955327,False,True,True,True,True,True,False,True,True,False,,True,16,5,2
Mono,overall,5,0.5,0.005,4000,25,1000,1544,97,97,97,97,-0.0021709451501373,0.4718124916045206,0.165807560137457,9.445876288659791,2.136168384879725,False,True,True,True,True,True,False,True,True,False,,True,16,9,5
Mono,overall,5,0.5,0.005,4000,50,100,198,117,117,78,105,0.0499342264221858,0.0702357555298731,0.0145888594164456,0.3461538461538461,1.6915708812260537,False,True,False,True,True,True,True,True,True,False,,True,17,1,1
Mono,overall,5,0.5,0.005,4000,50,500,1000,149,149,134,148,0.0125577398924972,0.1851054318054136,0.0453473607836023,3.675630328314892,2.6378106294213675,False,True,True,True,True,True,True,True,True,False,,True,19,2,2
Mono,overall,5,0.5,0.005,4000,50,1000,2000,151,151,150,150,0.0004072455046632,0.2812767508409374,0.0883002207505518,7.707152317880794,2.3940397350993377,False,True,True,True,True,True,True,True,True,False,,True,19,7,3
Mono,overall,5,0.5,0.005,4000,75,100,194,120,120,83,103,0.0422160633800845,0.0840958959341312,0.0135854341736694,0.309733893557423,1.5742296918767509,False,True,False,True,True,True,True,True,True,False,,False,17,1,1
Mono,overall,5,0.5,0.005,4000,75,250,500,162,162,130,153,0.0700903390370922,0.1024418917091775,0.0191703090253814,1.2652403956751783,2.81657848324515,False,True,True,True,True,True,True,True,True,False,,True,22,2,2
Mono,overall,5,0.5,0.005,4000,75,500,1000,168,168,153,162,0.0210709670169129,0.154189802261798,0.035642999714856,3.090105503279156,2.712111491303108,False,True,True,True,True,True,True,True,True,False,,True,23,3,3
Mono,overall,5,0.5,0.01,2000,10,100,200,49,49,43,46,0.0154857560262965,0.2606426586618664,0.0850340136054421,2.220238095238096,2.265731292517007,False,True,False,False,False,False,False,True,True,False,,True,8,1,0
Mono,overall,5,0.5,0.01,2000,10,250,282,46,46,45,41,-0.0067901611328125,0.3927053196874169,0.136231884057971,3.2642512077294685,2.045410628019324,False,True,False,False,False,False,False,True,True,False,,True,8,1,0
Mono,overall,5,0.5,0.01,2000,10,500,360,49,49,49,46,-0.0185605906933344,0.4508104824527557,0.1530612244897959,4.235969387755102,2.1062925170068025,False,True,False,False,False,False,False,True,True,False,,True,8,1,0
Mono,overall,5,0.5,0.01,2000,10,1000,371,49,49,49,46,-0.0128853053508738,0.4666203278374839,0.1577380952380952,4.419642857142857,2.084608843537415,False,True,False,False,False,False,False,True,True,False,,True,8,1,0
Mono,overall,5,0.5,0.01,2000,25,100,200,96,96,69,91,0.0290425152819275,0.0762943349292033,0.0219298245614035,0.668201754385965,2.300438596491228,False,True,False,False,True,True,False,True,True,False,,True,14,0,0
Mono,overall,5,0.5,0.01,2000,25,250,500,100,100,93,99,0.0330387523629489,0.1875631203812116,0.0505050505050505,2.8375757575757574,2.788080808080808,False,True,False,False,True,True,False,True,True,False,,True,14,2,1
Mono,overall,5,0.5,0.01,2000,25,500,1000,98,98,96,97,0.0121970182419189,0.3420844294527193,0.1051967178624027,6.193667157584684,2.278350515463917,False,True,False,True,True,True,False,True,True,False,,True,15,4,2
Mono,overall,5,0.5,0.01,2000,25,1000,1447,99,99,99,98,0.0053340386607595,0.4242529805932622,0.1491445062873634,9.049886621315192,2.111832611832612,False,True,False,False,True,True,False,True,True,False,,True,14,2,1
Mono,overall,5,0.5,0.01,2000,50,100,197,126,126,79,110,0.0586073133680555,0.0737638510194901,0.0125079365079365,0.3102857142857143,1.3125079365079364,False,True,False,True,True,True,True,False,True,False,,True,17,2,2
Mono,overall,5,0.5,0.01,2000,50,250,500,147,147,128,144,0.0788795835219556,0.0913465309007735,0.0232969900288882,1.6877737396328394,3.2684745130929085,False,True,False,True,True,True,True,True,True,False,,True,20,3,2
Mono,overall,5,0.5,0.01,2000,50,500,1000,150,150,139,149,0.0496608337558025,0.1775449539757107,0.0447427293064877,3.640223713646532,2.68407158836689,False,True,False,True,True,True,True,True,True,False,,True,20,5,3
Mono,overall,5,0.5,0.01,2000,50,1000,2000,150,150,150,150,0.0147407731886048,0.296023617834563,0.0894854586129754,7.878255033557047,2.361476510067114,False,True,False,True,True,True,True,True,True,False,,True,20,6,3
Mono,overall,5,0.5,0.01,2000,75,100,195,129,129,87,114,0.0937258714861734,0.0353644746599602,0.0118095930232558,0.212390988372093,0.9718992248062016,False,True,True,True,True,True,True,False,True,False,,True,19,1,1
Mono,overall,5,0.5,0.01,2000,75,250,500,169,169,134,162,0.0860430236729613,0.0783750899765144,0.0176105945336714,1.2907509157509158,3.101331360946745,False,True,True,True,True,True,True,True,True,False,,True,23,3,3
Mono,overall,5,0.5,0.01,2000,75,500,1000,176,176,163,173,0.0548615736002038,0.1297769226601183,0.0324675324675324,3.020844155844156,2.917012987012987,False,True,True,True,True,True,True,True,True,False,,True,24,7,5
Mono,overall,5,0.5,0.01,2000,75,1000,1998,176,176,175,176,0.0236180821818133,0.229534625527124,0.0648701298701298,6.663116883116883,2.513766233766234,False,True,True,True,True,True,True,True,True,False,,True,24,8,5
Mono,overall,5,0.5,0.01,2000,100,100,194,129,129,77,113,0.094538226813359,0.0493226842064051,0.0117490310077519,0.2088178294573643,0.8427204457364341,False,True,False,True,False,True,True,True,True,False,,True,18,2,2
Mono,overall,5,0.5,0.01,2000,100,250,500,169,169,132,165,0.1093665201939741,0.0758370119430211,0.0176105945336714,1.2698647506339813,2.9876373626373627,False,True,True,True,True,True,True,True,True,False,,True,23,3,3
Mono,overall,5,0.5,0.01,2000,100,500,1000,176,176,163,173,0.0760416936088766,0.1329360380868711,0.0324675324675324,3.004220779220779,2.9195454545454544,False,True,True,True,True,True,True,True,True,False,,True,24,8,6
Mono,overall,5,0.5,0.01,2000,100,1000,1998,177,177,176,177,0.0302218464562376,0.2246192582280045,0.0641371340523882,6.600956599897278,2.524139702105804,False,True,True,True,True,True,True,True,True,False,,True,24,10,7
Mono,overall,5,0.5,0.01,3000,10,100,200,48,48,41,47,0.0209242697109367,0.2413391798260219,0.0886524822695035,2.351063829787234,2.328014184397163,False,True,False,False,False,False,False,True,True,False,,True,8,1,0
Mono,overall,5,0.5,0.01,3000,10,250,408,50,50,50,47,0.0074537037037037,0.4361619252225863,0.1665306122448979,4.875510204081633,2.027755102040816,False,True,False,False,False,False,False,True,True,False,,True,8,1,0
Mono,overall,5,0.5,0.01,3000,10,500,394,49,49,49,46,0.0020957274202271,0.4316651842023867,0.167517006802721,4.820578231292517,2.012329931972789,False,True,False,False,False,False,False,True,True,False,,True,8,1,0
Mono,overall,5,0.5,0.01,3000,10,1000,407,49,49,49,46,0.0092569557576098,0.4357969118715637,0.1730442176870748,5.010204081632653,1.9885204081632653,False,True,False,False,False,False,False,True,True,False,,True,8,1,0
Mono,overall,5,0.5,0.01,3000,25,100,200,96,96,66,93,0.0204215893204681,0.0912829715219421,0.0219298245614035,0.668201754385965,2.8593201754385964,False,True,True,False,True,True,False,True,True,False,,True,14,1,1
Mono,overall,5,0.5,0.01,3000,25,250,500,101,101,91,100,0.0125489589775304,0.159855136518007,0.0495049504950495,2.828712871287129,2.721881188118812,False,True,True,False,True,True,False,True,True,False,,True,15,4,2
Mono,overall,5,0.5,0.01,3000,25,500,1000,101,101,97,100,0.012333112195871,0.288204774428317,0.099009900990099,6.129009900990099,2.253465346534653,False,True,True,False,True,True,False,True,True,False,,True,15,4,2
Mono,overall,5,0.5,0.01,3000,25,1000,1899,101,101,101,100,-0.0011936592114024,0.4798814018496988,0.188019801980198,12.014257425742574,1.9532673267326728,False,True,True,False,True,True,False,True,True,False,,True,15,4,2
Mono,overall,5,0.5,0.01,3000,50,100,198,122,122,78,107,0.0365395685425289,0.04254088352449,0.0134128166915052,0.1719279230456577,0.6745020999864517,False,True,True,True,True,True,True,False,True,False,,True,17,2,2
Mono,overall,5,0.5,0.01,3000,50,250,500,148,148,127,144,0.0599956725763046,0.1002694568097044,0.0229821658393086,1.691855120426549,3.5826438683581543,False,True,True,True,True,True,True,True,True,False,,True,21,3,3
Mono,overall,5,0.5,0.01,3000,50,500,1000,149,149,145,148,0.0432728041365255,0.1499234992788683,0.0453473607836023,3.923408307636496,2.861735896970796,False,True,True,True,True,True,True,True,True,False,,True,21,6,4
Mono,overall,5,0.5,0.01,3000,50,1000,2000,152,152,150,152,0.0196211489051576,0.2610297479830163,0.0871383757406761,8.058426280934123,2.3196235622168,False,True,True,True,True,True,True,True,True,False,,True,21,8,6
Mono,overall,5,0.5,0.01,3000,75,100,198,129,129,79,110,0.0615184300249671,0.0389588447727982,0.0119912790697674,0.133781492248062,0.5511749031007752,False,True,False,True,True,True,True,False,True,False,,True,18,2,2
Mono,overall,5,0.5,0.01,3000,75,250,500,166,166,132,159,0.0896797783933517,0.0892905461208083,0.0182548375319459,1.1932822197882438,2.885359620299379,False,True,True,True,True,True,True,True,True,False,,True,24,4,4
Mono,overall,5,0.5,0.01,3000,75,500,1000,175,175,163,172,0.0478675765249294,0.1314407702430097,0.0328407224958949,3.0592446633825943,2.9386206896551723,False,True,True,True,True,True,True,True,True,False,,True,24,7,5
Mono,overall,5,0.5,0.01,3000,75,1000,2000,175,175,173,175,0.0326691211770657,0.2207823104040447,0.0656814449917898,6.831231527093596,2.495270935960592,False,True,True,True,True,True,True,True,True,False,,True,24,11,9
Mono,overall,5,0.5,0.01,3000,100,100,196,130,130,83,113,0.1115096952908587,0.0625372063833602,0.0116875372689326,0.2005963029218843,0.905545617173524,False,True,False,True,True,True,True,True,True,False,,True,19,2,2
Mono,overall,5,0.5,0.01,3000,100,250,500,169,169,133,160,0.0761496555039256,0.0754684286056224,0.0176105945336714,1.1452521837137222,2.885178923640462,False,True,True,True,True,True,True,True,True,False,,True,23,5,4
Mono,overall,5,0.5,0.01,3000,100,500,1000,177,177,164,174,0.0620791867649265,0.1249683450634407,0.032100667693888,3.024910118130457,2.935349255264509,False,True,True,True,True,True,True,True,True,False,,True,24,7,5
Mono,overall,5,0.5,0.01,3000,100,1000,2000,178,178,176,178,0.0491966297104271,0.2028314682590056,0.0634799720688122,6.735828096235638,2.523836729511839,False,True,True,True,True,True,True,True,True,False,,True,24,10,8
Mono,overall,5,0.5,0.01,4000,10,100,200,49,49,45,47,0.0152992650633418,0.2018720508516427,0.0850340136054421,2.4468537414965987,2.379251700680272,False,True,False,False,False,False,False,True,True,False,,True,8,1,0
Mono,overall,5,0.5,0.01,4000,10,250,470,50,50,50,48,-0.0045881102071005,0.4850156905304789,0.1918367346938775,5.686530612244898,1.993469387755102,False,True,False,False,False,False,False,True,True,False,,True,8,1,0
Mono,overall,5,0.5,0.01,4000,10,500,482,50,50,50,48,-0.0079279763504434,0.4851396887187127,0.196734693877551,5.85469387755102,1.9824489795918367,False,True,False,False,False,False,False,True,True,False,,True,8,1,0
Mono,overall,5,0.5,0.01,4000,10,1000,497,50,50,50,47,-0.0067273415974387,0.5074296105814188,0.2028571428571428,6.051020408163265,1.8885714285714288,False,True,False,False,False,False,False,True,True,False,,True,8,1,0
Mono,overall,5,0.5,0.01,4000,25,100,200,95,95,69,90,-0.0093199199583344,0.064598215681807,0.0223964165733482,0.5191489361702127,1.7042553191489362,False,True,True,False,True,True,False,True,True,False,,True,14,1,1
Mono,overall,5,0.5,0.01,4000,25,250,500,99,99,91,99,0.0027551984877126,0.1394935405745595,0.0515357658214801,2.951556380127809,2.70892599464028,False,True,True,False,True,True,False,True,True,False,,True,15,3,2
Mono,overall,5,0.5,0.01,4000,25,500,1000,100,100,99,100,0.0097540799867452,0.2749163743134,0.101010101010101,6.294545454545455,2.376868686868687,False,True,True,False,True,True,False,True,True,False,,True,15,4,2
Mono,overall,5,0.5,0.01,4000,25,1000,2000,99,99,99,99,0.002024685483571,0.4869360467657395,0.2061430632859204,13.112347969490829,1.9541331684188827,False,True,True,False,True,True,False,True,True,False,,True,15,5,3
Mono,overall,5,0.5,0.01,4000,50,100,200,123,123,82,106,0.0758006926360439,0.0469186639918347,0.0133280021324803,0.1658003465280554,0.6386778621884579,False,True,True,True,True,True,True,False,True,False,,True,18,2,2
Mono,overall,5,0.5,0.01,4000,50,250,500,150,150,121,145,0.0697882565081143,0.0948673550174564,0.0223713646532438,1.4660402684563758,3.0520357941834453,False,True,True,True,True,True,True,True,True,False,,True,22,4,4
Mono,overall,5,0.5,0.01,4000,50,500,1000,152,152,144,152,0.0529893629321308,0.1453266858623822,0.043569187870338,3.8038079470198674,2.9159550365981177,False,True,True,True,True,True,True,True,True,False,,True,22,6,4
Mono,overall,5,0.5,0.01,4000,50,1000,2000,152,152,150,152,0.025298324797642,0.2502338153167674,0.0871383757406761,8.141556291390728,2.331561519693273,False,True,True,True,True,True,True,True,True,False,,True,22,8,6
Mono,overall,5,0.5,0.01,4000,75,100,197,134,134,85,116,0.088484416545599,0.0701950205681549,0.0110537537874537,0.1118280776568286,0.4048928290876444,False,True,True,True,True,True,True,False,True,False,,True,18,2,2
Mono,overall,5,0.5,0.01,4000,75,250,500,171,171,134,162,0.0663254764897298,0.0713946846218314,0.0171998624011007,1.1808049535603715,3.293808049535604,False,True,True,True,True,True,True,True,True,False,,True,23,4,4
Mono,overall,5,0.5,0.01,4000,75,500,1000,175,175,160,172,0.0674170648433131,0.1254390236371352,0.0328407224958949,3.0729392446633828,3.0145812807881773,False,True,True,True,True,True,True,True,True,False,,True,24,7,5
Mono,overall,5,0.5,0.01,4000,75,1000,2000,175,175,171,175,0.0358577770604789,0.2054331928120326,0.0656814449917898,6.885648604269294,2.490344827586207,False,True,True,True,True,True,True,True,True,False,,True,24,11,9
Mono,overall,5,0.5,0.01,4000,100,100,197,133,133,83,115,0.1277103149584715,0.0541635473966301,0.0112212349054454,0.1259968102073365,0.4408749145591251,False,True,True,True,True,True,True,False,True,False,,True,18,2,2
Mono,overall,5,0.5,0.01,4000,100,250,500,172,172,134,161,0.0842594824469275,0.080000725632904,0.0169998640010879,1.1406228750169998,3.2674418604651163,False,True,True,True,True,True,True,True,True,False,,True,24,4,4
Mono,overall,5,0.5,0.01,4000,100,500,1000,178,178,163,174,0.0792981441724893,0.1193859709577769,0.0317399860344061,3.0017456992318925,3.0353583444423284,False,True,True,True,True,True,True,True,True,False,,True,24,7,5
Mono,overall,5,0.5,0.01,4000,100,1000,2000,178,178,174,177,0.0337437261025639,0.2043476662744971,0.0634799720688122,6.662667428426332,2.4936520027931186,False,True,True,True,True,True,True,True,True,False,,True,24,11,9
Mono,overall,5,0.5,0.02,2000,10,100,200,46,46,41,43,0.0365030572354572,0.300108438024039,0.0966183574879227,2.3917874396135264,2.245410628019324,False,True,False,False,False,False,False,False,True,False,,True,7,0,0
Mono,overall,5,0.5,0.02,2000,10,250,278,44,44,44,43,0.0145424561008976,0.4200312809903297,0.1469344608879492,3.6062367864693448,2.263213530655391,False,True,False,False,False,False,False,False,True,False,,False,6,0,0
Mono,overall,5,0.5,0.02,2000,10,500,299,44,44,44,43,0.0012844693028095,0.4178637565135809,0.1580338266384778,3.968287526427061,2.2521141649048624,False,True,False,False,False,False,False,False,True,False,,False,7,0,0
Mono,overall,5,0.5,0.02,2000,10,1000,289,44,44,44,43,0.0068813605628031,0.4083922160647737,0.1527484143763213,3.756871035940804,2.346723044397463,False,True,False,False,False,False,False,False,True,False,,False,6,0,0
Mono,overall,5,0.5,0.02,2000,25,100,200,92,92,61,89,0.057641186200378,0.0712775147557756,0.0238891543239369,0.8815097945532728,2.5658146201624463,False,True,False,True,True,False,False,True,True,False,,True,17,1,1
Mono,overall,5,0.5,0.02,2000,25,250,500,96,96,84,96,0.0433401763072092,0.1724109901572168,0.0548245614035087,2.985635964912281,2.5267543859649124,False,True,False,True,True,False,False,True,True,False,,True,17,1,1
Mono,overall,5,0.5,0.02,2000,25,500,1000,98,98,97,97,0.010621387755102,0.3264370127475804,0.1051967178624027,6.291394908478855,2.2911845150431307,False,True,False,True,False,False,False,True,True,False,,True,16,2,2
Mono,overall,5,0.5,0.02,2000,25,1000,1574,101,101,101,99,0.0075658652282401,0.4462338044906329,0.1558415841584158,9.508514851485147,2.023663366336633,False,True,False,True,False,False,False,True,True,False,,True,16,4,2
Mono,overall,5,0.5,0.02,2000,50,100,199,125,125,79,112,0.0732628624324404,0.0367927001103471,0.0128387096774193,0.4552258064516129,3.1756774193548387,False,True,False,True,True,True,True,True,True,False,,False,17,2,2
Mono,overall,5,0.5,0.02,2000,50,250,500,144,144,114,142,0.0494435567776456,0.1098673391352419,0.0242812742812742,1.707410644910645,2.922348484848485,False,True,False,True,True,True,True,True,True,False,,True,21,1,1
Mono,overall,5,0.5,0.02,2000,50,500,1000,149,149,138,148,0.038158549957146,0.1890585686752796,0.0453473607836023,3.7465989479412296,2.680301106475603,False,True,False,True,True,True,True,True,True,False,,True,21,2,2
Mono,overall,5,0.5,0.02,2000,50,1000,2000,147,147,146,147,0.0205234244605763,0.336144484979102,0.093187960115553,8.036995620165875,2.2626036716056284,False,True,False,True,True,True,True,True,True,False,,True,21,6,4
Mono,overall,5,0.5,0.02,2000,75,100,199,132,132,85,116,0.0843175383911464,0.0778318903318903,0.0115082118898912,0.2713393476752255,1.835704371963914,False,True,False,True,True,True,True,True,True,False,,False,17,2,2
Mono,overall,5,0.5,0.02,2000,75,250,500,162,162,128,155,0.1277078998216409,0.1161644868450779,0.0191703090253814,1.4100145694348594,2.9359711678552256,False,True,False,True,True,True,True,True,True,False,,True,22,2,2
Mono,overall,5,0.5,0.02,2000,75,500,999,172,172,152,168,0.0811816461212497,0.2069019334839764,0.0339657282741738,2.938732490140079,2.7126002991976064,False,True,False,True,True,True,True,True,True,False,,True,23,4,4
Mono,overall,5,0.5,0.02,2000,75,1000,1998,175,175,175,175,0.0479745789066931,0.2799897259967122,0.065615763546798,6.360065681444992,2.5416748768472908,False,True,False,True,True,True,True,True,True,False,,True,23,7,7
Mono,overall,5,0.5,0.02,2000,100,100,198,129,129,81,113,0.1139827504725898,0.0618240248883203,0.0119912790697674,0.2945130813953488,1.879421027131783,False,True,True,True,True,True,True,True,True,False,,False,17,2,2
Mono,overall,5,0.5,0.02,2000,100,250,500,164,164,128,157,0.136248852157943,0.109919178583756,0.018704174771809,1.39929672302858,2.985897052222056,False,True,True,True,True,True,True,True,True,False,,True,23,1,1
Mono,overall,5,0.5,0.02,2000,100,500,999,174,174,155,170,0.0770097575028961,0.1964317776430763,0.0331871636436117,2.9221978606072687,2.7405820211281644,False,True,True,True,True,True,True,True,True,False,,True,24,5,5
Mono,overall,5,0.5,0.02,2000,100,1000,1998,177,177,176,176,0.0416958539972227,0.2810459647446827,0.0641371340523882,6.244350282485875,2.5122303543913715,False,True,True,True,True,True,True,True,True,False,,True,24,8,8
Mono,overall,5,0.5,0.02,3000,10,100,200,48,48,44,47,0.0313614744351961,0.1773954123218829,0.0886524822695035,2.453014184397163,2.3532801418439715,False,True,False,False,False,False,True,True,True,False,,False,8,0,0
Mono,overall,5,0.5,0.02,3000,10,250,408,47,47,47,46,0.0030821449334837,0.4629898527805325,0.1887141535615171,5.558279370952821,2.0795559666975025,False,True,False,False,False,False,False,True,True,False,,False,7,0,0
Mono,overall,5,0.5,0.02,3000,10,500,408,47,47,47,46,0.0028427550357374,0.4601032966858902,0.1887141535615171,5.565679925994449,2.083718778908418,False,True,False,False,False,False,False,True,True,False,,False,7,0,0
Mono,overall,5,0.5,0.02,3000,10,1000,391,48,48,48,47,0.0186226576442593,0.4158557373036265,0.1733156028368794,5.212322695035461,2.112145390070922,False,True,False,False,False,False,True,True,True,False,,False,8,0,0
Mono,overall,5,0.5,0.02,3000,25,100,200,94,94,74,90,0.0647329171002428,0.0802692579288323,0.022878059940517,0.9285060626858842,3.306680393502631,False,True,False,False,True,False,False,True,True,False,,True,17,1,1
Mono,overall,5,0.5,0.02,3000,25,250,500,100,100,94,100,0.0416087988343591,0.162995339541779,0.0505050505050505,3.036969696969697,2.865050505050505,False,True,False,False,True,False,False,True,True,False,,True,17,2,1
Mono,overall,5,0.5,0.02,3000,25,500,1000,99,99,99,99,0.0272764434572014,0.2774667046078276,0.1030715316429602,6.516903731189445,2.3385899814471243,False,True,False,False,True,False,False,True,True,False,,True,17,3,1
Mono,overall,5,0.5,0.02,3000,25,1000,2000,99,99,99,99,0.0030232563900485,0.4669654437891629,0.2061430632859204,13.850133992991136,1.8948670377241803,False,True,False,False,True,False,False,True,True,False,,True,17,4,2
Mono,overall,5,0.5,0.02,3000,50,100,198,125,125,86,109,0.0452593133674215,0.0679980463980463,0.012774193548387,0.3364516129032258,1.990903225806452,False,True,False,True,True,True,True,True,True,False,,True,20,2,2
Mono,overall,5,0.5,0.02,3000,50,250,500,152,152,131,148,0.0391600401307966,0.0888281240942353,0.021784593935169,1.6484837922621125,3.51668699895434,False,True,False,True,True,True,True,True,True,False,,True,21,4,4
Mono,overall,5,0.5,0.02,3000,50,500,1000,155,155,145,155,0.0351038726248217,0.1696704369431352,0.041893590280687,3.7281943862589024,2.764851277754504,False,True,False,True,True,True,True,True,True,False,,True,21,5,5
Mono,overall,5,0.5,0.02,3000,50,1000,2000,155,155,155,155,0.0241521596695552,0.244059544508564,0.0837871805613741,8.387515710096356,2.328780896522832,False,True,False,True,True,True,True,True,True,False,,True,21,6,3
Mono,overall,5,0.5,0.02,3000,75,100,195,126,126,87,109,0.1127777777777777,0.0610890652557319,0.0123809523809523,0.2577777777777778,1.586666666666667,False,True,True,True,True,True,True,True,True,False,,True,21,2,2
Mono,overall,5,0.5,0.02,3000,75,250,500,172,172,140,163,0.0880993539334858,0.0728935432252805,0.0169998640010879,1.3443832449340405,3.360261117911057,False,True,True,True,True,True,True,True,True,False,,True,23,5,5
Mono,overall,5,0.5,0.02,3000,75,500,1000,175,175,160,174,0.0761001265757266,0.1426851810032272,0.0328407224958949,3.184696223316913,2.8906732348111657,False,True,True,True,True,True,True,True,True,False,,True,23,7,6
Mono,overall,5,0.5,0.02,3000,75,1000,2000,176,176,171,175,0.0512798754616769,0.2261432993612121,0.0649350649350649,6.919058441558442,2.3835714285714285,False,True,True,True,True,True,True,True,True,False,,True,24,11,8
Mono,overall,5,0.5,0.02,3000,100,100,199,134,134,88,118,0.1235258411377038,0.0491713510370226,0.0111659746380877,0.1079564583099539,0.4007967680395017,False,True,True,True,False,True,True,True,True,False,,True,21,2,2
Mono,overall,5,0.5,0.02,3000,100,250,500,168,168,137,163,0.1243730194658216,0.0827723786218368,0.017821499857428,1.4211576846307383,3.169446820644425,False,True,True,True,True,True,True,True,True,False,,True,23,2,2
Mono,overall,5,0.5,0.02,3000,100,500,1000,176,176,166,175,0.1066337779387858,0.1438098433939976,0.0324675324675324,3.2732467532467533,3.107207792207792,False,True,True,True,True,True,True,True,True,False,,True,23,5,4
Mono,overall,5,0.5,0.02,3000,100,1000,2000,180,180,176,179,0.0605807676563893,0.2207269425107406,0.0620732464307883,6.795716945996276,2.420639354438237,False,True,True,True,True,True,True,True,True,False,,True,24,12,9
Mono,overall,5,0.5,0.02,4000,10,100,200,46,46,41,46,-0.0086702271498107,0.2171422780118432,0.0966183574879227,2.7772946859903382,2.3439613526570047,False,True,False,False,False,False,False,True,True,False,,False,6,0,0
Mono,overall,5,0.5,0.02,4000,10,250,429,46,46,46,46,-0.0031440518369561,0.4325240606216827,0.2072463768115942,6.462318840579711,2.028502415458937,False,True,False,False,False,False,False,True,True,False,,False,6,0,0
Mono,overall,5,0.5,0.02,4000,10,500,477,46,46,46,46,0.0059145737427888,0.4866435704330957,0.2304347826086956,7.048309178743962,1.9772946859903384,False,True,False,False,False,False,False,True,True,False,,False,7,0,0
Mono,overall,5,0.5,0.02,4000,10,1000,427,46,46,46,46,-0.0029135459710743,0.4302923260356586,0.2062801932367149,6.429468599033816,2.0318840579710145,False,True,False,False,False,False,False,True,True,False,,False,6,0,0
Mono,overall,5,0.5,0.02,4000,25,100,200,92,92,72,88,0.0472742513585385,0.0654903067946546,0.0238891543239369,0.9142379359770664,3.2202580028666987,False,True,True,False,True,False,False,True,True,False,,False,17,1,1
Mono,overall,5,0.5,0.02,4000,25,250,500,99,99,91,99,0.029670559630102,0.1440227903357652,0.0515357658214801,3.067305710162853,2.7869511440940014,False,True,True,False,False,False,False,True,True,False,,True,16,1,1
Mono,overall,5,0.5,0.02,4000,25,500,1000,98,98,96,98,0.0286087764378288,0.264153380241855,0.1051967178624027,6.805070481800968,2.25436566379129,False,True,True,False,True,False,False,True,True,False,,True,19,5,3
Mono,overall,5,0.5,0.02,4000,25,1000,2000,99,99,99,99,0.0121064081283637,0.4451212666116252,0.2061430632859204,14.425788497217068,1.8765203050917336,False,True,True,False,False,False,False,True,True,False,,True,16,5,2
Mono,overall,5,0.5,0.02,4000,50,100,193,120,120,85,103,0.0381580608509026,0.0250925925925925,0.0135154061624649,0.4601540616246498,3.812254901960784,False,True,True,True,True,True,True,False,True,False,,True,17,3,3
Mono,overall,5,0.5,0.02,4000,50,250,500,154,154,131,153,0.051634883006479,0.0761219798366474,0.0212206094559035,1.6091163738222565,3.415329768270945,False,True,True,True,True,True,True,True,True,False,,True,23,2,2
Mono,overall,5,0.5,0.02,4000,50,500,1000,158,158,153,156,0.040345361577794,0.1457700554180306,0.0403128275417237,3.775376924937515,2.9389260662742887,False,True,True,True,True,True,True,True,True,False,,True,23,5,5
Mono,overall,5,0.5,0.02,4000,50,1000,2000,159,159,158,159,0.0306768135620416,0.2249100931755234,0.0796114959000079,8.239590796911074,2.371706074357137,False,True,True,True,True,True,True,True,True,False,,True,21,10,7
Mono,overall,5,0.5,0.02,4000,75,100,191,131,131,85,108,0.0959525045023045,0.0309099721313461,0.0112155020551967,0.1028772753963593,0.4520258367586612,False,True,True,True,False,True,True,True,True,False,,True,21,2,2
Mono,overall,5,0.5,0.02,4000,75,250,499,170,170,134,164,0.0900503337702746,0.0718552569609239,0.0173686042464323,1.30024364775496,3.0845109641489734,False,True,True,True,True,True,True,True,True,False,,True,23,5,5
Mono,overall,5,0.5,0.02,4000,75,500,1000,178,178,167,177,0.0775147935865041,0.129430028512124,0.0317399860344061,3.0982035167904525,3.0700184091919,False,True,True,True,True,True,True,True,True,False,,True,24,8,6
Mono,overall,5,0.5,0.02,4000,75,1000,2000,174,174,171,174,0.0540365613059512,0.1948828548712989,0.0664407680552787,7.353265563749917,2.4316988904391734,False,True,True,True,True,True,True,True,True,False,,True,24,6,5
Mono,overall,5,0.5,0.02,4000,100,100,195,131,131,88,110,0.0808773029950133,0.0154428692596631,0.0114503816793893,0.2038755137991779,1.1230182031708749,False,True,True,True,True,True,True,True,True,False,,True,19,3,3
Mono,overall,5,0.5,0.02,4000,100,250,500,170,170,138,165,0.1213445041027387,0.0637879526734015,0.0174034110685694,1.3139923424991298,3.206717716672468,False,True,True,True,True,True,True,True,True,False,,True,24,2,2
Mono,overall,5,0.5,0.02,4000,100,500,1000,181,181,170,180,0.0901386942720695,0.1204503888164905,0.0306936771025168,3.0351749539594843,3.1348987108655617,False,True,True,True,True,True,True,True,True,False,,True,24,7,6
Mono,overall,5,0.5,0.02,4000,100,1000,2000,181,181,179,181,0.0676573707829016,0.1958418197542483,0.0613873542050337,6.927961939840393,2.510926949048496,False,True,True,True,True,True,True,True,True,False,,True,24,10,8
Mono,overall,5,0.5,0.03,2000,10,100,200,35,35,35,34,0.029130725758477,0.4482759657660144,0.1680672268907563,3.5554621848739494,2.1663865546218486,False,True,False,False,False,False,False,False,False,False,,False,5,0,0
Mono,overall,5,0.5,0.03,2000,10,250,277,36,36,36,35,0.0226255813440895,0.5530342481050853,0.2198412698412698,4.624603174603174,1.9912698412698413,False,True,False,False,False,False,False,False,False,False,,False,5,0,0
Mono,overall,5,0.5,0.03,2000,10,500,311,40,40,40,38,0.0084929465359278,0.5101952895390606,0.1993589743589743,4.477564102564102,1.983974358974359,False,True,False,False,False,False,False,False,False,False,,False,5,0,0
Mono,overall,5,0.5,0.03,2000,10,1000,311,40,40,40,38,0.0133194465613304,0.5156855734732806,0.1993589743589743,4.465384615384616,1.982051282051282,False,True,False,False,False,False,False,False,False,False,,False,5,0,0
Mono,overall,5,0.5,0.03,2000,25,100,199,87,87,72,85,0.0755530020109164,0.0977160770264218,0.0265971665330125,1.0052125100240576,2.960438385458433,False,True,False,False,False,False,False,True,True,False,,True,14,0,0
Mono,overall,5,0.5,0.03,2000,25,250,500,96,96,87,96,0.0561589032850597,0.1938722980497613,0.0548245614035087,2.844298245614035,2.7348684210526315,False,True,False,False,False,False,False,True,True,False,,True,14,0,0
Mono,overall,5,0.5,0.03,2000,25,500,1000,95,95,90,95,0.027316716127158,0.3632747580710043,0.1119820828667413,6.248712206047032,2.171892497200448,False,True,False,False,False,False,False,True,True,False,,True,14,0,0
Mono,overall,5,0.5,0.03,2000,25,1000,1432,94,94,94,94,0.0133737959119742,0.460486579755554,0.163806909174102,9.279112331274307,2.078814916495081,False,True,False,False,False,False,False,True,True,False,,True,14,0,0
Mono,overall,5,0.5,0.03,2000,50,100,199,122,122,85,108,0.0917710302457467,0.0375062096373571,0.0134805581899471,0.3707492209727679,2.0255385449126133,False,True,False,True,True,True,False,False,True,False,,False,17,1,1
Mono,overall,5,0.5,0.03,2000,50,250,500,140,140,115,138,0.0664985412177494,0.1075166863457442,0.0256937307297019,1.7577081192189106,3.051233299075025,False,True,False,True,True,True,False,True,True,False,,True,20,2,2
Mono,overall,5,0.5,0.03,2000,50,500,1000,147,147,136,147,0.0441270041661406,0.1916660464824501,0.0465939800577765,3.731944832727612,2.6369397073898053,False,True,False,True,True,True,True,True,True,False,,True,21,4,3
Mono,overall,5,0.5,0.03,2000,50,1000,2000,146,146,145,146,0.0155760259693626,0.3467689328500619,0.0944733112895607,7.805384978743505,2.3093528578176663,False,True,False,True,True,True,False,True,True,False,,True,20,7,4
Mono,overall,5,0.5,0.03,2000,75,100,197,126,126,84,116,0.1113805697589481,0.0360383884193407,0.0125079365079365,0.3345396825396825,1.9938412698412693,False,True,True,True,True,True,False,False,True,False,,False,18,2,2
Mono,overall,5,0.5,0.03,2000,75,250,500,162,162,124,158,0.0948271438500902,0.0883488269192067,0.0191703090253814,1.331109577486389,2.7336860670194003,False,True,True,True,True,True,True,True,True,False,,True,24,3,3
Mono,overall,5,0.5,0.03,2000,75,500,1000,171,171,152,170,0.0856950315731123,0.1843051067421,0.0343997248022015,2.987753697970416,2.749982800137599,False,True,True,True,True,True,True,True,True,False,,True,24,3,3
Mono,overall,5,0.5,0.03,2000,75,1000,2000,173,173,167,173,0.0363390405374126,0.2868500316595949,0.0672133351256889,6.242606533136175,2.430165344804409,False,True,True,True,True,True,True,True,True,False,,True,24,8,5
Mono,overall,5,0.5,0.03,2000,100,100,200,130,130,86,116,0.1117231805293005,0.0312548562548562,0.0119260584376863,0.2724508050089445,1.554561717352415,False,True,True,True,True,True,False,True,True,False,,False,19,3,3
Mono,overall,5,0.5,0.03,2000,100,250,500,164,164,125,159,0.109516282911131,0.0930077025783247,0.018704174771809,1.2710983091426007,2.670170582073919,False,True,True,True,True,True,True,True,True,False,,True,24,3,3
Mono,overall,5,0.5,0.03,2000,100,500,1000,174,174,152,172,0.0886596544659996,0.164611310614914,0.0332203840276393,2.913294797687861,2.7039731579297057,False,True,True,True,True,True,True,True,True,False,,True,24,4,4
Mono,overall,5,0.5,0.03,2000,100,1000,2000,175,175,168,174,0.0431694321064687,0.27870112229666,0.0656814449917898,6.131691297208539,2.414975369458128,False,True,True,True,True,True,True,True,True,False,,True,24,7,5
Mono,overall,5,0.5,0.03,3000,10,100,200,45,45,40,44,0.0302315242296774,0.2504816062659201,0.101010101010101,2.488888888888889,2.013636363636364,False,True,False,False,False,False,False,False,True,False,,False,7,0,0
Mono,overall,5,0.5,0.03,3000,10,250,429,46,46,46,46,0.0097708126066757,0.539988341285702,0.2072463768115942,5.705797101449275,2.027536231884058,False,True,False,False,False,False,False,False,True,False,,False,7,0,0
Mono,overall,5,0.5,0.03,3000,10,500,438,45,45,45,45,0.0010037950497054,0.5455211944391644,0.2212121212121212,6.066161616161616,1.997979797979798,False,True,False,False,False,False,False,False,True,False,,False,7,0,0
Mono,overall,5,0.5,0.03,3000,10,1000,431,46,46,46,46,0.0103244302511249,0.5411210992808231,0.2082125603864734,5.709178743961353,2.0256038647342995,False,True,False,False,False,False,False,False,True,False,,False,7,0,0
Mono,overall,5,0.5,0.03,3000,25,100,200,90,90,65,84,0.0393976182217597,0.084725706392373,0.0249687890137328,0.8759051186017478,2.9465667915106115,False,True,False,False,False,False,False,True,True,False,,True,13,0,0
Mono,overall,5,0.5,0.03,3000,25,250,500,98,98,87,97,0.0583284938770357,0.1775301426579648,0.0525983589312013,2.8619819061645275,2.4509783294761203,False,True,False,False,False,False,False,True,True,False,,True,14,0,0
Mono,overall,5,0.5,0.03,3000,25,500,1000,97,97,95,97,0.0406145333551399,0.2900397919682544,0.1073883161512027,6.713917525773196,2.245382302405498,False,True,False,False,False,False,False,True,True,False,,True,14,1,0
Mono,overall,5,0.5,0.03,3000,25,1000,1946,98,98,98,98,0.0111201654255456,0.4742758710776774,0.2047128129602356,13.344624447717232,1.9024826425415529,False,True,False,False,False,False,False,True,True,False,,True,14,2,0
Mono,overall,5,0.5,0.03,3000,50,100,200,131,131,82,115,0.0190072216703803,0.0496232351194183,0.01174398120963,0.1266001174398121,0.5862008220786846,False,True,False,True,True,True,True,True,True,False,,True,19,1,1
Mono,overall,5,0.5,0.03,3000,50,250,500,150,150,124,147,0.0333787785086486,0.0932881238701672,0.0223713646532438,1.5458165548098437,3.2664429530201344,False,True,False,True,True,True,True,True,True,False,,True,20,1,1
Mono,overall,5,0.5,0.03,3000,50,500,1000,155,155,144,155,0.0275474320818838,0.1622005163360177,0.041893590280687,3.684206116464181,2.7578131545873483,False,True,False,True,True,True,True,True,True,False,,True,20,5,3
Mono,overall,5,0.5,0.03,3000,50,1000,2000,154,154,152,154,0.0275365555291007,0.257595371553107,0.0848824378236142,8.092946269416858,2.2855869620575504,False,True,False,True,True,True,True,True,True,False,,True,20,8,3
Mono,overall,5,0.5,0.03,3000,75,100,199,139,139,86,122,0.0393490304709141,0.0349330924870493,0.0103743092482535,0.179803982900636,1.2596705244500053,False,True,False,True,True,True,True,True,True,False,,True,19,0,0
Mono,overall,5,0.5,0.03,3000,75,250,493,164,164,126,159,0.0807607776838546,0.0701027272060081,0.0184423163250037,1.325527457728565,3.0730210983091424,False,True,False,True,True,True,True,True,True,False,,True,22,3,3
Mono,overall,5,0.5,0.03,3000,75,500,1000,170,170,153,170,0.0926469135802469,0.1482368978123683,0.0348068221371388,3.2284719805081794,2.8467455621301774,False,True,False,True,True,True,True,True,True,False,,True,23,7,6
Mono,overall,5,0.5,0.03,3000,75,1000,2000,175,175,173,175,0.0643842305186266,0.2272145619121628,0.0656814449917898,6.86311986863711,2.466765188834154,False,True,False,True,True,True,True,True,True,False,,True,23,8,5
Mono,overall,5,0.5,0.03,3000,100,100,189,130,130,82,113,0.1247152086389313,0.044010989010989,0.0112701252236135,0.1914132379248658,1.225700655933214,False,True,True,True,True,True,True,True,True,False,,True,21,1,1
Mono,overall,5,0.5,0.03,3000,100,250,493,168,168,130,159,0.1345822753154817,0.0672898619023121,0.017571998859424,1.212111491303108,2.9242229826062163,False,True,True,True,True,True,True,True,True,False,,True,24,3,3
Mono,overall,5,0.5,0.03,3000,100,500,1000,178,178,160,178,0.1166320987654321,0.133950973947015,0.0317399860344061,2.9941598425696694,2.908493620262807,False,True,True,True,True,True,True,True,True,False,,True,24,8,7
Mono,overall,5,0.5,0.03,3000,100,1000,1974,178,178,175,178,0.0897095271658424,0.227547399439619,0.0626547324319177,6.550561797752809,2.484955246619692,False,True,True,True,True,True,True,True,True,False,,True,24,11,8
Mono,overall,5,0.5,0.03,4000,10,100,200,46,46,43,45,0.0297871629523205,0.2493223595626341,0.0966183574879227,2.729468599033817,2.453623188405797,False,True,False,False,False,False,True,False,True,False,,False,8,0,0
Mono,overall,5,0.5,0.03,4000,10,250,500,45,45,45,45,0.0073056614746135,0.5127058688738069,0.2525252525252525,7.683838383838384,1.857070707070707,False,True,False,False,False,False,True,False,True,False,,False,8,0,0
Mono,overall,5,0.5,0.03,4000,10,500,559,45,45,45,45,0.0078542185831256,0.5728173957691579,0.2823232323232323,8.481313131313131,1.7984848484848486,False,True,False,False,False,False,True,False,True,False,,False,8,0,0
Mono,overall,5,0.5,0.03,4000,10,1000,571,46,46,46,46,0.0060815689439147,0.5655542594864933,0.2758454106280193,8.46376811594203,1.8072463768115945,False,True,False,False,False,False,True,False,True,False,,False,8,0,0
Mono,overall,5,0.5,0.03,4000,25,100,199,90,90,68,86,0.0948741636572324,0.0946952430285763,0.0248439450686641,0.8607990012484394,2.72247191011236,False,True,False,False,False,False,True,True,True,False,,True,15,0,0
Mono,overall,5,0.5,0.03,4000,25,250,500,96,96,88,96,0.0521974677380082,0.1688983214866787,0.0548245614035087,3.146929824561404,2.6517543859649124,False,True,False,False,False,False,True,True,True,False,,True,15,0,0
Mono,overall,5,0.5,0.03,4000,25,500,1000,97,97,94,97,0.035489992983394,0.2847762818327441,0.1073883161512027,6.891323024054983,2.1999570446735395,False,True,False,False,False,False,True,True,True,False,,True,16,0,0
Mono,overall,5,0.5,0.03,4000,25,1000,2000,96,96,96,96,0.0066586577643088,0.450902430028779,0.219298245614035,15.075657894736842,1.8555921052631577,False,True,False,False,False,False,True,True,True,False,,True,15,1,0
Mono,overall,5,0.5,0.03,4000,50,100,199,119,119,81,112,0.0568559556786703,0.052484327064159,0.0141717704030764,0.2278165503489531,1.054977923372739,False,True,False,True,True,True,True,True,True,False,,True,19,0,0
Mono,overall,5,0.5,0.03,4000,50,250,500,150,150,122,148,0.0564054536940639,0.0875917172496119,0.0223713646532438,1.5548098434004474,3.3222818791946307,False,True,False,True,True,True,True,True,True,False,,True,20,1,1
Mono,overall,5,0.5,0.03,4000,50,500,1000,152,152,141,151,0.0456482741404965,0.1661834439959711,0.043569187870338,3.716669571279192,2.714186127570582,False,True,False,True,True,True,True,True,True,False,,True,20,3,2
Mono,overall,5,0.5,0.03,4000,50,1000,2000,151,151,151,151,0.0371655908280043,0.2419804531153693,0.0883002207505518,8.76710816777042,2.30401766004415,False,True,False,True,True,True,True,True,True,False,,True,20,7,2
Mono,overall,5,0.5,0.03,4000,75,100,199,133,133,82,121,0.1221183629834708,0.0448346005068694,0.0113351560719981,0.1018455228981544,0.4359193438140806,False,True,True,True,True,True,True,True,True,False,,True,22,0,0
Mono,overall,5,0.5,0.03,4000,75,250,499,166,166,128,159,0.0879447713897691,0.0764803990256141,0.018218327856882,1.2994888645491056,3.0691858342460754,False,True,True,True,True,True,True,True,True,False,,True,24,4,4
Mono,overall,5,0.5,0.03,4000,75,500,1000,176,176,154,175,0.0806517395413908,0.1559998278585642,0.0324675324675324,2.9312012987012985,2.7523701298701297,False,True,True,True,True,True,True,True,True,False,,True,24,8,7
Mono,overall,5,0.5,0.03,4000,75,1000,2000,176,176,175,176,0.0663341513682967,0.2045293381649165,0.0649350649350649,7.231980519480519,2.4996753246753247,False,True,True,True,True,True,True,True,True,False,,True,24,7,5
Mono,overall,5,0.5,0.03,4000,100,100,194,130,130,78,121,0.1847131054775916,0.0462723550958845,0.0115682766845557,0.1275491949910554,0.7120453190220633,False,True,True,True,True,True,True,True,True,False,,True,21,0,0
Mono,overall,5,0.5,0.03,4000,100,250,499,171,171,132,165,0.1256631857465641,0.0714035431669973,0.0171654626762985,1.2412452700378398,3.089542483660131,False,True,True,True,True,True,True,True,True,False,,True,24,4,4
Mono,overall,5,0.5,0.03,4000,100,500,1000,179,179,157,178,0.1094204067007077,0.1500637160182397,0.0313853493189379,2.8357918523633168,2.7071119201556715,False,True,True,True,True,True,True,True,True,False,,True,24,8,7
Mono,overall,5,0.5,0.03,4000,100,1000,2000,179,179,177,179,0.0861954513790505,0.2099687429600178,0.0627706986378758,7.010608248069801,2.519458916577741,False,True,True,True,True,True,True,True,True,False,,True,24,10,8
Mono,overall,5,0.75,0.005,2000,10,100,200,48,48,46,45,0.0292726107261683,0.272415495688522,0.0886524822695035,2.2375886524822697,2.418882978723404,False,True,False,False,False,False,False,False,True,False,,False,6,0,0
Mono,overall,5,0.75,0.005,2000,10,500,301,48,48,48,44,0.0165438956647747,0.4332192743810923,0.1334219858156028,3.3125,2.3249113475177303,False,True,False,False,False,False,False,False,True,False,,False,6,0,0
Mono,overall,5,0.75,0.005,2000,25,250,500,96,96,86,95,0.0198067089958981,0.2057701403656654,0.0548245614035087,2.806578947368421,2.6481359649122806,False,True,True,True,True,True,False,True,True,False,,True,16,2,2
Mono,overall,5,0.75,0.005,2000,25,500,1000,96,96,95,95,0.0069433477630796,0.3546995011948511,0.1096491228070175,6.052083333333333,2.3782894736842106,False,True,True,True,True,True,False,True,True,False,,True,15,5,2
Mono,overall,5,0.75,0.005,2000,25,1000,1185,96,96,96,95,-1.7575445816187495e-05,0.3879265676005617,0.1299342105263158,7.208114035087719,2.2788377192982456,False,True,True,True,True,True,False,True,True,False,,True,15,6,2
Mono,overall,5,0.75,0.005,2000,50,100,196,122,122,87,104,0.0795491536458333,0.0590081139261467,0.0132773336946213,0.3702750304836743,1.9073296301314184,False,True,True,True,True,True,True,True,True,False,,True,18,2,2
Mono,overall,5,0.75,0.005,2000,50,250,500,142,142,119,140,0.0375027519517688,0.1384815960375197,0.0249725302167615,1.7983218459694337,3.189691339526521,False,True,True,True,True,True,True,True,True,False,,True,19,2,2
Mono,overall,5,0.75,0.005,2000,50,1000,2000,147,147,147,147,0.004597901467701,0.308644190339958,0.093187960115553,7.872052930761345,2.4097940546081444,False,True,True,True,True,True,True,True,True,False,,True,19,8,4
Mono,overall,5,0.75,0.005,2000,75,250,500,157,157,130,151,0.03336650236751,0.1169171863064706,0.0204148293320267,1.4226686264902826,3.072554303446023,False,True,True,True,True,True,True,True,True,False,,True,22,1,1
Mono,overall,5,0.75,0.005,2000,75,500,1000,168,168,160,165,0.0345848496859198,0.1794416978659889,0.035642999714856,3.0976261762189905,2.994760479041916,False,True,True,True,True,True,True,True,True,False,,True,22,4,4
Mono,overall,5,0.75,0.005,2000,75,1000,2000,170,170,170,169,0.0180273482703982,0.2565887170688709,0.0696136442742777,6.578280542986425,2.58771319178559,False,True,True,True,True,True,True,True,True,False,,True,23,8,5
Mono,overall,5,0.75,0.005,2000,100,500,1000,170,170,162,167,0.0458427098790302,0.1719009029711384,0.0348068221371388,3.0798816568047336,2.9928994082840235,False,True,True,True,True,True,True,True,True,False,,True,23,4,4
Mono,overall,5,0.75,0.005,2000,100,1000,2000,170,170,168,169,0.0107779144663951,0.254919765140485,0.0696136442742777,6.62359902540898,2.5303863557257222,False,True,True,True,True,True,True,True,True,False,,True,23,7,4
Mono,overall,5,0.75,0.005,3000,10,100,200,47,47,44,45,-0.0072289497510185,0.3053176895051607,0.0925069380203515,2.320074005550416,2.4736355226642,False,True,False,False,False,False,False,False,True,False,,False,7,0,0
Mono,overall,5,0.75,0.005,3000,10,250,348,47,47,47,45,-0.0106131019315547,0.5131030853826846,0.1609620721554116,4.0559666975023125,2.130897317298797,False,True,False,False,False,False,False,False,True,False,,False,7,1,0
Mono,overall,5,0.75,0.005,3000,10,500,348,47,47,47,45,-0.0106131019315547,0.5131030853826846,0.1609620721554116,4.0559666975023125,2.130897317298797,False,True,False,False,False,False,False,False,True,False,,False,7,1,0
Mono,overall,5,0.75,0.005,3000,10,1000,353,47,47,47,46,-0.0182499592634837,0.4806841866279153,0.1632747456059204,4.218778908418131,2.205827937095282,False,True,False,False,False,False,False,False,True,False,,False,7,1,0
Mono,overall,5,0.75,0.005,3000,25,100,200,87,87,65,83,0.0557894736842105,0.0764200040062108,0.0267308206361935,1.0304731355252603,2.9500133654103182,False,True,True,True,True,True,False,True,True,False,,True,16,2,2
Mono,overall,5,0.75,0.005,3000,25,500,1000,94,94,93,94,0.005569728674317,0.3615234345596871,0.1143902997025852,6.288835506749027,2.3503774879890185,False,True,True,True,True,True,False,True,True,False,,True,16,6,3
Mono,overall,5,0.75,0.005,3000,25,1000,1443,95,95,95,95,-0.0040443284417232,0.4596518605605639,0.1615901455767077,8.955543113101903,2.1496080627099663,False,True,True,True,True,True,False,True,True,False,,True,16,9,4
Mono,overall,5,0.75,0.005,3000,50,100,194,110,110,77,101,0.0710646398477086,0.0663102183021969,0.0161801501251042,0.4646371976647206,2.2597998331943288,False,True,False,True,True,True,True,True,True,False,,True,17,1,1
Mono,overall,5,0.75,0.005,3000,50,250,500,145,145,118,141,0.0380656831204752,0.1286991745665814,0.0239463601532567,1.559530651340996,2.77088122605364,False,True,True,True,True,True,True,True,True,False,,True,19,1,1
Mono,overall,5,0.75,0.005,3000,50,500,1000,150,150,139,149,0.0244369189275634,0.171159338067159,0.0447427293064877,3.630917225950783,2.8029082774049217,False,True,True,True,True,True,True,True,True,False,,True,18,3,2
Mono,overall,5,0.75,0.005,3000,75,100,194,118,118,82,102,0.0484099139882299,0.0561559909017536,0.0140518615094886,0.3397073736056787,1.7735767057800955,False,True,False,True,True,True,True,True,True,False,,True,18,1,1
Mono,overall,5,0.75,0.005,3000,75,250,500,164,164,130,153,0.0720164609053498,0.1128578123320628,0.018704174771809,1.188388448301661,2.470148137064193,False,True,True,True,True,True,True,True,True,False,,True,22,2,2
Mono,overall,5,0.75,0.005,3000,75,500,1000,167,167,150,163,0.0215799119125522,0.1560412435370458,0.0360724334463602,3.0227977779381,2.694322198975543,False,True,True,True,True,True,True,True,True,False,,True,22,2,2
Mono,overall,5,0.75,0.005,3000,75,1000,2000,170,170,168,169,0.0115723003402251,0.2524567337404183,0.0696136442742777,6.586703793943613,2.538879220327184,False,True,True,True,True,True,True,True,True,False,,True,23,6,4
Mono,overall,5,0.75,0.005,3000,100,250,500,165,165,129,156,0.047583362969737,0.1045835421940121,0.0184774575018477,1.212638580931264,2.615336289726533,False,True,True,True,True,True,True,True,True,False,,True,23,1,1
Mono,overall,5,0.75,0.005,3000,100,500,1000,169,169,151,165,0.033927890681629,0.1510556442265483,0.0352211890673429,2.996125669202592,2.6956184840800224,False,True,True,True,True,True,True,True,True,False,,True,23,2,2
Mono,overall,5,0.75,0.005,4000,10,100,200,47,47,43,46,-0.0114498474286834,0.3075320868812733,0.0925069380203515,2.349676225716929,2.4759481961147087,False,True,False,False,False,False,False,False,True,False,,False,7,0,0
Mono,overall,5,0.75,0.005,4000,10,250,353,47,47,47,46,-0.0182499592634837,0.4806841866279153,0.1632747456059204,4.218778908418131,2.205827937095282,False,True,False,False,False,False,False,False,True,False,,False,7,1,0
Mono,overall,5,0.75,0.005,4000,25,100,200,88,88,65,83,0.0327285318559556,0.1088656990271823,0.0261233019853709,0.920846394984326,2.7503918495297808,False,True,True,True,True,True,False,True,True,False,,True,15,1,1
Mono,overall,5,0.75,0.005,4000,25,250,500,93,93,86,93,0.0213685484875999,0.2367701921290838,0.0584385226741468,3.0018700327255727,2.5993454885460494,False,True,True,True,True,True,False,True,True,False,,True,15,1,1
Mono,overall,5,0.75,0.005,4000,25,500,1000,95,95,95,95,0.0042912661733807,0.3525917011705564,0.1119820828667413,6.332810750279955,2.3862262038073907,False,True,True,True,True,True,False,True,True,False,,True,16,6,3
Mono,overall,5,0.75,0.005,4000,25,1000,1420,94,94,94,94,-0.0042432301812676,0.4652205474609456,0.162434225577671,8.86593456874857,2.151109585907115,False,True,True,True,True,True,False,True,True,False,,True,16,9,4
Mono,overall,5,0.75,0.005,4000,50,100,195,118,118,85,102,0.0718408547880479,0.0355479736835669,0.0141242937853107,0.3622338113863537,1.6772417789366942,False,True,False,True,True,True,True,True,True,False,,True,17,2,2
Mono,overall,5,0.75,0.005,4000,50,500,1000,150,150,139,150,0.0264236177736356,0.1745971142172384,0.0447427293064877,3.672125279642058,2.740536912751678,False,True,True,True,True,True,True,True,True,False,,True,19,1,1
Mono,overall,5,0.75,0.005,4000,75,250,500,163,163,130,153,0.0695926264627682,0.1087346377171444,0.0189350905097326,1.2027948193592366,2.507876997652049,False,True,True,True,True,True,True,True,True,False,,True,21,2,2
Mono,overall,5,0.75,0.005,4000,75,1000,2000,170,170,168,169,0.0147147006711216,0.2519558536382515,0.0696136442742777,6.586460146188653,2.539749390880613,False,True,True,True,True,True,True,True,True,False,,True,23,6,4
Mono,overall,5,0.75,0.005,4000,100,100,192,118,118,81,102,0.0470285582148225,0.0574877100300829,0.0139069969578444,0.3437635810517166,1.809213385484572,False,True,False,True,True,True,True,True,True,False,,True,18,1,1
Mono,overall,5,0.75,0.005,4000,100,250,500,165,165,128,155,0.044827177428915,0.1043954474604628,0.0184774575018477,1.2087213599408722,2.630450849963045,False,True,True,True,True,True,True,True,True,False,,True,23,1,1
Mono,overall,5,0.75,0.005,4000,100,500,1000,169,169,151,165,0.0233160621761658,0.1482534540071307,0.0352211890673429,2.994258946182024,2.707558467173852,False,True,True,True,True,True,True,True,True,False,,True,23,2,2
Mono,overall,5,0.75,0.005,4000,100,1000,2000,172,172,170,171,0.0099254185318476,0.2440361885626968,0.0679994560043519,6.529749762001904,2.558955528355773,False,True,True,True,True,True,True,True,True,False,,True,24,6,4
Mono,overall,5,0.75,0.01,2000,10,100,200,51,51,44,47,0.0413419331720863,0.2538515973937969,0.0784313725490196,2.0831372549019607,2.135294117647059,False,True,False,False,False,False,False,True,True,False,,True,8,1,0
Mono,overall,5,0.75,0.01,2000,10,250,349,51,51,51,48,-0.0012039774254232,0.4107529702154239,0.1368627450980392,3.937254901960784,2.2423529411764704,False,True,False,False,False,False,False,True,True,False,,True,8,1,0
Mono,overall,5,0.75,0.01,2000,10,500,329,51,51,51,48,-0.0213630910086314,0.4003708641266966,0.1290196078431372,3.576862745098039,2.264313725490196,False,True,False,False,False,False,False,True,True,False,,True,8,1,0
Mono,overall,5,0.75,0.01,2000,10,1000,352,51,51,51,48,-0.0015278676696835,0.4097523910490583,0.1380392156862745,3.955294117647058,2.24078431372549,False,True,False,False,False,False,False,True,True,False,,True,8,1,0
Mono,overall,5,0.75,0.01,2000,25,100,200,93,93,64,90,0.0129085872576177,0.1197393124388031,0.0233754090696587,0.7367928938756428,2.359163160355306,False,True,False,True,False,True,False,True,True,False,,True,14,2,2
Mono,overall,5,0.75,0.01,2000,25,250,500,100,100,91,99,0.0129069597827979,0.1918945954249157,0.0505050505050505,2.781010101010101,2.673636363636364,False,True,False,True,False,True,False,True,True,False,,True,14,3,2
Mono,overall,5,0.75,0.01,2000,25,500,1000,100,100,99,99,0.0251682007925515,0.3092350483725582,0.101010101010101,6.107878787878788,2.339191919191919,False,True,False,True,False,True,False,True,True,False,,True,14,4,2
Mono,overall,5,0.75,0.01,2000,25,1000,1552,100,100,100,99,0.0036956901933584,0.444904803424834,0.1567676767676767,9.542525252525252,2.0734343434343434,False,True,False,True,False,True,False,True,True,False,,True,14,4,2
Mono,overall,5,0.75,0.01,2000,50,100,198,128,128,87,110,0.085537677147008,0.0596166078073972,0.0121801181102362,0.2817421259842519,1.1062992125984252,False,True,True,True,True,True,True,True,True,False,,True,19,2,2
Mono,overall,5,0.75,0.01,2000,50,250,500,147,147,125,142,0.0818378484684596,0.1227364048577593,0.0232969900288882,1.5370422141459323,2.8629205106700213,False,True,True,True,True,True,True,True,True,False,,True,20,5,4
Mono,overall,5,0.75,0.01,2000,50,500,1000,151,151,145,150,0.0494081404206302,0.165305402754493,0.0441501103752759,3.7555849889624726,2.8344812362030907,False,True,True,True,True,True,True,True,True,False,,True,21,6,4
Mono,overall,5,0.75,0.01,2000,50,1000,2000,150,150,149,150,0.0250780606145024,0.2825061241924434,0.0894854586129754,7.918210290827741,2.342505592841164,False,True,True,True,True,True,True,True,True,False,,True,21,11,5
Mono,overall,5,0.75,0.01,2000,75,100,197,134,134,88,112,0.0874792243767313,0.0344697761510755,0.0110537537874537,0.2580518460329929,1.1555942094041072,False,True,True,True,True,True,True,True,True,False,,True,20,2,2
Mono,overall,5,0.75,0.01,2000,75,250,500,167,167,125,163,0.0767888037567968,0.1035158452652598,0.0180362167231801,1.1961258206478609,2.632241541014357,False,True,True,True,True,True,True,True,True,False,,True,22,4,4
Mono,overall,5,0.75,0.01,2000,75,500,1000,176,176,165,172,0.0618055235372769,0.1364127529333616,0.0324675324675324,3.0278896103896105,2.9240584415584414,False,True,True,True,True,True,True,True,True,False,,True,24,7,5
Mono,overall,5,0.75,0.01,2000,75,1000,1998,175,175,174,175,0.0164157732033374,0.23370738806968,0.065615763546798,6.560426929392446,2.5214449917898194,False,True,True,True,True,True,True,True,True,False,,True,23,9,7
Mono,overall,5,0.75,0.01,2000,100,100,195,129,129,82,113,0.0953415882638909,0.0508121077888519,0.0118095930232558,0.2134811046511628,0.9064316860465116,False,True,True,True,False,True,True,True,True,False,,True,20,3,3
Mono,overall,5,0.75,0.01,2000,100,250,500,171,171,141,162,0.1130271894517101,0.0975684524098777,0.0171998624011007,1.223701410388717,2.8246990024079808,False,True,True,True,True,True,True,True,True,False,,True,24,5,4
Mono,overall,5,0.75,0.01,2000,100,500,1000,176,176,167,172,0.0867371909765832,0.1421753614888183,0.0324675324675324,3.008831168831169,2.981915584415584,False,True,True,True,True,True,True,True,True,False,,True,24,7,5
Mono,overall,5,0.75,0.01,2000,100,1000,1998,177,177,176,177,0.0372199872311975,0.2221912112801619,0.0641371340523882,6.523465588084232,2.5256805341551103,False,True,True,True,True,True,True,True,True,False,,True,24,11,8
Mono,overall,5,0.75,0.01,3000,10,100,200,49,49,41,47,0.0106793279766252,0.2208679076026014,0.0850340136054421,2.2789115646258504,2.182823129251701,False,True,False,False,False,False,False,True,True,False,,True,8,1,0
Mono,overall,5,0.75,0.01,3000,10,250,409,49,49,49,47,-0.005075528229456,0.4465881937503274,0.1738945578231292,4.990221088435374,2.052295918367347,False,True,False,False,False,False,False,True,True,False,,True,8,1,0
Mono,overall,5,0.75,0.01,3000,10,500,387,49,49,49,47,0.0058591965716848,0.4397939750108444,0.1645408163265306,4.657312925170068,2.111394557823129,False,True,False,False,False,False,False,True,True,False,,True,8,1,0
Mono,overall,5,0.75,0.01,3000,10,1000,419,50,50,50,48,-0.0066088728733459,0.4517093795379407,0.1710204081632653,4.967755102040816,2.063265306122449,False,True,False,False,False,False,False,True,True,False,,True,8,1,0
Mono,overall,5,0.75,0.01,3000,25,100,200,95,95,72,91,0.0036756727430555,0.1056854256854257,0.0223964165733482,0.689585666293393,2.783986562150056,False,True,True,False,True,True,False,True,True,False,,True,15,2,2
Mono,overall,5,0.75,0.01,3000,25,250,500,103,103,94,103,-0.0009921597547012,0.1387008037561969,0.0475918522748905,2.750713877784124,2.910051399200457,False,True,True,False,True,True,False,True,True,False,,True,15,4,2
Mono,overall,5,0.75,0.01,3000,25,500,1000,102,102,101,102,0.0081702894421457,0.2803825443666704,0.09706853038245,6.071345369831101,2.4167152009318578,False,True,True,False,True,True,False,True,True,False,,True,15,4,2
Mono,overall,5,0.75,0.01,3000,25,1000,1925,102,102,102,102,-0.0021862662583218,0.4635727028892368,0.1868569209862162,12.064744709765094,1.9935934769947583,False,True,True,False,True,True,False,True,True,False,,True,15,4,2
Mono,overall,5,0.75,0.01,3000,50,100,198,124,124,83,105,0.0454086512913168,0.0446556579621095,0.0129819040125885,0.249737739312877,1.1163781799108314,False,True,True,True,True,True,True,True,True,False,,True,19,4,4
Mono,overall,5,0.75,0.01,3000,50,250,500,145,145,132,141,0.0663094821354694,0.0881938494339527,0.0239463601532567,1.7729885057471264,3.6209291187739465,False,True,True,True,True,True,True,True,True,False,,True,20,5,4
Mono,overall,5,0.75,0.01,3000,50,500,1000,149,149,146,147,0.039315639863258,0.1579684316041211,0.0453473607836023,3.928079085797207,2.9072192998367496,False,True,True,True,True,True,True,True,True,False,,True,20,7,5
Mono,overall,5,0.75,0.01,3000,50,1000,2000,148,148,148,148,0.0271795204075884,0.2798287204893878,0.0919286633572347,8.288610038610038,2.330483544769259,False,True,True,True,True,True,True,True,True,False,,True,20,9,6
Mono,overall,5,0.75,0.01,3000,75,100,197,130,130,84,107,0.0870361328125,0.0436112605343374,0.011747167561121,0.177221228384019,0.9278473464519976,False,True,False,True,True,True,True,True,True,False,,True,19,3,3
Mono,overall,5,0.75,0.01,3000,75,250,500,165,165,138,156,0.053850597853679,0.0809084452221707,0.0184774575018477,1.4073170731707316,3.525535846267553,False,True,True,True,True,True,True,True,True,False,,True,22,5,4
Mono,overall,5,0.75,0.01,3000,75,500,1000,171,171,156,169,0.051364923217707,0.1435338765892334,0.0343997248022015,3.1110079119367047,2.890299277605779,False,True,True,True,True,True,True,True,True,False,,True,22,9,7
Mono,overall,5,0.75,0.01,3000,75,1000,2000,173,173,171,172,0.0308985172371466,0.2226742076933497,0.0672133351256889,6.851324102701976,2.4618900389837344,False,True,True,True,True,True,True,True,True,False,,True,22,9,7
Mono,overall,5,0.75,0.01,3000,100,100,195,130,130,86,106,0.101683067898358,0.0295017375786606,0.0116279069767441,0.1851520572450805,0.95247465712582,False,True,False,True,True,True,True,True,True,False,,True,19,3,3
Mono,overall,5,0.75,0.01,3000,100,250,500,169,169,138,158,0.0576649777558082,0.0789594299166175,0.0176105945336714,1.221963933502395,2.988975767821921,False,True,True,True,True,True,True,True,True,False,,True,22,5,4
Mono,overall,5,0.75,0.01,3000,100,500,1000,176,176,161,171,0.0694183337995038,0.1402109504612226,0.0324675324675324,2.991266233766234,2.8651948051948053,False,True,True,True,True,True,True,True,True,False,,True,23,9,7
Mono,overall,5,0.75,0.01,3000,100,1000,2000,177,177,174,176,0.0415969595188774,0.2215454875528816,0.064201335387776,6.589175654853621,2.473773754494093,False,True,True,True,True,True,True,True,True,False,,True,23,10,8
Mono,overall,5,0.75,0.01,4000,10,100,200,49,49,42,47,-0.0012257797731569,0.2550641202201827,0.0850340136054421,2.2712585034013606,2.1645408163265305,False,True,False,False,False,False,False,True,True,False,,True,8,1,0
Mono,overall,5,0.75,0.01,4000,10,250,487,51,51,51,49,-0.0142644672796105,0.4820404996723075,0.1909803921568627,5.746274509803921,1.995686274509804,False,True,False,False,False,False,False,True,True,False,,True,8,1,0
Mono,overall,5,0.75,0.01,4000,10,500,498,51,51,51,49,-0.0164743228873459,0.4906504069815878,0.1952941176470588,5.861176470588235,1.9745098039215687,False,True,False,False,False,False,False,True,True,False,,True,8,1,0
Mono,overall,5,0.75,0.01,4000,10,1000,497,51,51,51,49,-0.0161780184218381,0.4918707372115349,0.1949019607843137,5.843921568627451,1.9737254901960783,False,True,False,False,False,False,False,True,True,False,,True,8,1,0
Mono,overall,5,0.75,0.01,4000,25,100,200,95,95,71,90,-0.0187357802691812,0.061271025156474,0.0223964165733482,0.4646136618141097,1.6142217245240762,False,True,True,False,True,True,False,True,True,False,,True,15,2,2
Mono,overall,5,0.75,0.01,4000,25,250,500,102,102,96,102,-0.0008187426183765,0.1418739047100346,0.048534265191225,2.905746456998641,2.845272762570375,False,True,True,False,True,True,False,True,True,False,,True,15,3,2
Mono,overall,5,0.75,0.01,4000,25,500,1000,103,103,101,103,-0.0034486638671959,0.2570564852796267,0.095183704549781,6.016752332000761,2.422139729678279,False,True,True,False,True,True,False,True,True,False,,True,15,4,2
Mono,overall,5,0.75,0.01,4000,25,1000,2000,104,104,104,104,-5.098600924905881e-05,0.4495832364615305,0.186706497386109,12.425690814040328,1.985063480209112,False,True,True,False,True,True,False,True,True,False,,True,15,5,3
Mono,overall,5,0.75,0.01,4000,50,100,199,125,125,83,109,0.0477059786839915,0.0651159951159951,0.0128387096774193,0.2203225806451613,0.9031612903225806,False,True,True,True,True,True,True,False,True,False,,True,18,2,2
Mono,overall,5,0.75,0.01,4000,50,250,500,144,144,119,142,0.0593821096058177,0.0886597320807846,0.0242812742812742,1.5287004662004662,3.1396658896658898,False,True,True,True,True,True,True,True,True,False,,True,20,5,4
Mono,overall,5,0.75,0.01,4000,50,500,1000,148,148,143,145,0.0415283439329814,0.1366933100372739,0.0459643316786173,3.953162346019489,2.836964515535944,False,True,True,True,True,True,True,True,True,False,,True,20,7,5
Mono,overall,5,0.75,0.01,4000,50,1000,2000,147,147,147,147,0.0269739303340557,0.2595296276762129,0.093187960115553,8.43229894697605,2.34367719690616,False,True,True,True,True,True,True,True,True,False,,True,20,8,6
Mono,overall,5,0.75,0.01,4000,75,100,195,130,130,90,110,0.0800969529085872,0.0539729501267962,0.0116279069767441,0.1926058437686344,1.0,False,True,True,True,True,True,True,False,True,False,,True,20,2,2
Mono,overall,5,0.75,0.01,4000,75,250,500,165,165,132,157,0.0779004219113811,0.0609729806526879,0.0184774575018477,1.146858832224686,3.079859571322986,False,True,True,True,True,True,True,True,True,False,,True,22,5,4
Mono,overall,5,0.75,0.01,4000,75,500,1000,175,175,161,169,0.0618519507684573,0.1223481872706806,0.0328407224958949,3.017536945812808,2.95247947454844,False,True,True,True,True,True,True,True,True,False,,True,23,7,5
Mono,overall,5,0.75,0.01,4000,75,1000,2000,175,175,172,174,0.0321788209645033,0.2075020110444757,0.0656814449917898,6.788177339901478,2.491231527093596,False,True,True,True,True,True,True,True,True,False,,True,23,10,8
Mono,overall,5,0.75,0.01,4000,100,100,195,130,130,89,110,0.0951821057641163,0.0539831109061878,0.0116279069767441,0.1670244484197972,0.7954680977936792,False,True,True,True,True,True,True,False,True,False,,True,20,2,2
Mono,overall,5,0.75,0.01,4000,100,250,500,169,169,132,158,0.107107225892084,0.0749243369429055,0.0176105945336714,1.02465483234714,2.5272964215271907,False,True,True,True,True,True,True,True,True,False,,True,22,5,4
Mono,overall,5,0.75,0.01,4000,100,500,1000,177,177,161,171,0.0659702896078712,0.1196475801436643,0.032100667693888,2.966326399589112,2.9236646122239343,False,True,True,True,True,True,True,True,True,False,,True,23,8,6
Mono,overall,5,0.75,0.01,4000,100,1000,2000,177,177,174,177,0.0394244604725383,0.2061653107131723,0.064201335387776,6.706375192604006,2.5257447354904983,False,True,True,True,True,True,True,True,True,False,,True,23,10,8
Mono,overall,5,0.75,0.02,2000,10,100,200,48,48,43,45,0.0178643861546781,0.260324358805396,0.0886524822695035,2.3266843971631204,2.1790780141843973,False,True,False,False,False,False,False,False,True,False,,False,5,0,0
Mono,overall,5,0.75,0.02,2000,10,250,305,48,48,48,47,0.0013542454018644,0.4218092784818927,0.1351950354609929,3.691932624113475,2.3377659574468086,False,True,False,False,False,False,False,False,True,False,,False,5,0,0
Mono,overall,5,0.75,0.02,2000,10,500,303,47,47,47,46,0.003096,0.4028627301649501,0.1401480111008325,3.777983348751156,2.326549491211841,False,True,False,False,False,False,False,False,True,False,,False,5,0,0
Mono,overall,5,0.75,0.02,2000,10,1000,302,47,47,47,47,0.0001451589490492,0.4075291731374994,0.1396854764107308,3.795559666975023,2.385291396854764,False,True,False,False,False,False,False,False,True,False,,False,5,0,0
Mono,overall,5,0.75,0.02,2000,25,100,200,93,93,66,89,0.0126246686024491,0.1036521353409398,0.0233754090696587,0.7829593267882188,2.526998597475456,False,True,False,True,False,False,False,True,True,False,,True,14,1,1
Mono,overall,5,0.75,0.02,2000,25,250,500,97,97,83,96,0.0515807748538011,0.2326437867866485,0.0536941580756013,2.859858247422681,2.380798969072165,False,True,False,True,False,True,False,True,True,False,,True,17,1,1
Mono,overall,5,0.75,0.02,2000,25,500,1000,97,97,96,96,0.0227117121664524,0.3474651996013954,0.1073883161512027,6.423969072164948,2.234213917525773,False,True,False,True,False,False,False,True,True,False,,True,16,1,1
Mono,overall,5,0.75,0.02,2000,25,1000,1548,97,97,97,97,0.0029281120525143,0.4804332377805436,0.1662371134020618,9.851589347079038,2.0337199312714778,False,True,False,True,False,False,False,True,True,False,,True,16,3,1
Mono,overall,5,0.75,0.02,2000,50,100,199,121,121,84,111,0.0570885158797246,0.0494877482480788,0.0137052341597796,0.5474517906336088,3.003374655647383,False,True,False,True,True,True,True,True,True,False,,True,19,1,1
Mono,overall,5,0.75,0.02,2000,50,250,500,142,142,121,139,0.0733856889436808,0.1396159982427587,0.0249725302167615,1.582309459594446,2.95789631405454,False,True,False,True,True,True,True,True,True,False,,True,18,1,1
Mono,overall,5,0.75,0.02,2000,50,500,1000,147,147,135,147,0.0531740812402112,0.2130163664104808,0.0465939800577765,3.749883515049856,2.6575342465753424,False,True,False,True,True,True,True,True,True,False,,True,21,3,2
Mono,overall,5,0.75,0.02,2000,50,1000,2000,147,147,147,147,0.0164635635393719,0.3198399673148931,0.093187960115553,8.21521759388687,2.271969061597241,False,True,False,True,True,True,True,True,True,False,,True,21,5,4
Mono,overall,5,0.75,0.02,2000,75,100,197,128,128,92,113,0.1164860103317507,0.0447956123737373,0.0121186023622047,0.4749015748031496,3.4490649606299213,False,True,False,True,False,True,True,True,True,False,,True,19,1,1
Mono,overall,5,0.75,0.02,2000,75,250,500,163,163,134,154,0.1203086813181774,0.1403557006188294,0.0189350905097326,1.3581004317200636,3.2151783685526016,False,True,False,True,True,True,True,True,True,False,,True,22,1,1
Mono,overall,5,0.75,0.02,2000,75,500,1000,170,170,160,166,0.0797069977833786,0.1872419301373425,0.0348068221371388,3.102784545770972,2.979881656804734,False,True,False,True,True,True,True,True,True,False,,True,22,3,3
Mono,overall,5,0.75,0.02,2000,75,1000,2000,174,174,173,174,0.0325914699464391,0.2727728531474577,0.0664407680552787,6.457112484220318,2.5093349279117665,False,True,False,True,True,True,True,True,True,False,,True,22,6,6
Mono,overall,5,0.75,0.02,2000,100,100,197,129,129,92,115,0.1275661152034778,0.0403658787379717,0.0119307170542635,0.475593507751938,3.373546511627907,False,True,True,True,False,True,True,True,True,False,,False,19,1,1
Mono,overall,5,0.75,0.02,2000,100,250,500,164,164,130,154,0.0822379421819263,0.1395520939977101,0.018704174771809,1.2526185844680533,2.847112075415233,False,True,True,True,True,True,True,True,True,False,,True,22,1,1
Mono,overall,5,0.75,0.02,2000,100,500,1000,172,172,158,169,0.0886310204980631,0.1923443549384899,0.0339997280021759,3.032775737794098,2.8682850537195703,False,True,True,True,True,True,True,True,True,False,,True,23,3,3
Mono,overall,5,0.75,0.02,2000,100,1000,2000,177,177,176,177,0.0426429676651457,0.2597068523119832,0.064201335387776,6.320268361581921,2.524942218798151,False,True,True,True,True,True,True,True,True,False,,True,23,7,7
Mono,overall,5,0.75,0.02,3000,10,100,200,49,49,42,49,0.0438370810919175,0.2553734280925157,0.0850340136054421,2.394557823129252,2.3316326530612246,False,True,False,False,False,False,True,True,True,False,,False,7,0,0
Mono,overall,5,0.75,0.02,3000,10,250,461,48,48,48,48,0.0077218583118153,0.4813769168111028,0.2043439716312056,6.254875886524823,2.05895390070922,False,True,False,False,False,False,True,True,True,False,,False,7,0,0
Mono,overall,5,0.75,0.02,3000,10,500,480,49,49,49,49,0.012596391041703,0.4780684614232288,0.2040816326530612,6.412840136054422,2.052721088435374,False,True,False,False,False,False,True,True,True,False,,False,7,0,0
Mono,overall,5,0.75,0.02,3000,10,1000,480,49,49,49,49,0.0103326547965678,0.4795370288568928,0.2040816326530612,6.397534013605442,2.0552721088435373,False,True,False,False,False,False,True,True,True,False,,False,7,0,0
Mono,overall,5,0.75,0.02,3000,25,100,199,94,94,74,88,0.0287345679012345,0.071192164809186,0.0227636696408144,0.7417067032715625,2.621368107984443,False,True,False,False,False,False,True,True,True,False,,True,15,1,1
Mono,overall,5,0.75,0.02,3000,25,250,500,101,101,91,100,0.0405933594243151,0.138729146867077,0.0495049504950495,2.7925742574257426,2.648019801980198,False,True,False,False,False,False,True,True,True,False,,True,16,1,1
Mono,overall,5,0.75,0.02,3000,25,500,1000,99,99,98,99,0.0269492244897959,0.2652765218680261,0.1030715316429602,6.602762317048032,2.3320964749536177,False,True,False,False,False,False,True,True,True,False,,True,16,3,2
Mono,overall,5,0.75,0.02,3000,25,1000,1973,100,100,100,100,0.0071536275883689,0.4529724904524655,0.1992929292929293,13.511717171717171,1.913030303030303,False,True,False,False,False,False,True,True,True,False,,True,16,3,2
Mono,overall,5,0.75,0.02,3000,50,100,196,121,121,84,109,0.0537987240926711,0.0661566880696681,0.0134986225895316,0.3431129476584022,1.916184573002755,False,True,False,True,True,True,True,True,True,False,,True,17,1,1
Mono,overall,5,0.75,0.02,3000,50,250,500,152,152,122,149,0.0436058601134215,0.1112706406148845,0.021784593935169,1.5416521436040431,3.07859881491809,False,True,False,True,True,True,True,True,True,False,,True,19,2,2
Mono,overall,5,0.75,0.02,3000,50,500,1000,152,152,145,152,0.0356102315689981,0.1768906924539515,0.043569187870338,3.84785639595678,2.8134803067270826,False,True,False,True,True,True,True,True,True,False,,True,19,2,2
Mono,overall,5,0.75,0.02,3000,50,1000,2000,156,156,156,156,0.0377193919599523,0.2457598407445039,0.0827129859387924,8.291480562448305,2.3404466501240693,False,True,False,True,True,True,True,True,True,False,,True,21,5,3
Mono,overall,5,0.75,0.02,3000,75,100,188,119,119,86,102,0.1091293433742898,0.0492202941782773,0.0133884062099416,0.4141860133884062,2.691425722831505,False,True,True,True,False,True,True,False,True,False,,True,17,2,2
Mono,overall,5,0.75,0.02,3000,75,250,500,170,170,136,161,0.1036437171419375,0.0693567543567543,0.0174034110685694,1.2930386355725725,3.065750087017056,False,True,True,True,True,True,True,True,True,False,,True,22,4,4
Mono,overall,5,0.75,0.02,3000,75,500,1000,173,173,162,173,0.0777364320383801,0.1569670696508027,0.0336066675628444,3.191558005108213,3.036631267643501,False,True,True,True,True,True,True,True,True,False,,True,22,5,4
Mono,overall,5,0.75,0.02,3000,75,1000,2000,177,177,173,176,0.0505872836604499,0.2228882119355341,0.064201335387776,6.913103492552645,2.4235683102208525,False,True,True,True,True,True,True,True,True,False,,True,23,9,7
Mono,overall,5,0.75,0.02,3000,100,100,194,126,126,84,111,0.1139945694578821,0.0295965938823081,0.0123174603174603,0.2502857142857143,1.6833015873015873,False,True,True,True,True,True,True,False,True,False,,True,17,1,1
Mono,overall,5,0.75,0.02,3000,100,250,500,172,172,138,165,0.1439248528746039,0.0737202607938793,0.0169998640010879,1.3941928464572284,3.284135726914185,False,True,True,True,True,True,True,True,True,False,,True,22,2,2
Mono,overall,5,0.75,0.02,3000,100,500,1000,177,177,170,174,0.0928520087655223,0.1436263778031046,0.032100667693888,3.177998202362609,3.174274524910118,False,True,True,True,True,True,True,True,True,False,,True,22,6,5
Mono,overall,5,0.75,0.02,3000,100,1000,2000,180,180,176,179,0.0640955238701673,0.2179689839862267,0.0620732464307883,6.768280571073867,2.44683426443203,False,True,True,True,True,True,True,True,True,False,,True,23,9,7
Mono,overall,5,0.75,0.02,4000,10,100,200,47,47,44,47,0.028216779711985,0.2059558054238905,0.0925069380203515,2.702127659574468,2.610083256244218,False,True,False,False,False,False,False,True,True,False,,False,8,0,0
Mono,overall,5,0.75,0.02,4000,10,250,500,47,47,47,47,0.0031290898274836,0.4574227147845333,0.2312673450508788,7.623959296947271,1.921831637372803,False,True,False,False,False,False,False,False,True,False,,False,4,0,0
Mono,overall,5,0.75,0.02,4000,10,500,520,47,47,47,47,0.0114256703642239,0.4952974989201462,0.2405180388529139,7.669287696577244,1.938945420906568,False,True,False,False,False,False,False,True,True,False,,False,8,0,0
Mono,overall,5,0.75,0.02,4000,10,1000,533,47,47,47,47,0.0039001189060641,0.493377811225854,0.2465309898242368,8.053654024051804,1.904717853839038,False,True,False,False,False,False,False,False,True,False,,False,4,0,0
Mono,overall,5,0.75,0.02,4000,25,100,200,90,90,75,87,0.0329421678474454,0.0585097001763668,0.0249687890137328,0.9667915106117352,3.1079900124843944,False,True,True,False,False,False,False,True,True,False,,False,13,0,0
Mono,overall,5,0.75,0.02,4000,25,250,500,96,96,89,96,0.0576013129655346,0.1470312120370169,0.0548245614035087,3.107127192982456,2.6677631578947367,False,True,True,False,False,False,False,True,True,False,,True,15,2,1
Mono,overall,5,0.75,0.02,4000,25,500,1000,96,96,94,96,0.0330928228685694,0.2631784425501088,0.1096491228070175,7.056798245614036,2.2337719298245613,False,True,True,False,False,False,False,True,True,False,,True,15,4,2
Mono,overall,5,0.75,0.02,4000,25,1000,2000,96,96,96,96,0.0124580191961538,0.4567120691913456,0.219298245614035,14.978618421052632,1.850109649122807,False,True,True,False,False,False,False,True,True,False,,True,15,5,2
Mono,overall,5,0.75,0.02,4000,50,100,199,125,125,88,111,0.0512169187145557,0.0087575091575091,0.0128387096774193,0.4150322580645161,3.6634193548387097,False,True,True,True,True,True,True,False,True,False,,True,17,2,2
Mono,overall,5,0.75,0.02,4000,50,250,500,153,153,136,148,0.0668166564616647,0.0845406707863455,0.0214998280013759,1.641124871001032,3.519736842105264,False,True,True,True,True,True,False,True,True,False,,True,22,1,1
Mono,overall,5,0.75,0.02,4000,50,500,1000,157,157,150,156,0.0396040490907462,0.1395238239885086,0.0408296586640535,3.7518373346398826,2.8846153846153846,False,True,True,True,True,True,True,True,True,False,,True,20,6,5
Mono,overall,5,0.75,0.02,4000,50,1000,2000,157,157,156,157,0.0260990815708082,0.2308793653949108,0.0816593173281071,8.365262126408624,2.3401927159888944,False,True,True,True,True,True,True,True,True,False,,True,20,10,7
Mono,overall,5,0.75,0.02,4000,75,100,197,128,128,86,111,0.0513004270058825,0.0126283005189255,0.0121186023622047,0.1558193897637795,0.7150590551181102,False,True,True,True,False,True,True,False,True,False,,True,17,3,3
Mono,overall,5,0.75,0.02,4000,75,250,500,172,172,144,165,0.1020487917678344,0.0759794630434164,0.0169998640010879,1.368047055623555,3.542023663810689,False,True,True,True,True,True,True,True,True,False,,True,24,2,2
Mono,overall,5,0.75,0.02,4000,75,500,1000,177,177,163,176,0.0724534476840639,0.1366372316161935,0.032100667693888,2.988219054956343,2.9166987673343607,False,True,True,True,True,True,True,True,True,False,,True,23,7,5
Mono,overall,5,0.75,0.02,4000,75,1000,2000,178,178,177,178,0.045224934650765,0.1967196051458536,0.0634799720688122,7.077921665714468,2.5127912143718656,False,True,True,True,True,True,True,True,True,False,,True,23,9,7
Mono,overall,5,0.75,0.02,4000,100,100,196,136,136,86,112,0.1167765059544456,0.0490214034331681,0.0106753812636165,0.1027777777777777,0.4569716775599128,False,True,True,True,True,True,True,True,True,False,,True,20,1,1
Mono,overall,5,0.75,0.02,4000,100,250,500,173,173,140,167,0.1391060530333945,0.0709091643973263,0.0168033337814222,1.3192297351794595,3.276381234036833,False,True,True,True,True,True,True,True,True,False,,True,24,2,2
Mono,overall,5,0.75,0.02,4000,100,500,1000,179,179,170,175,0.1068021941877367,0.1305307986168274,0.0313853493189379,3.1524700269914003,3.0553637561986067,False,True,True,True,True,True,True,True,True,False,,True,24,5,4
Mono,overall,5,0.75,0.02,4000,100,1000,2000,179,179,177,179,0.0748185400638018,0.1939662437725885,0.0627706986378758,7.024292260372858,2.5012867993220764,False,True,True,True,True,True,True,True,True,False,,True,24,6,5
Mono,overall,5,0.75,0.03,2000,10,100,200,37,37,35,36,0.0289047757294237,0.3957394533245926,0.1501501501501501,3.243993993993994,2.119369369369369,False,True,False,False,False,False,False,False,False,False,,False,5,0,0
Mono,overall,5,0.75,0.03,2000,10,250,326,39,39,39,38,0.0082357016880826,0.5308142382727602,0.2199730094466936,5.107962213225371,1.9784075573549256,False,True,False,False,False,False,False,False,True,False,,False,5,0,0
Mono,overall,5,0.75,0.03,2000,10,500,327,39,39,39,38,0.0107328656907622,0.5272029914111364,0.2206477732793522,5.1450742240215925,1.965587044534413,False,True,False,False,False,False,False,False,True,False,,False,5,0,0
Mono,overall,5,0.75,0.03,2000,10,1000,322,39,39,39,38,-0.0014566011589821,0.5426726980985933,0.2172739541160593,5.013495276653171,1.985155195681512,False,True,False,False,False,False,False,False,False,False,,False,4,0,0
Mono,overall,5,0.75,0.03,2000,25,100,200,91,91,66,87,0.0804475308641975,0.1044508300002805,0.0244200244200244,0.8848595848595848,2.690598290598291,False,True,False,False,False,False,False,False,True,False,,True,12,0,0
Mono,overall,5,0.75,0.03,2000,25,250,500,96,96,84,96,0.0452520758563571,0.2204126368364488,0.0548245614035087,2.788706140350877,2.548574561403509,False,True,False,False,False,False,False,True,True,False,,True,13,0,0
Mono,overall,5,0.75,0.03,2000,25,500,1000,97,97,95,97,0.0203866058171019,0.3337972048747647,0.1073883161512027,6.069695017182131,2.302298109965636,False,True,False,False,False,False,False,True,True,False,,True,13,0,0
Mono,overall,5,0.75,0.03,2000,25,1000,1478,97,97,97,97,0.0105213402892055,0.4453614105541041,0.1587199312714776,9.150773195876289,2.1110395189003435,False,True,False,False,False,False,False,True,True,False,,True,13,0,0
Mono,overall,5,0.75,0.03,2000,50,100,198,117,117,77,106,0.1053767660910518,0.053735770402437,0.0145888594164456,0.3236074270557029,1.3756999705275568,False,True,False,True,True,True,False,False,True,False,,False,16,0,0
Mono,overall,5,0.75,0.03,2000,50,250,500,144,144,117,141,0.082231873556025,0.1420576039330339,0.0242812742812742,1.590569153069153,2.7399475524475525,False,True,False,True,True,True,True,True,True,False,,True,20,1,1
Mono,overall,5,0.75,0.03,2000,50,500,1000,149,149,134,148,0.0489842744991913,0.2253563619599569,0.0453473607836023,3.585842553963359,2.57690912388899,False,True,False,True,True,True,False,True,True,False,,True,19,1,1
Mono,overall,5,0.75,0.03,2000,50,1000,2000,151,151,149,151,0.0187894323889298,0.3293160348906245,0.0883002207505518,7.474657836644591,2.322119205298013,False,True,False,True,True,True,True,True,True,False,,True,20,4,2
Mono,overall,5,0.75,0.03,2000,75,100,191,123,123,81,108,0.0749944141211018,0.0531265031265031,0.0127282420365187,0.2507663601226176,1.0689057710249237,False,True,False,True,True,True,True,False,True,False,,False,17,0,0
Mono,overall,5,0.75,0.03,2000,75,250,500,161,161,124,155,0.0954359072440511,0.0993557839511124,0.0194099378881987,1.2868788819875776,2.5433229813664595,False,True,False,True,True,True,True,True,True,False,,True,22,3,3
Mono,overall,5,0.75,0.03,2000,75,500,998,170,170,150,166,0.0881281545154931,0.1972469411471265,0.0347372084928646,2.9618169161155588,2.715593456317438,False,True,False,True,True,True,True,True,True,False,,True,22,3,3
Mono,overall,5,0.75,0.03,2000,75,1000,2000,171,171,165,171,0.0386576504877767,0.2980880446632878,0.0687994496044031,6.308359133126935,2.411799105607156,False,True,False,True,True,True,True,True,True,False,,True,22,6,4
Mono,overall,5,0.75,0.03,2000,100,100,191,121,121,78,106,0.1196571428571428,0.0462165933240313,0.0131542699724517,0.3914600550964187,2.261501377410468,False,True,True,True,True,True,False,False,True,False,,False,16,1,1
Mono,overall,5,0.75,0.03,2000,100,250,500,163,163,128,156,0.1123573396300668,0.1115382960014386,0.0189350905097326,1.2432780428690449,2.514314928425358,False,True,True,True,True,True,True,True,True,False,,True,23,3,3
Mono,overall,5,0.75,0.03,2000,100,500,998,174,174,152,171,0.0895184542771523,0.184797857239738,0.033153943259584,2.879808650588001,2.7444355856753706,False,True,True,True,True,True,True,True,True,False,,True,23,3,3
Mono,overall,5,0.75,0.03,2000,100,1000,1997,174,174,169,174,0.0556234168542218,0.2904648131707918,0.0663411069031958,6.200019932230417,2.467743007109162,False,True,True,True,True,True,True,True,True,False,,True,23,6,4
Mono,overall,5,0.75,0.03,3000,10,100,200,46,46,40,45,0.0458650519031141,0.2693006943326637,0.0966183574879227,2.365217391304348,2.105797101449276,False,True,False,False,False,False,False,False,True,False,,False,6,0,0
Mono,overall,5,0.75,0.03,3000,10,250,444,46,46,46,46,0.0156716352972911,0.5033845725586967,0.2144927536231884,6.221739130434782,1.9743961352657005,False,True,False,False,False,False,False,True,True,False,,False,7,0,0
Mono,overall,5,0.75,0.03,3000,10,500,449,46,46,46,46,0.0127180232558139,0.5094469643428036,0.2169082125603864,6.281159420289855,1.9671497584541064,False,True,False,False,False,False,False,True,True,False,,False,7,0,0
Mono,overall,5,0.75,0.03,3000,10,1000,462,46,46,46,46,0.0146908615021226,0.5308078366039619,0.2231884057971014,6.376328502415459,1.9473429951690824,False,True,False,False,False,False,False,False,True,False,,False,6,0,0
Mono,overall,5,0.75,0.03,3000,25,100,198,88,88,65,81,0.0418790635206495,0.0959894903076721,0.0258620689655172,0.887539184952978,2.548719958202717,False,True,False,False,False,False,False,True,True,False,,True,13,0,0
Mono,overall,5,0.75,0.03,3000,25,250,500,99,99,89,99,0.0568975675448194,0.1613103586013802,0.0515357658214801,2.822613894042465,2.5122655122655124,False,True,False,False,False,False,False,True,True,False,,True,14,0,0
Mono,overall,5,0.75,0.03,3000,25,500,1000,99,99,98,99,0.0456573109567901,0.2710916654971298,0.1030715316429602,6.5979179550608125,2.320655534941249,False,True,False,False,False,False,False,True,True,False,,True,14,2,0
Mono,overall,5,0.75,0.03,3000,25,1000,1993,98,98,98,98,0.0194102946090443,0.4746827607481018,0.2096570586997685,13.971807279612875,1.87565747948664,False,True,False,False,False,False,False,True,True,False,,True,14,2,0
Mono,overall,5,0.75,0.03,3000,50,100,199,130,130,76,120,0.0431096113700706,0.0562764158918004,0.0118664281454979,0.2126416219439475,1.1167561121049494,False,True,False,True,True,True,True,True,True,False,,True,18,1,1
Mono,overall,5,0.75,0.03,3000,50,250,500,152,152,117,148,0.0562613210964859,0.0912226024658808,0.021784593935169,1.4421836876960614,2.777971418612757,False,True,False,True,True,True,True,True,True,False,,True,20,1,1
Mono,overall,5,0.75,0.03,3000,50,500,1000,155,155,144,155,0.0368666666666666,0.171622595012113,0.041893590280687,3.5975282781734395,2.769585253456221,False,True,False,True,True,True,True,True,True,False,,True,19,2,1
Mono,overall,5,0.75,0.03,3000,50,1000,2000,155,155,154,155,0.0381680317661282,0.2635383616566174,0.0837871805613741,8.064893171344785,2.3160033514872223,False,True,False,True,True,True,True,True,True,False,,True,20,6,1
Mono,overall,5,0.75,0.03,3000,75,100,194,129,129,78,117,0.0483889028862573,0.0416105857966323,0.0117490310077519,0.1828972868217054,1.175266472868217,False,True,False,True,True,True,True,True,True,False,,True,19,1,1
Mono,overall,5,0.75,0.03,3000,75,250,493,167,167,127,161,0.0889853434778236,0.0877054585745562,0.0177837096890556,1.200851309429334,2.818375297597576,False,True,False,True,True,True,True,True,True,False,,True,22,4,3
Mono,overall,5,0.75,0.03,3000,75,500,988,173,173,157,172,0.088283060322608,0.1508462378485955,0.0332033875520903,3.0107205269525474,2.919209571178922,False,True,False,True,True,True,True,True,True,False,,True,22,4,3
Mono,overall,5,0.75,0.03,3000,75,1000,2000,175,175,173,175,0.0652088783020611,0.2320720879485933,0.0656814449917898,6.8986863711001645,2.4636453201970445,False,True,False,True,True,True,True,True,True,False,,True,23,8,4
Mono,overall,5,0.75,0.03,3000,100,100,196,138,138,87,121,0.1249277373106717,0.0389632107023411,0.0103670792341055,0.120702422511372,0.5291441870305723,False,True,True,True,True,True,True,True,True,False,,True,22,1,1
Mono,overall,5,0.75,0.03,3000,100,250,500,174,174,134,164,0.1089271753017677,0.0644909269308756,0.0166101920138196,1.1716497242708126,2.785363098797422,False,True,True,True,True,True,True,True,True,False,,True,24,2,2
Mono,overall,5,0.75,0.03,3000,100,500,988,177,177,160,176,0.1186991268407133,0.1466300262298038,0.0317154596815613,2.9190100154083205,2.9379173086800203,False,True,True,True,True,True,True,True,True,False,,True,23,5,4
Mono,overall,5,0.75,0.03,3000,100,1000,1977,177,177,175,177,0.0904687346938775,0.2245842712234995,0.0634630200308166,6.656940164355419,2.4832113507960965,False,True,True,True,True,True,True,True,True,False,,True,23,9,6
Mono,overall,5,0.75,0.03,4000,10,100,200,45,45,40,44,0.0394243899023143,0.2920991354324688,0.101010101010101,2.6853535353535354,2.209090909090909,False,True,False,False,False,False,True,False,True,False,,False,7,0,0
Mono,overall,5,0.75,0.03,4000,10,250,500,45,45,45,45,0.0042140682582919,0.508295549142255,0.2525252525252525,7.862121212121212,1.843939393939394,False,True,False,False,False,False,True,False,True,False,,False,7,0,0
Mono,overall,5,0.75,0.03,4000,10,500,586,45,45,45,45,0.0010929991999959,0.5737367271958885,0.295959595959596,9.18939393939394,1.77020202020202,False,True,False,False,False,False,True,False,True,False,,False,7,0,0
Mono,overall,5,0.75,0.03,4000,10,1000,581,45,45,45,45,0.0055927301947906,0.5849731648133428,0.2934343434343434,9.166161616161617,1.775757575757576,False,True,False,False,False,False,True,False,True,False,,False,8,0,0
Mono,overall,5,0.75,0.03,4000,25,100,199,87,87,63,82,0.0900253592561285,0.0780836660147004,0.0265971665330125,0.942261427425822,2.650227211975408,False,True,False,False,False,False,True,True,True,False,,True,15,0,0
Mono,overall,5,0.75,0.03,4000,25,250,500,97,97,88,97,0.0622862963493785,0.163700036447475,0.0536941580756013,2.981958762886598,2.571198453608248,False,True,False,False,False,False,True,True,True,False,,True,15,0,0
Mono,overall,5,0.75,0.03,4000,25,500,1000,97,97,95,97,0.0328542136198113,0.2661911376697439,0.1073883161512027,6.862113402061856,2.1823453608247423,False,True,False,False,False,False,True,True,True,False,,True,15,0,0
Mono,overall,5,0.75,0.03,4000,25,1000,2000,97,97,97,97,0.0116077372396078,0.4506310719785512,0.2147766323024054,14.753865979381445,1.8705970790378008,False,True,False,False,False,False,True,True,True,False,,True,15,3,0
Mono,overall,5,0.75,0.03,4000,50,100,198,120,120,78,109,0.0776731301939058,0.0188695563695563,0.0138655462184873,0.3144957983193277,1.7413165266106445,False,True,False,True,True,True,True,True,True,False,,True,18,1,1
Mono,overall,5,0.75,0.03,4000,50,250,499,148,148,118,143,0.0728092753186744,0.0828677896402354,0.02293620150763,1.473432616289759,3.021373414230557,False,True,False,True,True,True,True,True,True,False,,True,19,2,1
Mono,overall,5,0.75,0.03,4000,50,500,1000,155,155,143,154,0.0656484171384987,0.1506950994895189,0.041893590280687,3.5847926267281105,2.747172182656054,False,True,False,True,True,True,True,True,True,False,,True,20,2,1
Mono,overall,5,0.75,0.03,4000,50,1000,2000,155,155,153,155,0.041834083437071,0.2312760982997274,0.0837871805613741,8.444365312107248,2.300502723083368,False,True,False,True,True,True,True,True,True,False,,True,20,4,1
Mono,overall,5,0.75,0.03,4000,75,100,196,130,130,80,119,0.1764228325074885,0.0204052784822015,0.0116875372689326,0.2038163387000596,1.0854502087060227,False,True,True,True,True,True,True,True,True,False,,True,21,1,1
Mono,overall,5,0.75,0.03,4000,75,250,499,165,165,130,160,0.1026280224998173,0.083192607030209,0.018440502586844,1.2800443458980044,3.477346637102735,False,True,True,True,True,True,True,True,True,False,,True,24,4,3
Mono,overall,5,0.75,0.03,4000,75,500,1000,177,177,156,174,0.0912012276200298,0.142924328720748,0.032100667693888,2.831118387262455,2.676296866974833,False,True,True,True,True,True,True,True,True,False,,True,23,9,7
Mono,overall,5,0.75,0.03,4000,75,1000,2000,177,177,175,177,0.0766451521272566,0.2057619666681234,0.064201335387776,7.1064458140729325,2.4969504365690804,False,True,True,True,True,True,True,True,True,False,,True,23,11,7
Mono,overall,5,0.75,0.03,4000,100,100,191,127,127,79,119,0.1813120274102079,0.021055453732619,0.0119360079990001,0.2289713785776778,1.234533183352081,False,True,True,True,True,True,True,True,True,False,,True,19,2,2
Mono,overall,5,0.75,0.03,4000,100,250,500,166,166,124,161,0.1205295409873973,0.0726357825454981,0.0182548375319459,1.1680905439941585,3.07035414384812,False,True,True,True,True,True,True,True,True,False,,True,22,5,3
Mono,overall,5,0.75,0.03,4000,100,500,1000,178,178,160,176,0.1060624597098639,0.132803395701959,0.0317399860344061,2.8573287627753445,2.841141369897797,False,True,True,True,True,True,True,True,True,False,,True,23,8,6
Mono,overall,5,0.75,0.03,4000,100,1000,2000,178,178,177,178,0.0838587330833115,0.198956319789966,0.0634799720688122,7.077096426077572,2.5257411286739035,False,True,True,True,True,True,True,True,True,False,,True,23,10,7
Mono,overall,5,0.9,0.005,2000,10,100,200,43,43,42,38,0.0059123891427035,0.386661542471896,0.1107419712070874,2.372646733111849,2.3787375415282392,False,True,False,False,False,False,False,False,True,False,,False,6,0,0
Mono,overall,5,0.9,0.005,2000,10,500,250,44,44,43,39,-0.0183175803402646,0.4207627666451195,0.1321353065539112,2.792811839323467,2.2584566596194504,False,True,False,False,False,False,False,False,True,False,,False,6,0,0
Mono,overall,5,0.9,0.005,2000,10,1000,250,44,44,43,39,-0.0183175803402646,0.4207627666451195,0.1321353065539112,2.792811839323467,2.2584566596194504,False,True,False,False,False,False,False,False,True,False,,False,6,0,0
Mono,overall,5,0.9,0.005,2000,25,100,199,89,89,64,83,0.024841557265731,0.0850721522730775,0.025408580183861,0.7492339121552605,1.9902962206333,False,True,True,True,True,True,False,True,True,False,,True,16,1,1
Mono,overall,5,0.9,0.005,2000,25,250,500,97,97,86,95,0.0039409722222222,0.2121094760546921,0.0536941580756013,2.586340206185567,2.5568084192439864,False,True,True,True,True,True,False,True,True,False,,True,16,2,2
Mono,overall,5,0.9,0.005,2000,25,500,1000,97,97,97,95,0.0019977974892284,0.3337859740968588,0.1073883161512027,5.846542096219931,2.4191365979381443,False,True,True,True,True,True,False,True,True,False,,True,16,5,3
Mono,overall,5,0.9,0.005,2000,25,1000,1145,94,94,94,92,0.000684608433071,0.3977417753298564,0.13097689315946,6.652939830702357,2.3214367421642645,False,True,True,True,True,True,False,True,True,False,,True,16,7,5
Mono,overall,5,0.9,0.005,2000,50,500,1000,148,148,140,143,0.02969990106389,0.2179220104908485,0.0459643316786173,3.480740945026659,2.7602500459643315,False,True,True,True,True,True,True,True,True,False,,True,19,4,3
Mono,overall,5,0.9,0.005,2000,50,1000,2000,148,148,148,146,0.0126053730182497,0.3073183763370126,0.0919286633572347,7.364129435558007,2.4548170619599192,False,True,True,True,True,True,True,True,True,False,,True,19,6,3
Mono,overall,5,0.9,0.005,2000,75,100,198,131,131,89,114,0.1125252417897757,0.0626604099886542,0.0116265413975337,0.2466236054022313,1.21714621256606,False,True,True,True,True,True,True,True,True,False,,True,21,2,2
Mono,overall,5,0.9,0.005,2000,75,250,500,158,158,128,145,0.0436755914579417,0.1336345801474972,0.0201564137708618,1.302104329597678,2.6701604450536163,False,True,True,True,True,True,True,True,True,False,,True,23,1,1
Mono,overall,5,0.9,0.005,2000,75,500,1000,164,164,153,158,0.0376484441468282,0.1941652483426988,0.0374083495436181,2.997905132425557,2.926417776447704,False,True,True,True,True,True,True,True,True,False,,True,22,5,4
Mono,overall,5,0.9,0.005,2000,75,1000,2000,164,164,163,161,0.0220716529504058,0.2698006989574674,0.0748166990872362,6.603733353284453,2.488440819991022,False,True,True,True,True,True,True,True,True,False,,True,22,6,4
Mono,overall,5,0.9,0.005,2000,100,250,499,156,156,125,144,0.0371750451695185,0.134877716424539,0.0206368899917287,1.3127791563275435,2.6473531844499587,False,True,True,True,True,True,True,True,True,False,,True,23,1,1
Mono,overall,5,0.9,0.005,2000,100,1000,2000,167,167,166,164,0.0207519672604829,0.2643674878723868,0.0721448668927205,6.459057788038381,2.5214630979005843,False,True,True,True,True,True,True,True,True,False,,True,23,6,4
Mono,overall,5,0.9,0.005,3000,10,100,200,43,43,41,40,0.0035235450446415,0.339865876277785,0.1107419712070874,2.552048726467332,2.273532668881506,False,True,False,False,False,False,False,False,True,False,,False,6,0,0
Mono,overall,5,0.9,0.005,3000,10,1000,338,43,43,43,40,-0.0221389209278482,0.5532238841353789,0.1871539313399778,4.088039867109635,2.044296788482835,False,True,False,False,False,False,False,False,True,False,,False,6,1,0
Mono,overall,5,0.9,0.005,3000,25,100,200,87,87,63,84,0.0230886426592797,0.1041730938282662,0.0267308206361935,0.9278267842822776,2.523656776263031,False,True,True,True,True,True,False,True,True,False,,True,16,2,2
Mono,overall,5,0.9,0.005,3000,25,500,1000,90,90,90,89,0.0055459278160554,0.3620413436441597,0.1248439450686641,6.569413233458177,2.313732833957553,False,True,True,True,True,True,False,True,True,False,,True,16,8,4
Mono,overall,5,0.9,0.005,3000,25,1000,1275,90,90,90,89,-0.0019219816210279,0.4645160927061376,0.1591760299625468,8.056429463171035,2.1797752808988764,False,True,True,True,True,True,False,True,True,False,,True,16,9,5
Mono,overall,5,0.9,0.005,3000,50,100,198,126,126,86,115,0.0507396171709307,0.0584375501042167,0.0125714285714285,0.3458412698412698,1.7407619047619047,False,True,True,True,True,True,True,True,True,False,,True,19,2,2
Mono,overall,5,0.9,0.005,3000,50,250,500,144,144,116,139,0.0314124774152407,0.1116774870903538,0.0242812742812742,1.4643065268065267,2.7081876456876457,False,True,True,True,True,True,True,True,True,False,,True,19,2,2
Mono,overall,5,0.9,0.005,3000,50,500,1000,147,147,138,146,0.030861777913009,0.1805598783410331,0.0465939800577765,3.58885471997018,2.8437703848662754,False,True,True,True,True,True,True,True,True,False,,True,19,2,2
Mono,overall,5,0.9,0.005,3000,50,1000,2000,147,147,146,147,0.0132989717012567,0.3067470098071961,0.093187960115553,7.75230640201286,2.4154785201751934,False,True,True,True,True,True,True,True,True,False,,True,19,7,3
Mono,overall,5,0.9,0.005,3000,75,100,197,127,127,87,111,0.0637885199652777,0.0334293003584342,0.0123109611298587,0.316835395575553,1.5684914385701787,False,True,True,True,True,True,True,True,True,False,,True,19,0,0
Mono,overall,5,0.9,0.005,3000,75,250,500,162,162,130,152,0.0544441904181273,0.0988254642981738,0.0191703090253814,1.2357181197760907,2.742197684226669,False,True,True,True,True,True,True,True,True,False,,True,23,2,2
Mono,overall,5,0.9,0.005,3000,75,500,1000,166,166,147,159,0.0400288100918736,0.1545749864742069,0.0365096750638919,2.767579408543264,2.652646951442132,False,True,True,True,True,True,True,True,True,False,,True,23,5,4
Mono,overall,5,0.9,0.005,3000,100,100,197,128,128,88,111,0.0689832899305555,0.0313328164890664,0.0121186023622047,0.3024114173228346,1.4865280511811023,False,True,True,True,True,True,True,True,True,False,,True,19,0,0
Mono,overall,5,0.9,0.005,3000,100,250,500,161,161,129,153,0.0558709715659876,0.0978990993377182,0.0194099378881987,1.2513198757763977,2.7741459627329195,False,True,True,True,True,True,True,True,True,False,,True,23,2,2
Mono,overall,5,0.9,0.005,3000,100,1000,2000,167,167,166,167,0.0126309408174372,0.2610458066086452,0.0721448668927205,6.633359786451194,2.565255032104466,False,True,True,True,True,True,True,True,True,False,,True,23,6,4
Mono,overall,5,0.9,0.005,4000,10,100,200,43,43,41,40,-0.0138021736616949,0.3710024083782485,0.1107419712070874,2.490586932447397,2.341638981173865,False,True,False,False,False,False,False,False,True,False,,False,6,0,0
Mono,overall,5,0.9,0.005,4000,10,500,298,43,43,42,40,-0.024621288357552,0.4964782279280459,0.1650055370985603,3.6196013289036544,2.0996677740863787,False,True,False,False,False,False,False,False,True,False,,False,6,1,0
Mono,overall,5,0.9,0.005,4000,25,100,200,87,87,64,84,0.0222160664819944,0.0891989236816823,0.0267308206361935,0.9542902967121092,2.589013632718524,False,True,True,True,True,True,False,True,True,False,,True,16,2,2
Mono,overall,5,0.9,0.005,4000,25,250,500,90,90,81,89,0.0155628513288415,0.24652234971516,0.062421972534332,2.9897627965043694,2.402496878901373,False,True,True,True,True,True,False,True,True,False,,True,16,3,2
Mono,overall,5,0.9,0.005,4000,50,250,500,144,144,116,139,0.0240414740300428,0.1128678574610479,0.0242812742812742,1.4592560217560218,2.718968531468532,False,True,True,True,True,True,True,True,True,False,,True,19,2,2
Mono,overall,5,0.9,0.005,4000,50,500,1000,147,147,138,146,0.0329177130112681,0.1795051755853048,0.0465939800577765,3.5870841487279845,2.850666293914826,False,True,True,True,True,True,True,True,True,False,,True,19,2,2
Mono,overall,5,0.9,0.005,4000,50,1000,2000,147,147,146,146,0.0178544843065102,0.2927061084745535,0.093187960115553,7.803839343956761,2.401966265958438,False,True,True,True,True,True,True,True,True,False,,True,19,7,3
Mono,overall,5,0.9,0.005,4000,75,100,197,135,135,92,114,0.0931667751736111,0.0394863983752872,0.010889994472084,0.2313432835820895,1.1295190713101162,False,True,True,True,True,True,True,True,True,False,,True,21,1,1
Mono,overall,5,0.9,0.005,4000,75,250,500,161,161,129,153,0.0608498873816661,0.0983108110985348,0.0194099378881987,1.2483307453416148,2.771894409937888,False,True,True,True,True,True,True,True,True,False,,True,23,2,2
Mono,overall,5,0.9,0.005,4000,75,500,1000,167,167,152,162,0.0247126209376861,0.1599242188678188,0.0360724334463602,2.95054469374504,2.869814587692085,False,True,True,True,True,True,True,True,True,False,,True,23,3,3
Mono,overall,5,0.9,0.005,4000,75,1000,2000,167,167,166,167,0.0086796040258747,0.262604218585051,0.0721448668927205,6.63458624918837,2.5665175672750884,False,True,True,True,True,True,True,True,True,False,,True,23,6,4
Mono,overall,5,0.9,0.005,4000,100,100,197,135,135,92,114,0.0988633897569444,0.0357121479343701,0.010889994472084,0.2320066334991708,1.1036484245439468,False,True,True,True,True,True,True,True,True,False,,True,21,1,1
Mono,overall,5,0.9,0.005,4000,100,500,1000,167,167,152,162,0.0267307931364102,0.161538750280092,0.0360724334463602,2.940696919414184,2.8767044224803406,False,True,True,True,True,True,True,True,True,False,,True,23,3,3
Mono,overall,5,0.9,0.005,4000,100,1000,2000,167,167,166,167,0.0101214057226858,0.253655150944732,0.0721448668927205,6.63152009234543,2.598008801673761,False,True,True,True,True,True,True,True,True,False,,True,23,7,4
Mono,overall,5,0.9,0.01,2000,10,100,200,52,52,48,48,0.0285756026296566,0.2288725893989052,0.0754147812971342,2.053921568627451,2.45814479638009,False,True,False,False,False,False,False,True,True,False,,False,7,0,0
Mono,overall,5,0.9,0.01,2000,10,250,408,52,52,52,47,-0.0039532592081067,0.4359012845619817,0.1538461538461538,4.150452488687783,2.0003770739064857,False,True,False,False,False,False,False,True,True,False,,False,6,0,0
Mono,overall,5,0.9,0.01,2000,10,500,407,52,52,52,47,-0.0039636715458319,0.4382297826758741,0.1534690799396681,4.135746606334842,1.9996229260935143,False,True,False,False,False,False,False,True,True,False,,False,6,0,0
Mono,overall,5,0.9,0.01,2000,10,1000,408,52,52,52,47,-0.0044841465998164,0.4426760092260041,0.1538461538461538,4.162141779788839,1.989064856711916,False,True,False,False,False,False,False,True,True,False,,False,6,0,0
Mono,overall,5,0.9,0.01,2000,25,100,200,94,94,69,90,0.0404104028442652,0.122955354338333,0.022878059940517,0.7680164722031572,2.442690459849005,False,True,False,True,False,True,False,True,True,False,,False,13,1,1
Mono,overall,5,0.9,0.01,2000,25,250,500,102,102,89,101,0.0158872793119058,0.1924337987535532,0.048534265191225,2.6038633275092216,2.524849543777908,False,True,False,True,False,True,False,True,True,False,,True,14,2,1
Mono,overall,5,0.9,0.01,2000,25,500,1000,102,102,99,101,0.0007483054137179,0.3015853114422873,0.09706853038245,5.731217239370996,2.3310036886041545,False,True,False,True,False,True,False,True,True,False,,True,14,2,1
Mono,overall,5,0.9,0.01,2000,25,1000,1553,102,102,102,101,0.0007529490287035,0.4266856746403339,0.1507474276839448,9.188410017472336,2.1144437973209085,False,True,False,True,False,True,False,True,True,False,,True,14,3,1
Mono,overall,5,0.9,0.01,2000,50,100,196,119,119,78,107,0.1193771626297577,0.0925024555276656,0.0139581256231306,0.3555049138299387,1.5968523002421309,False,True,True,True,False,True,True,True,True,False,,False,17,1,1
Mono,overall,5,0.9,0.01,2000,50,250,500,144,144,124,139,0.0919097222222222,0.1492529964628562,0.0242812742812742,1.589500777000777,2.844065656565657,False,True,True,True,True,True,True,True,True,False,,True,20,4,3
Mono,overall,5,0.9,0.01,2000,50,500,1000,148,148,141,145,0.0577081639203331,0.1797278894469964,0.0459643316786173,3.6435006435006434,2.684041184041184,False,True,True,True,True,True,True,True,True,False,,True,20,5,3
Mono,overall,5,0.9,0.01,2000,50,1000,2000,148,148,148,148,0.0158536153119092,0.2809163058269774,0.0919286633572347,7.955322669608384,2.386743886743887,False,True,True,True,True,True,True,True,True,False,,True,20,7,3
Mono,overall,5,0.9,0.01,2000,75,100,195,128,128,80,108,0.1149275690357628,0.1069983493297638,0.0119955708661417,0.2544291338582677,1.1566806102362204,False,True,True,True,False,True,True,True,True,False,,False,19,2,2
Mono,overall,5,0.9,0.01,2000,75,250,499,160,160,127,151,0.0775542534722222,0.0896063970224904,0.0196147798742138,1.3098270440251572,2.931643081761006,False,True,True,True,True,True,True,True,True,False,,True,23,4,3
Mono,overall,5,0.9,0.01,2000,75,500,1000,169,169,158,166,0.0597527105698873,0.1586248280335099,0.0352211890673429,3.0947449985911524,2.828825021132713,False,True,True,True,True,True,True,True,True,False,,True,23,8,6
Mono,overall,5,0.9,0.01,2000,75,1000,1998,170,170,169,169,0.0330945467163415,0.2388077936766699,0.0695440306300034,6.749286460146188,2.502506091193874,False,True,True,True,True,True,True,True,True,False,,True,23,9,6
Mono,overall,5,0.9,0.01,2000,100,100,196,129,129,82,111,0.1047419646899049,0.0752690411377141,0.0118701550387596,0.2556322674418604,1.1199127906976745,False,True,True,True,False,True,True,True,True,False,,False,19,1,1
Mono,overall,5,0.9,0.01,2000,100,250,500,164,164,133,156,0.0895720468442867,0.126176587739536,0.018704174771809,1.16025736944486,2.4404833158761035,False,True,True,True,True,True,True,True,True,False,,True,22,5,4
Mono,overall,5,0.9,0.01,2000,100,500,1000,171,171,159,168,0.0717986618515718,0.1486480539404471,0.0343997248022015,3.0720674234606125,2.939456484348125,False,True,True,True,True,True,True,True,True,False,,True,23,8,6
Mono,overall,5,0.9,0.01,2000,100,1000,1998,172,172,171,171,0.0366435631508241,0.2339241645252337,0.0679314565483476,6.633550931592548,2.519345845233238,False,True,True,True,True,True,True,True,True,False,,True,23,9,6
Mono,overall,5,0.9,0.01,3000,10,100,200,49,49,46,45,0.0325617283950617,0.2205072636692653,0.0850340136054421,2.2733843537414966,2.440051020408163,False,True,False,False,False,False,False,True,True,False,,False,6,0,0
Mono,overall,5,0.9,0.01,3000,10,250,382,48,48,48,43,0.0045750070861677,0.4288696124592271,0.1693262411347517,4.390070921985815,1.9095744680851063,False,True,False,False,False,False,False,True,True,False,,False,6,0,0
Mono,overall,5,0.9,0.01,3000,10,500,396,48,48,48,43,-0.003123948079244,0.4392879302433053,0.175531914893617,4.601950354609929,1.882535460992908,False,True,False,False,False,False,False,True,True,False,,False,6,0,0
Mono,overall,5,0.9,0.01,3000,10,1000,385,48,48,48,43,0.006608662161689,0.4206214972995426,0.1706560283687943,4.440159574468085,1.9055851063829787,False,True,False,False,False,False,False,True,True,False,,False,6,0,0
Mono,overall,5,0.9,0.01,3000,25,100,198,92,92,65,87,0.0077136596055515,0.1128376383491472,0.0236502627806975,0.743191591017678,2.232799808886765,False,True,True,True,True,True,False,True,True,False,,True,15,3,2
Mono,overall,5,0.9,0.01,3000,25,250,500,99,99,89,99,0.0138429530389188,0.1500095759971823,0.0515357658214801,2.7759224902082047,2.6827458256029684,False,True,True,True,True,True,False,True,True,False,,True,16,5,3
Mono,overall,5,0.9,0.01,3000,25,500,1000,97,97,96,97,0.0123378851057659,0.2763661571408173,0.1073883161512027,6.534149484536083,2.3510524054982818,False,True,True,True,True,True,False,True,True,False,,True,16,6,3
Mono,overall,5,0.9,0.01,3000,25,1000,1850,101,101,101,101,0.0002853996376096,0.4652039457385997,0.1831683168316831,11.368118811881187,2.027326732673268,False,True,True,True,True,True,False,True,True,False,,True,16,8,3
Mono,overall,5,0.9,0.01,3000,50,100,199,123,123,85,103,0.0390346049558377,0.0715511678926313,0.0132613621218179,0.3012128481940557,1.7467679594828736,False,True,True,True,False,True,True,True,True,False,,True,18,3,2
Mono,overall,5,0.9,0.01,3000,50,250,500,142,142,119,138,0.0496130781384659,0.1087982584320303,0.0249725302167615,1.6839976026370993,3.051343522125662,False,True,True,True,True,True,True,True,True,False,,True,20,4,3
Mono,overall,5,0.9,0.01,3000,50,500,1000,147,147,140,146,0.0322381012997758,0.1831024590249365,0.0465939800577765,3.8633864504705993,2.862221600969155,False,True,True,True,True,True,True,True,True,False,,True,20,5,3
Mono,overall,5,0.9,0.01,3000,50,1000,2000,147,147,147,147,0.0085197287651179,0.2817816524775796,0.093187960115553,8.357655390923492,2.3547199701798527,False,True,True,True,True,True,True,True,True,False,,True,20,6,3
Mono,overall,5,0.9,0.01,3000,75,100,197,130,130,87,108,0.0964944545043005,0.0367381336612105,0.011747167561121,0.2406678592725104,1.1375074537865235,False,True,True,True,False,True,True,True,True,False,,True,18,3,2
Mono,overall,5,0.9,0.01,3000,75,250,500,161,161,129,152,0.0883224826388889,0.076657262402415,0.0194099378881987,1.2757763975155278,3.041498447204969,False,True,True,True,True,True,True,True,True,False,,True,23,4,3
Mono,overall,5,0.9,0.01,3000,75,500,1000,167,167,156,166,0.0655950138504155,0.1590952134759707,0.0360724334463602,3.307481422696775,2.9993506961979657,False,True,True,True,True,True,True,True,True,False,,True,22,7,5
Mono,overall,5,0.9,0.01,3000,75,1000,2000,168,168,166,167,0.0322590147228223,0.2316769752347768,0.071285999429712,7.048011120615911,2.4744083262047334,False,True,True,True,True,True,True,True,True,False,,True,22,7,5
Mono,overall,5,0.9,0.01,3000,100,100,197,134,134,89,109,0.0950373472159347,0.0330398871443647,0.0110537537874537,0.2155762540680058,1.1333183705532488,False,True,True,True,False,True,True,True,True,False,,True,19,3,2
Mono,overall,5,0.9,0.01,3000,100,250,500,164,164,132,152,0.1191445983379501,0.095848262107385,0.018704174771809,1.225011222504863,2.806262157713601,False,True,True,True,True,True,True,True,True,False,,True,22,4,3
Mono,overall,5,0.9,0.01,3000,100,500,1000,172,172,156,169,0.0895433869216115,0.1448431930890162,0.0339997280021759,3.10046919624643,2.869169046647627,False,True,True,True,True,True,True,True,True,False,,True,23,7,5
Mono,overall,5,0.9,0.01,3000,100,1000,2000,172,172,170,171,0.0542425891408212,0.2153130568807992,0.0679994560043519,6.876172990616075,2.495410036719706,False,True,True,True,True,True,True,True,True,False,,True,23,8,5
Mono,overall,5,0.9,0.01,4000,10,100,200,51,51,45,48,0.0190168434899482,0.1909322543405588,0.0784313725490196,2.174117647058824,2.180392156862745,False,True,False,False,False,False,False,True,True,False,,False,6,0,0
Mono,overall,5,0.9,0.01,4000,10,250,481,51,51,51,48,-0.0150376535869996,0.4723994687164805,0.1886274509803921,5.193725490196078,2.054117647058824,False,True,False,False,False,False,False,True,True,False,,False,6,0,0
Mono,overall,5,0.9,0.01,4000,10,500,444,49,49,49,45,-0.0198203607489461,0.479492215650746,0.1887755102040816,4.883078231292517,1.9370748299319729,False,True,False,False,False,False,False,True,True,False,,False,6,0,0
Mono,overall,5,0.9,0.01,4000,10,1000,512,51,51,51,48,-0.0194547719119835,0.5112623083702645,0.2007843137254902,5.502745098039216,2.025098039215686,False,True,False,False,False,False,False,True,True,False,,False,6,0,0
Mono,overall,5,0.9,0.01,4000,25,100,200,95,95,67,90,-0.009972299168975,0.1031129689024425,0.0223964165733482,0.7133258678611423,2.2848824188129897,False,True,True,True,True,True,False,True,True,False,,True,16,3,2
Mono,overall,5,0.9,0.01,4000,25,250,500,100,100,92,98,0.0200115055884286,0.139244272411455,0.0505050505050505,2.752222222222222,2.839292929292929,False,True,True,True,True,True,False,True,True,False,,True,15,3,2
Mono,overall,5,0.9,0.01,4000,25,500,1000,102,102,99,102,0.0148282836584118,0.2604084293845124,0.09706853038245,6.020481459910697,2.3576975344593283,False,True,True,True,True,True,False,True,True,False,,True,15,4,2
Mono,overall,5,0.9,0.01,4000,25,1000,2000,102,102,102,102,0.0018468975532262,0.4772515134324869,0.1941370607649,12.13706076490002,1.9956319161327896,False,True,True,True,True,True,False,True,True,False,,True,15,8,2
Mono,overall,5,0.9,0.01,4000,50,100,199,123,123,83,105,0.0417888764014144,0.0651538163733285,0.0132613621218179,0.2851526056244169,1.4093695854991335,False,True,True,True,True,True,True,True,True,False,,True,20,3,2
Mono,overall,5,0.9,0.01,4000,50,250,500,142,142,120,133,0.0544683159722222,0.0888186256706843,0.0249725302167615,1.5119868145040456,2.6698132054739787,False,True,True,True,True,True,True,True,True,False,,True,20,4,3
Mono,overall,5,0.9,0.01,4000,50,500,1000,148,148,141,148,0.0312623601456621,0.1402980489564519,0.0459643316786173,3.790862290862291,2.8531439602868174,False,True,True,True,True,True,True,True,True,False,,True,21,4,3
Mono,overall,5,0.9,0.01,4000,50,1000,2000,147,147,145,147,0.018631298906055,0.263470631051096,0.093187960115553,8.238840741776162,2.311527350666294,False,True,True,True,True,True,True,True,True,False,,True,20,7,4
Mono,overall,5,0.9,0.01,4000,75,100,195,129,129,81,114,0.0911950584803683,0.0553345448694286,0.0118095930232558,0.2281976744186046,1.2362524224806202,False,True,True,True,True,True,True,True,True,False,,False,19,3,2
Mono,overall,5,0.9,0.01,4000,75,250,500,164,164,133,151,0.0825953873950473,0.0746059416432443,0.018704174771809,1.0885829717192876,2.472878946580877,False,True,True,True,True,True,True,True,True,False,,True,23,4,3
Mono,overall,5,0.9,0.01,4000,75,500,1000,170,170,157,166,0.0632773329920203,0.1144068567419267,0.0348068221371388,3.035676992690568,2.963243995823181,False,True,True,True,True,True,True,True,True,False,,True,23,5,4
Mono,overall,5,0.9,0.01,4000,75,1000,2000,171,171,168,170,0.0501542593806683,0.2098597778444962,0.0687994496044031,6.840144478844169,2.478500171998624,False,True,True,True,True,True,True,True,True,False,,True,23,7,5
Mono,overall,5,0.9,0.01,4000,100,100,196,132,132,84,113,0.1154934359438659,0.0848346098346098,0.0113347212583853,0.2185981956974323,1.102822114272496,False,True,True,True,True,True,True,True,True,False,,False,19,3,2
Mono,overall,5,0.9,0.01,4000,100,250,499,164,164,133,150,0.1029333616749921,0.0762900219499932,0.0186667664222654,1.0847299117162952,2.460047882687416,False,True,True,True,True,True,True,True,True,False,,True,23,4,3
Mono,overall,5,0.9,0.01,4000,100,500,1000,172,172,159,168,0.0801502586328649,0.1179418570314329,0.0339997280021759,2.9699442404460763,2.966136270909833,False,True,True,True,True,True,True,True,True,False,,True,23,5,4
Mono,overall,5,0.9,0.01,4000,100,1000,2000,172,172,166,171,0.052222713272371,0.2057040616089741,0.0679994560043519,6.612947096423229,2.461614307085543,False,True,True,True,True,True,True,True,True,False,,True,23,6,4
Mono,overall,5,0.9,0.02,2000,10,100,200,47,47,40,45,0.0336763034970332,0.3171161441812255,0.0925069380203515,2.2456059204440333,2.1604995374653098,False,True,False,False,False,False,False,False,True,False,,False,4,0,0
Mono,overall,5,0.9,0.02,2000,10,250,286,47,47,46,46,0.009397675356087,0.4194845598422151,0.1322849213691027,3.432469935245144,2.3311748381128585,False,True,False,False,False,False,False,False,True,False,,False,4,0,0
Mono,overall,5,0.9,0.02,2000,10,500,283,47,47,46,46,0.0067276825353459,0.4222542528645265,0.1308973172987974,3.37372802960222,2.36308973172988,False,True,False,False,False,False,False,False,True,False,,False,4,0,0
Mono,overall,5,0.9,0.02,2000,10,1000,284,47,47,46,46,0.0067276825353459,0.4200530872459169,0.1313598519888991,3.384366327474561,2.360777058279371,False,True,False,False,False,False,False,False,True,False,,False,4,0,0
Mono,overall,5,0.9,0.02,2000,25,100,200,98,98,73,91,0.0490278951817413,0.0635400047464873,0.0210393435724805,0.7974963181148749,3.501367557332211,False,True,False,True,False,False,False,True,True,False,,True,15,1,1
Mono,overall,5,0.9,0.02,2000,25,250,500,100,100,85,100,0.0579519381717184,0.2012855169788062,0.0505050505050505,2.6521212121212123,2.4706060606060607,False,True,False,True,False,False,False,True,True,False,,True,17,3,2
Mono,overall,5,0.9,0.02,2000,25,500,1000,103,103,101,102,0.0132922195844493,0.2952737004849698,0.095183704549781,5.857700361698077,2.3303826384922903,False,True,False,True,False,False,False,True,True,False,,True,16,2,2
Mono,overall,5,0.9,0.02,2000,25,1000,1650,103,103,103,103,0.003839235204007,0.4526693354176367,0.1570531125071387,9.833523700742433,2.0527317723205787,False,True,False,True,False,False,False,True,True,False,,True,16,4,4
Mono,overall,5,0.9,0.02,2000,50,100,198,119,119,82,107,0.0740941977179788,0.0426904094971321,0.0141005554764278,0.2981056829511465,1.4958695342543795,False,True,False,True,True,True,True,True,True,False,,False,18,1,1
Mono,overall,5,0.9,0.02,2000,50,250,500,140,140,118,135,0.0815595551172474,0.1370311060219286,0.0256937307297019,1.712589928057554,2.9442959917780063,False,True,False,True,True,True,True,True,True,False,,True,20,3,2
Mono,overall,5,0.9,0.02,2000,50,500,1000,144,144,136,144,0.0569861182629336,0.187175753335444,0.0485625485625485,3.94740675990676,2.6692404817404816,False,True,False,True,True,True,False,True,True,False,,True,18,5,4
Mono,overall,5,0.9,0.02,2000,50,1000,2000,147,147,146,147,0.0150693909938504,0.3194565678294752,0.093187960115553,8.158652502096729,2.267123287671233,False,True,False,True,True,True,False,True,True,False,,True,18,7,6
Mono,overall,5,0.9,0.02,2000,75,100,199,132,132,89,120,0.1236387559138881,0.0359335839598997,0.0115082118898912,0.2008443210733287,1.029262086513995,False,True,True,True,True,True,True,True,True,False,,False,19,1,1
Mono,overall,5,0.9,0.02,2000,75,250,500,159,159,127,152,0.100608325250638,0.1182974349042265,0.0199028739750019,1.3508478624313351,2.8484197118063848,False,True,True,True,True,True,True,True,True,False,,True,22,2,2
Mono,overall,5,0.9,0.02,2000,75,500,1000,168,168,153,163,0.0599999535523186,0.1568574792554077,0.035642999714856,3.074779013401768,2.646599657827202,False,True,True,True,True,True,True,True,True,False,,True,23,6,6
Mono,overall,5,0.9,0.02,2000,75,1000,2000,169,169,166,169,0.0258592245301985,0.2624101295643035,0.0704423781346858,6.892681036911807,2.3953578472809243,False,True,True,True,True,True,True,True,True,False,,True,23,10,10
Mono,overall,5,0.9,0.02,2000,100,100,197,136,136,86,116,0.1298395901570504,0.0187114764320646,0.0107298474945533,0.1607298474945533,0.7848039215686274,False,True,True,True,True,True,True,True,True,False,,False,20,1,1
Mono,overall,5,0.9,0.02,2000,100,250,500,159,159,126,152,0.1169539934474297,0.0931891250106517,0.0199028739750019,1.3623915293368365,2.7847305150863786,False,True,True,True,True,True,True,True,True,False,,True,22,2,2
Mono,overall,5,0.9,0.02,2000,100,500,1000,169,169,150,166,0.0880654293803082,0.1730213704430012,0.0352211890673429,3.0684699915469147,2.6032685263454494,False,True,True,True,True,True,True,True,True,False,,True,23,4,3
Mono,overall,5,0.9,0.02,2000,100,1000,2000,173,173,170,172,0.0376424348030386,0.2579325028622859,0.0672133351256889,6.630763543487028,2.408690684231752,False,True,True,True,True,True,True,True,True,False,,True,23,10,10
Mono,overall,5,0.9,0.02,3000,10,100,200,49,49,44,49,0.0306689049586776,0.2109382680811252,0.0850340136054421,2.458333333333333,2.522108843537415,False,True,False,False,False,False,False,True,True,False,,False,6,0,0
Mono,overall,5,0.9,0.02,3000,10,250,464,49,49,49,49,0.0103352864583333,0.456911150850864,0.1972789115646258,6.235969387755102,2.0514455782312924,False,True,False,False,False,False,False,True,True,False,,False,6,0,0
Mono,overall,5,0.9,0.02,3000,10,500,464,49,49,49,49,0.0085309495699106,0.4588528971755852,0.1972789115646258,6.211734693877551,2.0510204081632653,False,True,False,False,False,False,False,True,True,False,,False,6,0,0
Mono,overall,5,0.9,0.02,3000,10,1000,465,49,49,49,49,0.0043994469650191,0.4619455813147612,0.197704081632653,6.210884353741497,2.05187074829932,False,True,False,False,False,False,False,True,True,False,,False,6,0,0
Mono,overall,5,0.9,0.02,3000,25,100,200,95,95,69,89,0.013302875571083,0.0476864071600913,0.0223964165733482,0.809518477043673,3.2397536394176933,False,True,True,False,True,False,False,True,True,False,,True,17,1,1
Mono,overall,5,0.9,0.02,3000,25,250,500,99,99,92,99,0.025535764327609,0.1452732044241974,0.0515357658214801,2.955679241393527,2.707689136260565,False,True,True,False,True,False,False,True,True,False,,True,17,2,2
Mono,overall,5,0.9,0.02,3000,25,500,1000,98,98,96,98,-0.0004509491976757,0.2767071517517164,0.1051967178624027,6.695034714916894,2.2517357458447296,False,True,False,True,False,False,False,True,True,False,,True,16,5,3
Mono,overall,5,0.9,0.02,3000,25,1000,2000,98,98,98,98,0.0011071378440464,0.4810366914998031,0.2103934357248054,13.885651167683568,1.881969282558384,False,True,False,True,False,False,False,True,True,False,,True,16,6,4
Mono,overall,5,0.9,0.02,3000,50,100,196,119,119,81,110,0.0508973095643345,0.0243124700860736,0.0139581256231306,0.3638370602478279,2.344609030052699,False,True,False,True,True,True,False,True,True,False,,False,15,1,1
Mono,overall,5,0.9,0.02,3000,50,250,500,149,149,125,146,0.0253139091224418,0.0974489044077343,0.0226736803918011,1.6988481770360966,3.261654271721386,False,True,False,True,True,True,False,True,True,False,,True,19,3,3
Mono,overall,5,0.9,0.02,3000,50,500,1000,151,151,144,149,0.0439710984853878,0.1547230712651771,0.0441501103752759,3.911876379690949,2.7682560706401764,False,True,True,True,True,True,False,True,True,False,,True,20,3,3
Mono,overall,5,0.9,0.02,3000,50,1000,2000,152,152,152,152,0.0204851805500442,0.2598833935870035,0.0871383757406761,8.438959567793656,2.314700243987452,False,True,False,True,True,True,False,True,True,False,,True,19,6,4
Mono,overall,5,0.9,0.02,3000,75,100,196,125,125,80,114,0.0543760637821374,0.0159936168406756,0.0126451612903225,0.1829677419354838,1.1549677419354838,False,True,False,True,True,True,True,False,True,False,,False,15,1,1
Mono,overall,5,0.9,0.02,3000,75,250,500,167,167,132,159,0.1006699864191942,0.0903470314369742,0.0180362167231801,1.3566481494841642,2.9470095952672968,False,True,True,True,True,True,True,True,True,False,,True,22,3,3
Mono,overall,5,0.9,0.02,3000,75,500,1000,174,174,162,172,0.0829387644668772,0.1301156953068389,0.0332203840276393,3.1584280114278123,2.966846056740416,False,True,True,True,True,True,True,True,True,False,,True,23,4,4
Mono,overall,5,0.9,0.02,3000,75,1000,2000,173,173,173,172,0.0515468882298498,0.2131925337884649,0.0672133351256889,7.337646189003898,2.459806425594838,False,True,True,True,True,True,True,True,True,False,,True,23,8,5
Mono,overall,5,0.9,0.02,3000,100,100,196,127,127,83,117,0.1165606617098151,0.01597318277799,0.0122484689413823,0.1950381202349706,1.4595675540557431,False,True,False,True,True,True,True,False,True,False,,False,16,1,1
Mono,overall,5,0.9,0.02,3000,100,250,500,165,165,137,160,0.1492768780522838,0.0636013020071195,0.0184774575018477,1.3845528455284553,3.2163340724316334,False,True,True,True,True,True,True,True,True,False,,True,22,2,2
Mono,overall,5,0.9,0.02,3000,100,500,1000,175,175,161,174,0.0919601223745503,0.1330027554753979,0.0328407224958949,3.103185550082102,2.971165845648604,False,True,True,True,True,True,True,True,True,False,,True,23,3,3
Mono,overall,5,0.9,0.02,3000,100,1000,2000,173,173,173,172,0.0760026687718881,0.2120781267733626,0.0672133351256889,7.298191961285119,2.467569565801856,False,True,True,True,True,True,True,True,True,False,,True,23,8,5
Mono,overall,5,0.9,0.02,4000,10,100,200,47,47,44,47,0.052076124567474,0.2120860227243206,0.0925069380203515,2.791859389454209,2.5934320074005552,False,True,False,False,False,False,False,True,True,False,,False,8,0,0
Mono,overall,5,0.9,0.02,4000,10,250,500,48,48,47,48,0.0222499637102627,0.4708196796154602,0.2216312056737588,6.934840425531915,1.901152482269504,False,True,False,False,False,False,False,True,True,False,,False,8,0,0
Mono,overall,5,0.9,0.02,4000,10,500,586,48,48,48,48,-0.0008162497155161,0.5303861619119463,0.2597517730496453,8.567375886524824,1.8546099290780145,False,True,False,False,False,False,False,False,True,False,,False,5,0,0
Mono,overall,5,0.9,0.02,4000,10,1000,580,48,48,48,48,0.0076413757686082,0.5343371886936686,0.2570921985815603,8.054964539007091,1.872340425531915,False,True,False,False,False,False,False,True,True,False,,False,8,0,0
Mono,overall,5,0.9,0.02,4000,25,100,200,92,92,67,85,0.0639463704499985,0.0855581066418662,0.0238891543239369,0.7527472527472527,2.890826564739608,False,True,False,True,False,False,False,True,True,False,,True,15,1,1
Mono,overall,5,0.9,0.02,4000,25,250,500,100,100,95,100,0.0180109059544172,0.1520533782896482,0.0505050505050505,3.011111111111111,2.941313131313131,False,True,True,True,False,False,False,True,True,False,,True,18,4,3
Mono,overall,5,0.9,0.02,4000,25,500,1000,100,100,97,100,0.0034649858088448,0.2554205603285843,0.101010101010101,6.624141414141414,2.273030303030303,False,True,True,True,False,False,False,True,True,False,,True,18,6,3
Mono,overall,5,0.9,0.02,4000,25,1000,2000,102,102,102,102,0.0152039220652877,0.422229508031965,0.1941370607649,13.710056299747622,1.919821393904096,False,True,True,False,True,False,False,True,True,False,,True,18,7,2
Mono,overall,5,0.9,0.02,4000,50,100,198,121,121,73,108,0.0681586690810321,0.042583747749037,0.0136363636363636,0.2441460055096418,1.1636363636363636,False,True,True,True,True,True,False,True,True,False,,False,15,1,1
Mono,overall,5,0.9,0.02,4000,50,250,500,147,147,123,145,0.0407016749660479,0.0741377053664668,0.0232969900288882,1.6760786506383376,3.373450750163079,False,True,True,True,True,True,False,True,True,False,,True,20,4,3
Mono,overall,5,0.9,0.02,4000,50,500,1000,153,153,150,153,0.0234243973703433,0.1501732417903203,0.0429996560027519,3.8699260405916753,2.9798761609907123,False,True,True,True,True,True,False,True,True,False,,True,20,3,2
Mono,overall,5,0.9,0.02,4000,50,1000,2000,154,154,152,154,0.0179558375024117,0.2349795411337078,0.0848824378236142,8.420337832102538,2.292674645615822,False,True,True,True,True,True,False,True,True,False,,True,20,7,4
Mono,overall,5,0.9,0.02,4000,75,100,197,129,129,83,110,0.1525433218554911,0.0617377454586756,0.0119307170542635,0.1602470930232558,0.7110586240310077,False,True,False,True,False,True,True,True,True,False,,False,16,1,1
Mono,overall,5,0.9,0.02,4000,75,250,500,167,167,135,162,0.1071099413542177,0.0709494140694896,0.0180362167231801,1.339802323064714,3.611283457182021,False,True,True,True,True,True,True,True,True,False,,True,22,3,2
Mono,overall,5,0.9,0.02,4000,75,500,1000,173,173,162,172,0.0860965158687763,0.1392687681769751,0.0336066675628444,3.2226441726038444,2.988607339696196,False,True,True,True,True,True,True,True,True,False,,True,23,4,3
Mono,overall,5,0.9,0.02,4000,75,1000,2000,170,170,169,170,0.0612246416473877,0.2116633308955816,0.0696136442742777,7.52627915071354,2.461851722937696,False,True,True,True,True,True,True,True,True,False,,True,23,5,4
Mono,overall,5,0.9,0.02,4000,100,100,196,128,128,76,111,0.1409820126397666,0.0476590683621933,0.0120570866141732,0.2314837598425196,1.0767716535433072,False,True,True,True,True,True,True,False,True,False,,False,18,1,1
Mono,overall,5,0.9,0.02,4000,100,250,500,170,170,135,165,0.1092512689773441,0.0812954712480299,0.0174034110685694,1.2332057083188306,3.544169857292029,False,True,True,True,True,True,True,True,True,False,,True,22,3,2
Mono,overall,5,0.9,0.02,4000,100,500,1000,176,176,166,176,0.0950511723870146,0.1386190213874907,0.0324675324675324,3.1051623376623376,3.029512987012987,False,True,True,True,True,True,True,True,True,False,,True,23,4,3
Mono,overall,5,0.9,0.02,4000,100,1000,2000,173,173,172,173,0.0726019198139625,0.1980276343793917,0.0672133351256889,7.358784782900927,2.479768786127168,False,True,True,True,True,True,True,True,True,False,,True,23,4,3
Mono,overall,5,0.9,0.03,2000,10,100,200,43,43,40,43,0.0481487889273356,0.3356399046909523,0.1107419712070874,2.7607973421926912,2.29125138427464,False,True,False,False,False,False,False,False,False,False,,False,5,0,0
Mono,overall,5,0.9,0.03,2000,10,250,384,43,43,43,42,0.0185638699924414,0.5590909962018196,0.2126245847176079,5.368770764119601,2.029900332225913,False,True,False,False,False,False,False,False,False,False,,False,6,0,0
Mono,overall,5,0.9,0.03,2000,10,500,386,44,44,44,43,0.0172307416732179,0.5673258127631688,0.2040169133192389,5.1839323467230445,2.057610993657505,False,True,False,False,False,False,False,False,False,False,,False,6,0,0
Mono,overall,5,0.9,0.03,2000,10,1000,360,43,43,42,42,0.0143638148283418,0.5565920289399044,0.1993355481727574,4.8887043189368775,2.009966777408638,False,True,False,False,False,False,False,False,False,False,,False,6,0,0
Mono,overall,5,0.9,0.03,2000,25,100,197,92,92,67,88,0.0855864197530864,0.0964847350716915,0.0235308170090778,0.6227902532250358,1.9659579550883897,False,True,False,True,False,False,False,False,True,False,,True,12,0,0
Mono,overall,5,0.9,0.03,2000,25,250,500,99,99,92,99,0.0342758298839379,0.1982865289460654,0.0515357658214801,2.754380540094826,2.9055864770150484,False,True,False,True,False,False,False,True,True,False,,True,14,0,0
Mono,overall,5,0.9,0.03,2000,25,500,1000,100,100,99,100,0.0194615060217723,0.3318637296557598,0.101010101010101,5.932222222222222,2.384949494949495,False,True,False,True,False,False,False,True,True,False,,True,14,2,1
Mono,overall,5,0.9,0.03,2000,25,1000,1654,98,98,98,98,0.003964197479075,0.483462090222743,0.173995371344414,10.340837365874185,2.042289080580686,False,True,False,True,False,False,False,True,True,False,,True,14,3,1
Mono,overall,5,0.9,0.03,2000,50,100,197,118,118,77,108,0.0676192182507689,0.099719348448162,0.0142691583369549,0.4233666521802115,2.0044908011009706,False,True,False,True,True,True,False,False,True,False,,False,15,1,1
Mono,overall,5,0.9,0.03,2000,50,250,500,144,144,118,142,0.1014442386725692,0.1266323050897998,0.0242812742812742,1.686965811965812,3.094017094017094,False,True,False,True,True,True,False,True,True,False,,True,20,1,1
Mono,overall,5,0.9,0.03,2000,50,500,1000,148,148,136,148,0.0560482187136995,0.2152653926224272,0.0459643316786173,3.6221272292700863,2.682248575105718,False,True,False,True,True,True,False,True,True,False,,True,20,3,1
Mono,overall,5,0.9,0.03,2000,50,1000,2000,147,147,147,147,0.0270948225300441,0.3540988522825983,0.093187960115553,7.898704687354394,2.3047712235579163,False,True,False,True,True,True,False,True,True,False,,True,20,6,2
Mono,overall,5,0.9,0.03,2000,75,100,190,117,117,75,103,0.1450890039136473,0.0686520032673878,0.0139994105511346,0.4025935750073681,1.6062481579722958,False,True,True,True,True,True,True,False,True,False,,True,18,1,1
Mono,overall,5,0.9,0.03,2000,75,250,500,159,159,126,157,0.1111560739879823,0.1212630473623216,0.0199028739750019,1.4051827083830906,3.219011225220922,False,True,True,True,True,True,True,True,True,False,,True,23,5,5
Mono,overall,5,0.9,0.03,2000,75,500,1000,169,169,152,164,0.0776753139009101,0.1881576030032703,0.0352211890673429,3.043145956607495,2.687552831783601,False,True,True,True,True,True,True,True,True,False,,True,23,6,4
Mono,overall,5,0.9,0.03,2000,75,1000,1997,170,170,169,169,0.0425173062487836,0.2925318426310802,0.0695092238078663,6.553811347024017,2.449738948833972,False,True,True,True,True,True,True,True,True,False,,True,23,9,6
Mono,overall,5,0.9,0.03,2000,100,100,190,118,118,71,104,0.1715614369089603,0.0611809565199395,0.0137621324062002,0.3882369984064899,1.523250760538896,False,True,True,True,True,True,True,False,True,False,,True,18,2,2
Mono,overall,5,0.9,0.03,2000,100,250,500,161,161,127,157,0.1291495899228781,0.1143355543187199,0.0194099378881987,1.339557453416149,3.1367624223602486,False,True,True,True,True,True,True,True,True,False,,True,23,5,5
Mono,overall,5,0.9,0.03,2000,100,500,1000,170,170,152,165,0.0928680111097693,0.1784271692100621,0.0348068221371388,2.986390532544379,2.688618169161156,False,True,True,True,True,True,True,True,True,False,,True,23,6,4
Mono,overall,5,0.9,0.03,2000,100,1000,2000,171,171,170,171,0.055919049937148,0.2839983848681198,0.0687994496044031,6.5242518059855525,2.4826625386996906,False,True,True,True,True,True,True,True,True,False,,True,23,7,4
Mono,overall,5,0.9,0.03,3000,10,100,200,45,45,40,44,0.0423335226703197,0.3239774909950348,0.101010101010101,2.5813131313131312,2.0646464646464646,False,True,False,False,False,False,False,False,True,False,,False,7,0,0
Mono,overall,5,0.9,0.03,3000,10,250,500,45,45,45,45,0.0008371957582081,0.5459063421533746,0.2525252525252525,7.443434343434343,1.8994949494949496,False,True,False,False,False,False,False,False,True,False,,False,7,0,0
Mono,overall,5,0.9,0.03,3000,10,500,494,45,45,45,45,0.003392705682782,0.5699063872101882,0.2494949494949495,7.196969696969697,1.9186868686868688,False,True,False,False,False,False,False,False,True,False,,False,6,0,0
Mono,overall,5,0.9,0.03,3000,10,1000,522,44,44,44,44,-0.0024975229965585,0.5953990503942864,0.2758985200845666,7.898520084566596,1.8668076109936576,False,True,False,False,False,False,False,False,True,False,,False,7,0,0
Mono,overall,5,0.9,0.03,3000,25,100,199,92,92,65,89,0.0671731190650109,0.0619267206223728,0.0237697085523172,0.7846392737697085,2.5739369326325847,False,True,False,False,False,False,False,True,True,False,,False,12,0,0
Mono,overall,5,0.9,0.03,3000,25,250,500,99,99,88,99,0.0540391073475168,0.1945929264054994,0.0515357658214801,2.6436817151102865,2.597917955060812,False,True,False,True,False,False,False,True,True,False,,True,14,2,1
Mono,overall,5,0.9,0.03,3000,25,500,1000,98,98,95,98,0.0273107324133529,0.2848674515452087,0.1051967178624027,6.434988428361035,2.2496318114874816,False,True,False,True,False,False,False,True,True,False,,True,14,4,1
Mono,overall,5,0.9,0.03,3000,25,1000,1988,99,99,99,99,0.0066720614249689,0.4731232576607478,0.2049062049062049,13.520820449391875,1.8918779633065348,False,True,False,True,False,False,False,True,True,False,,True,14,6,1
Mono,overall,5,0.9,0.03,3000,50,100,199,122,122,74,112,0.0663726219577,0.0491087691907363,0.0134805581899471,0.3320010838639751,1.8419590841349407,False,True,False,True,True,True,False,True,True,False,,False,16,1,1
Mono,overall,5,0.9,0.03,3000,50,250,500,146,146,118,143,0.084024848496012,0.1241569238754233,0.0236183278223901,1.5779877184695323,3.09466225791214,False,True,False,True,True,True,False,True,True,False,,True,18,2,1
Mono,overall,5,0.9,0.03,3000,50,500,1000,148,148,137,148,0.0667709505918356,0.1760755721912112,0.0459643316786173,3.765352086780658,2.6503493289207576,False,True,False,True,True,True,False,True,True,False,,True,18,2,1
Mono,overall,5,0.9,0.03,3000,50,1000,2000,148,148,148,148,0.0400867216982043,0.2776774318593034,0.0919286633572347,8.499678249678249,2.295734510020224,False,True,False,True,True,True,False,True,True,False,,True,18,5,1
Mono,overall,5,0.9,0.03,3000,75,100,190,130,130,80,113,0.0964969281663515,0.0309523809523809,0.011329755515802,0.149731663685152,0.7189624329159213,False,True,True,True,True,True,True,True,True,False,,False,17,2,2
Mono,overall,5,0.9,0.03,3000,75,250,500,169,169,132,163,0.106506592884798,0.1009525969356148,0.0176105945336714,1.1521555367709213,2.6924485770639617,False,True,True,True,True,True,True,True,True,False,,True,23,5,5
Mono,overall,5,0.9,0.03,3000,75,500,1000,173,173,158,173,0.0898234762682275,0.1395331635134514,0.0336066675628444,3.122529909934131,2.8785791100954428,False,True,True,True,True,True,True,True,True,False,,True,23,6,5
Mono,overall,5,0.9,0.03,3000,75,1000,2000,174,174,172,174,0.0597762276829012,0.2259653175627995,0.0664407680552787,6.950900272407149,2.483057604145904,False,True,True,True,True,True,True,True,True,False,,True,23,10,7
Mono,overall,5,0.9,0.03,3000,100,100,193,130,130,77,117,0.1322314049586776,0.0296819846819846,0.0115086463923673,0.2940966010733452,2.557006559332141,False,True,True,True,True,True,True,True,True,False,,False,16,3,3
Mono,overall,5,0.9,0.03,3000,100,250,500,168,168,129,161,0.1289265103367667,0.1025214739721594,0.017821499857428,1.1607499287140006,2.62132877102937,False,True,True,True,True,True,True,True,True,False,,True,23,6,5
Mono,overall,5,0.9,0.03,3000,100,500,1000,172,172,156,171,0.1251996691871455,0.1481337926392505,0.0339997280021759,3.2199102407180744,2.919046647626819,False,True,True,True,True,True,True,True,True,False,,True,23,6,5
Mono,overall,5,0.9,0.03,3000,100,1000,2000,173,173,172,173,0.0815003367731722,0.2241496124188566,0.0672133351256889,7.077127302056728,2.4869606129856163,False,True,True,True,True,True,True,True,True,False,,True,23,10,7
Mono,overall,5,0.9,0.03,4000,10,100,200,47,47,43,46,0.0168194731404958,0.247652204707076,0.0925069380203515,2.637835337650324,2.3048103607770583,False,True,False,False,False,False,False,False,True,False,,False,6,0,0
Mono,overall,5,0.9,0.03,4000,10,250,500,46,46,44,46,-0.0023235713736006,0.4877659038231358,0.2415458937198067,7.594685990338164,1.7734299516908212,False,True,False,False,False,False,False,False,True,False,,False,6,0,0
Mono,overall,5,0.9,0.03,4000,10,500,622,46,46,46,46,-0.0021909162349979,0.5953766521233422,0.3004830917874396,9.571497584541063,1.7821256038647344,False,True,False,False,False,False,False,False,True,False,,False,6,0,0
Mono,overall,5,0.9,0.03,4000,10,1000,660,47,47,47,47,-0.0020850329234893,0.578847354447359,0.30527289546716,10.117946345975948,1.7622571692876965,False,True,False,False,False,False,False,False,True,False,,False,6,0,0
Mono,overall,5,0.9,0.03,4000,25,100,199,91,91,68,86,0.0199853907962016,0.0839384059164279,0.0242979242979243,0.7097680097680098,2.297191697191697,False,True,True,True,False,False,False,True,True,False,,False,14,0,0
Mono,overall,5,0.9,0.03,4000,25,250,500,98,98,90,98,0.0377556610664718,0.1664872982022679,0.0525983589312013,2.8950136755733222,2.9846412791920893,False,True,True,True,False,False,False,True,True,False,,True,16,2,1
Mono,overall,5,0.9,0.03,4000,25,500,1000,98,98,94,98,0.0187757681783997,0.2659379618407903,0.1051967178624027,6.736377025036819,2.2420576478013885,False,True,True,True,False,False,False,True,True,False,,True,15,4,3
Mono,overall,5,0.9,0.03,4000,25,1000,2000,99,99,99,99,0.0167138684092719,0.4273077143711697,0.2061430632859204,14.391981034838178,1.8946608946608947,False,True,True,True,False,False,False,True,True,False,,True,15,7,4
Mono,overall,5,0.9,0.03,4000,50,100,199,119,119,72,105,0.0829806857638889,0.0480646804176215,0.0141717704030764,0.2382139296396524,1.15232872810141,False,True,True,True,False,True,False,True,True,False,,False,15,0,0
Mono,overall,5,0.9,0.03,4000,50,250,500,144,144,121,141,0.0932328854406776,0.1003045999288903,0.0242812742812742,1.533362470862471,2.938908313908314,False,True,True,True,True,True,False,True,True,False,,True,19,2,2
Mono,overall,5,0.9,0.03,4000,50,500,1000,149,149,136,149,0.0652091980577962,0.1554347497010736,0.0453473607836023,3.799065844367858,2.662434246326864,False,True,True,True,True,True,False,True,True,False,,True,20,3,2
Mono,overall,5,0.9,0.03,4000,50,1000,2000,148,148,146,148,0.0276190433679447,0.2451740571065738,0.0919286633572347,8.810213274498988,2.2507813936385364,False,True,True,True,True,True,False,True,True,False,,True,20,4,3
Mono,overall,5,0.9,0.03,4000,75,100,193,125,125,75,109,0.1543349850228156,0.0495238095238095,0.0124516129032258,0.2031612903225806,1.005032258064516,False,True,True,True,True,True,True,True,True,False,,False,17,1,1
Mono,overall,5,0.9,0.03,4000,75,250,499,161,161,132,154,0.1144567677682209,0.1227229202797919,0.0193711180124223,1.303998447204969,3.016498447204969,False,True,True,True,True,True,True,True,True,False,,True,23,5,4
Mono,overall,5,0.9,0.03,4000,75,500,1000,172,172,158,171,0.087145804478301,0.1466574368316636,0.0339997280021759,3.0886032911736705,2.878484972120224,False,True,True,True,True,True,True,True,True,False,,True,23,7,6
Mono,overall,5,0.9,0.03,4000,75,1000,2000,173,173,168,173,0.0701956050529907,0.2096338834557228,0.0672133351256889,7.230440919478425,2.421528431240758,False,True,True,True,True,True,True,True,True,False,,True,23,9,7
Mono,overall,5,0.9,0.03,4000,100,100,192,129,129,76,114,0.1632445880637136,0.0351650502813293,0.0116279069767441,0.2435198643410852,1.6446826550387597,False,True,True,True,True,True,True,True,True,False,,False,17,1,1
Mono,overall,5,0.9,0.03,4000,100,250,493,165,165,133,157,0.1538389460467382,0.09252215443603,0.0182187730968218,1.213710273466371,2.930672579453068,False,True,True,True,True,True,True,True,True,False,,True,23,3,3
Mono,overall,5,0.9,0.03,4000,100,500,1000,174,174,158,173,0.1096987070381319,0.1412439582366768,0.0332203840276393,3.045013620357451,2.915719885721879,False,True,True,True,True,True,True,True,True,False,,True,23,7,6
Mono,overall,5,0.9,0.03,4000,100,1000,2000,174,174,169,174,0.0795299964539908,0.2071838756832926,0.0664407680552787,7.172878878479835,2.431532788519035,False,True,True,True,True,True,True,True,True,False,,True,23,10,7
Eryth,cellstate,50,0.5,0.005,2000,10,100,200,35,35,35,31,-0.052150422758768,0.3779967464841414,0.1680672268907563,3.326890756302521,1.9899159663865549,False,True,True,True,False,True,True,True,True,False,,False,12,3,2
Eryth,cellstate,50,0.5,0.005,2000,10,250,276,37,37,37,32,-0.0189870065673328,0.502059507803888,0.2072072072072072,4.274774774774775,1.7192192192192193,False,True,True,True,False,True,True,True,True,False,,False,12,4,3
Eryth,cellstate,50,0.5,0.005,2000,10,500,234,35,35,35,31,-0.0572415865384615,0.4532270969975525,0.1966386554621848,3.8084033613445376,1.8781512605042017,False,True,True,True,False,True,True,True,True,False,,False,12,4,3
Eryth,cellstate,50,0.5,0.005,2000,10,1000,274,37,37,37,32,-0.0088785550129273,0.503204896238952,0.2057057057057057,4.24024024024024,1.7252252252252251,False,True,True,True,False,True,True,True,True,False,,False,12,4,3
Eryth,cellstate,50,0.5,0.005,2000,25,100,198,68,68,58,66,0.0408272974196469,0.155475572581974,0.0434591747146619,1.2774363476733976,2.5370939420544336,False,True,True,True,True,True,True,True,True,False,,False,16,2,1
Eryth,cellstate,50,0.5,0.005,2000,25,250,500,73,73,68,69,0.0177916522141287,0.2995805755137585,0.0951293759512937,3.721461187214612,2.260654490106545,False,True,True,True,True,True,True,True,True,False,,False,17,6,3
Eryth,cellstate,50,0.5,0.005,2000,25,500,740,74,74,73,70,-0.0116427806928237,0.3926684259249988,0.136986301369863,5.487597186227323,2.1629026286560533,False,True,True,True,True,True,True,True,True,False,,False,17,6,3
Eryth,cellstate,50,0.5,0.005,2000,25,1000,706,72,72,70,67,-0.0027060250594884,0.3976236006963616,0.1381064162754303,5.38302034428795,2.074530516431925,False,True,True,True,True,True,True,True,True,False,,False,17,6,4
Eryth,cellstate,50,0.5,0.005,2000,50,100,197,102,102,73,93,0.0186426592797784,0.058008658008658,0.0191225004853426,0.5440691127936323,1.6949136090079595,False,True,True,True,True,True,True,True,True,False,,False,18,2,1
Eryth,cellstate,50,0.5,0.005,2000,50,250,500,119,119,102,116,0.0446849187059827,0.1523556867409228,0.0356074633243127,2.0153112092294543,2.903717419171058,False,True,True,True,True,True,True,True,True,False,,False,20,2,1
Eryth,cellstate,50,0.5,0.005,2000,50,500,1000,121,121,114,118,0.0161305642093783,0.2537643381491434,0.0688705234159779,4.413980716253444,2.4648760330578514,False,True,True,True,True,True,True,True,True,False,,False,20,5,2
Eryth,cellstate,50,0.5,0.005,2000,50,1000,1597,122,122,121,120,-0.0032620152245394,0.3489065682838165,0.108183173011787,7.270762769272456,2.295894865194418,False,True,True,True,True,True,True,True,True,False,,False,20,6,3
Eryth,cellstate,50,0.5,0.005,2000,75,100,196,116,116,81,99,-0.0020345052083333,0.0672998457481215,0.0146926536731634,0.4401799100449775,1.8150674662668669,False,True,True,True,True,True,True,True,True,False,,False,20,2,1
Eryth,cellstate,50,0.5,0.005,2000,75,250,479,140,140,114,132,0.0223459794887039,0.128317477171299,0.0246145940390544,1.456988694758479,2.67934224049332,False,True,True,True,True,True,True,True,True,False,,False,21,2,1
Eryth,cellstate,50,0.5,0.005,2000,75,500,956,146,146,134,143,0.0202256183634225,0.193134343693094,0.04515824279641,3.297213037316958,2.7370807746811527,False,True,True,True,True,True,True,True,True,False,,False,21,3,2
Eryth,cellstate,50,0.5,0.005,2000,75,1000,1926,145,145,145,142,-0.0019514233991678,0.3028571672339554,0.0922413793103448,7.286494252873563,2.3916666666666666,False,True,True,True,True,True,True,True,True,False,,False,21,6,4
Eryth,cellstate,50,0.5,0.005,2000,100,100,188,108,108,77,97,0.0545007783645188,0.0454470940582051,0.0162686050536517,0.4981827622014538,1.97533748701973,False,True,True,True,True,True,True,True,True,False,,False,20,2,1
Eryth,cellstate,50,0.5,0.005,2000,100,250,482,140,140,114,132,0.031850374845733,0.1275075668373948,0.0247687564234326,1.4510791366906477,2.682682425488181,False,True,True,True,True,True,True,True,True,False,,False,21,2,1
Eryth,cellstate,50,0.5,0.005,2000,100,500,954,147,147,135,144,0.0263048901359355,0.1856651491006373,0.0444506569751188,3.282452707110241,2.749557357189451,False,True,True,True,True,True,True,True,True,False,,True,22,3,2
Eryth,cellstate,50,0.5,0.005,2000,100,1000,1926,147,147,147,144,0.0024496521409707,0.3014797367928227,0.0897400055912776,7.196626595843817,2.406765445904389,False,True,True,True,True,True,True,True,True,False,,True,22,8,6
Eryth,cellstate,50,0.5,0.005,3000,10,100,200,36,36,36,33,0.0060646685179865,0.3631144953448875,0.1587301587301587,3.361111111111111,2.080952380952381,False,True,True,True,False,True,True,True,True,False,,False,12,3,2
Eryth,cellstate,50,0.5,0.005,3000,10,250,302,37,37,37,33,-0.0179546328335255,0.5425267445512433,0.2267267267267267,4.647897897897898,1.7424924924924925,False,True,True,True,False,True,True,True,True,False,,False,12,4,3
Eryth,cellstate,50,0.5,0.005,3000,10,500,269,35,35,35,31,-0.0528045101982189,0.5195620684784772,0.2260504201680672,4.338655462184874,1.7756302521008402,False,True,True,True,False,True,True,True,True,False,,False,12,4,3
Eryth,cellstate,50,0.5,0.005,3000,10,1000,302,37,37,37,33,-0.0179546328335255,0.5425267445512433,0.2267267267267267,4.647897897897898,1.7424924924924925,False,True,True,True,False,True,True,True,True,False,,False,12,4,3
Eryth,cellstate,50,0.5,0.005,3000,25,100,200,68,68,57,67,0.0458320769715742,0.1209124638691202,0.0438981562774363,1.3650131694468832,2.616110623353819,False,True,True,True,True,True,True,True,True,False,,False,17,2,1
Eryth,cellstate,50,0.5,0.005,3000,25,250,500,72,72,68,68,0.0151023239680887,0.2703843639340374,0.0978090766823161,3.845657276995305,2.3135758998435056,False,True,True,True,True,True,True,True,True,False,,False,17,6,4
Eryth,cellstate,50,0.5,0.005,3000,25,500,817,74,74,71,69,-0.0069453094162536,0.4333646491537399,0.1512402813772676,5.99333580155498,1.960385042576824,False,True,True,True,True,True,True,True,True,False,,False,17,6,4
Eryth,cellstate,50,0.5,0.005,3000,25,1000,809,72,72,72,68,-0.011853394418992,0.4380144797824267,0.1582550860719875,6.270735524256651,2.084115805946792,False,True,True,True,True,True,True,True,True,False,,False,17,6,4
Eryth,cellstate,50,0.5,0.005,3000,50,100,200,107,107,73,97,0.038805930492082,0.0615111752824782,0.0176335743255157,0.5849056603773585,2.29606771292541,False,True,True,True,True,True,True,True,True,False,,False,20,1,1
Eryth,cellstate,50,0.5,0.005,3000,50,250,500,118,118,100,116,0.0436284722222222,0.1717954065402508,0.0362161379110531,2.0141242937853105,2.6153121831087933,False,True,True,True,True,True,True,True,True,False,,False,20,2,1
Eryth,cellstate,50,0.5,0.005,3000,50,500,1000,121,121,113,117,0.0006556093962433,0.2526104208611267,0.0688705234159779,4.484159779614325,2.388636363636364,False,True,True,True,True,True,True,True,True,False,,False,20,5,3
Eryth,cellstate,50,0.5,0.005,3000,50,1000,1825,121,121,120,119,-0.007631210391793,0.4032984783842419,0.1256887052341598,8.47789256198347,2.17534435261708,False,True,True,True,True,True,True,True,True,False,,False,20,6,4
Eryth,cellstate,50,0.5,0.005,3000,75,100,195,116,116,80,98,0.0178358289930555,0.0596522251694665,0.0146176911544227,0.4375562218890554,2.018965517241379,False,True,True,True,True,True,True,True,True,False,,False,20,1,1
Eryth,cellstate,50,0.5,0.005,3000,75,250,480,137,137,112,130,0.0235559415873959,0.1148585032776641,0.025762129669386,1.5494310863031344,2.6504401030485187,False,True,True,True,True,True,True,True,True,False,,False,21,2,1
Eryth,cellstate,50,0.5,0.005,3000,75,500,961,142,142,131,137,0.0056303381809787,0.197854954238573,0.0479972030766157,3.3946159224852663,2.675756667665568,False,True,True,True,True,True,True,True,True,False,,False,21,4,3
Eryth,cellstate,50,0.5,0.005,3000,75,1000,1926,143,143,141,140,-0.0107752051366512,0.3407070199276772,0.0948488131586723,7.348123707278637,2.297646015955875,False,True,True,True,True,True,True,True,True,False,,False,21,6,4
Eryth,cellstate,50,0.5,0.005,3000,100,100,195,115,115,78,100,0.0483518005540166,0.0563571694006476,0.0148741418764302,0.4682684973302822,1.8820747520976355,False,True,True,True,True,True,True,True,True,False,,False,21,1,1
Eryth,cellstate,50,0.5,0.005,3000,100,250,492,145,145,114,138,0.0270271468144043,0.1020842513154657,0.0235632183908045,1.4569444444444444,2.928687739463601,False,True,True,True,True,True,True,True,True,False,,True,22,2,1
Eryth,cellstate,50,0.5,0.005,3000,100,500,958,144,144,131,139,-0.0009379375781363,0.1932696571481374,0.0465229215229215,3.341491841491841,2.641948329448329,False,True,True,True,True,True,True,True,True,False,,False,21,4,3
Eryth,cellstate,50,0.5,0.005,3000,100,1000,1922,148,148,145,145,-0.0046770701081101,0.2990163325354751,0.0883434454863026,7.094870380584666,2.3413311270454127,False,True,True,True,True,True,True,True,True,False,,True,22,6,4
Eryth,cellstate,50,0.5,0.005,4000,10,100,200,35,35,35,31,-0.0457221350078492,0.3690743150407016,0.1680672268907563,3.364705882352941,2.03109243697479,False,True,True,True,False,True,True,True,True,False,,False,12,2,2
Eryth,cellstate,50,0.5,0.005,4000,10,250,269,35,35,35,31,-0.0528045101982189,0.5195620684784772,0.2260504201680672,4.338655462184874,1.7756302521008402,False,True,True,True,False,True,True,True,True,False,,False,12,4,2
Eryth,cellstate,50,0.5,0.005,4000,10,500,269,35,35,35,31,-0.0528045101982189,0.5195620684784772,0.2260504201680672,4.338655462184874,1.7756302521008402,False,True,True,True,False,True,True,True,True,False,,False,12,4,2
Eryth,cellstate,50,0.5,0.005,4000,10,1000,269,35,35,35,31,-0.0528045101982189,0.5195620684784772,0.2260504201680672,4.338655462184874,1.7756302521008402,False,True,True,True,False,True,True,True,True,False,,False,12,4,2
Eryth,cellstate,50,0.5,0.005,4000,25,100,200,73,73,56,69,0.0536717743482908,0.0997396699271248,0.0380517503805175,1.106164383561644,1.978310502283105,False,True,True,True,True,True,True,True,True,False,,False,17,2,1
Eryth,cellstate,50,0.5,0.005,4000,25,250,500,74,74,67,69,0.0311394196744515,0.264080534045384,0.0925583117363939,3.59959274342836,2.1094039244724176,False,True,True,True,True,True,True,True,True,False,,False,17,3,2
Eryth,cellstate,50,0.5,0.005,4000,25,500,809,72,72,72,68,-0.011853394418992,0.4380144797824267,0.1582550860719875,6.270735524256651,2.084115805946792,False,True,True,True,True,True,True,True,True,False,,False,17,6,4
Eryth,cellstate,50,0.5,0.005,4000,25,1000,817,74,74,71,69,-0.0069453094162536,0.4333646491537399,0.1512402813772676,5.99333580155498,1.960385042576824,False,True,True,True,True,True,True,True,True,False,,False,17,6,4
Eryth,cellstate,50,0.5,0.005,4000,50,100,200,108,108,72,98,0.0357104899564246,0.0600305071796299,0.017307026652821,0.5540844582900658,2.0344409830391137,False,True,True,True,True,True,True,True,True,False,,False,20,1,1
Eryth,cellstate,50,0.5,0.005,4000,50,250,500,119,119,100,115,0.0331915394371537,0.1517901780453552,0.0356074633243127,1.897308075772682,2.726890756302521,False,True,True,True,True,True,True,True,True,False,,False,20,2,1
Eryth,cellstate,50,0.5,0.005,4000,50,500,1000,121,121,113,117,0.0125715039149661,0.2491246442680513,0.0688705234159779,4.468388429752066,2.39366391184573,False,True,True,True,True,True,True,True,True,False,,False,20,5,3
Eryth,cellstate,50,0.5,0.005,4000,50,1000,1825,121,121,120,119,-0.007631210391793,0.4032984783842419,0.1256887052341598,8.47789256198347,2.17534435261708,False,True,True,True,True,True,True,True,True,False,,False,20,6,4
Eryth,cellstate,50,0.5,0.005,4000,75,100,195,115,115,82,96,0.0147976345486111,0.0572723894463024,0.0148741418764302,0.4556826849733028,1.970556826849733,False,True,True,True,True,True,True,True,True,False,,False,20,1,1
Eryth,cellstate,50,0.5,0.005,4000,75,250,479,135,135,112,129,0.0171567249489327,0.1329285538392568,0.0264787175234936,1.5971807628524046,2.7067440574903263,False,True,True,True,True,True,True,True,True,False,,False,21,2,1
Eryth,cellstate,50,0.5,0.005,4000,75,500,960,143,143,133,138,0.0056579909202832,0.1948096166292378,0.0472766669949768,3.422929183492564,2.7185068452674086,False,True,True,True,True,True,True,True,True,False,,False,21,4,3
Eryth,cellstate,50,0.5,0.005,4000,75,1000,1926,144,144,142,141,-0.0125376209517413,0.3391453098030905,0.0935314685314685,7.26753108003108,2.3150252525252526,False,True,True,True,True,True,True,True,True,False,,False,21,6,4
Eryth,cellstate,50,0.5,0.005,4000,100,100,196,116,116,78,101,0.0378416161837668,0.0558340127305644,0.0146926536731634,0.4836581709145427,1.988530734632684,False,True,True,True,True,True,True,True,True,False,,False,21,1,1
Eryth,cellstate,50,0.5,0.005,4000,100,250,493,144,144,116,137,0.0282752807005155,0.1092549977034883,0.0239413364413364,1.5165112665112666,2.971493783993784,False,True,True,True,True,True,True,True,True,False,,False,21,2,1
Eryth,cellstate,50,0.5,0.005,4000,100,500,962,147,147,132,141,0.0118850965988832,0.1723240171546363,0.044823408815581,3.224070450097847,2.562668903177709,False,True,True,True,True,True,True,True,True,False,,True,22,3,2
Eryth,cellstate,50,0.5,0.005,4000,100,1000,1920,148,148,145,145,-0.0031820502875279,0.3003206369020675,0.0882515168229454,7.092801985659128,2.339584482441625,False,True,True,True,True,True,True,True,True,False,,True,22,6,4
Eryth,cellstate,50,0.5,0.01,2000,10,100,200,36,36,35,33,0.0239628748843968,0.393238936988937,0.1587301587301587,3.475396825396825,1.9436507936507936,False,True,True,True,True,True,True,True,True,False,,False,15,4,3
Eryth,cellstate,50,0.5,0.01,2000,10,250,288,36,36,36,33,0.0106945079510237,0.49314735471716,0.2285714285714285,5.0626984126984125,1.7746031746031743,False,True,True,True,True,True,True,True,True,False,,False,15,7,4
Eryth,cellstate,50,0.5,0.01,2000,10,500,320,36,36,36,33,0.0161784361773223,0.5059924035617827,0.2539682539682539,5.704761904761905,1.727777777777778,False,True,True,True,True,True,True,True,True,False,,False,14,7,5
Eryth,cellstate,50,0.5,0.01,2000,10,1000,286,36,36,36,33,0.0079974518345069,0.4931099398886113,0.2269841269841269,5.0285714285714285,1.7809523809523808,False,True,True,True,True,True,True,True,True,False,,False,15,7,4
Eryth,cellstate,50,0.5,0.01,2000,25,100,200,71,71,58,67,0.0291203703703703,0.1292726053289433,0.0402414486921529,1.3271629778672032,2.5688128772635817,False,True,True,True,True,True,True,True,True,False,,False,15,3,3
Eryth,cellstate,50,0.5,0.01,2000,25,250,500,73,73,71,70,0.0170683677164299,0.2713361257564187,0.0951293759512937,4.169901065449011,2.353310502283105,False,True,True,True,True,True,True,True,True,False,,False,15,4,4
Eryth,cellstate,50,0.5,0.01,2000,25,500,911,73,73,73,70,-0.002653124047736,0.4434220721050093,0.1733257229832572,7.841704718417047,1.970890410958904,False,True,True,True,True,True,True,True,True,False,,False,15,7,5
Eryth,cellstate,50,0.5,0.01,2000,25,1000,949,73,73,73,70,-0.0079868821684485,0.4542331238706587,0.1805555555555555,8.120433789954339,1.9560502283105023,False,True,True,True,True,True,True,True,True,False,,False,15,7,5
Eryth,cellstate,50,0.5,0.01,2000,50,100,199,107,107,73,95,0.0396672702580353,0.0679495219214845,0.0175454064538882,0.5866690178099101,2.7400811144418973,False,True,True,True,True,True,True,True,True,False,,True,19,2,2
Eryth,cellstate,50,0.5,0.01,2000,50,250,500,123,123,103,118,0.0519343276679384,0.1308965784132867,0.0333200053312008,1.8607223777155804,2.4332267093162736,False,True,True,True,True,True,True,True,True,False,,True,20,5,4
Eryth,cellstate,50,0.5,0.01,2000,50,500,1000,125,125,120,124,0.0388116825208085,0.2158625050355437,0.064516129032258,4.524064516129032,2.585806451612904,False,True,True,True,True,True,True,True,True,False,,True,20,6,4
Eryth,cellstate,50,0.5,0.01,2000,50,1000,1843,126,126,126,126,0.0057139206107071,0.3302411604374329,0.117015873015873,8.958285714285715,2.271936507936508,False,True,True,True,True,True,True,True,True,False,,True,20,10,4
Eryth,cellstate,50,0.5,0.01,2000,75,100,195,115,115,78,95,0.0333293080545827,0.0491150878107399,0.0148741418764302,0.427536231884058,1.9243325705568268,False,True,True,True,False,True,True,True,True,False,,True,19,2,2
Eryth,cellstate,50,0.5,0.01,2000,75,250,493,146,146,116,137,0.0472456371956766,0.0650048199064272,0.0232876712328767,1.4034955125177138,2.472413793103448,False,True,True,True,True,True,True,True,True,False,,True,22,3,3
Eryth,cellstate,50,0.5,0.01,2000,75,500,985,150,150,140,148,0.0426534594554075,0.1736947851774776,0.0440715883668903,3.441834451901566,2.716062639821029,False,True,True,True,True,True,True,True,True,False,,True,22,6,4
Eryth,cellstate,50,0.5,0.01,2000,75,1000,1967,151,151,151,151,0.0239067243639411,0.2815101803335969,0.0868432671081677,7.609227373068433,2.4254304635761588,False,True,True,True,True,True,True,True,True,False,,True,22,8,5
Eryth,cellstate,50,0.5,0.01,2000,100,100,197,115,115,80,98,0.0629128656810318,0.039293267119354,0.0150266971777269,0.4786422578184592,2.370556826849733,False,True,True,True,True,True,True,True,True,False,,True,21,2,2
Eryth,cellstate,50,0.5,0.01,2000,100,250,499,153,153,122,140,0.0613829787234042,0.0712239889970115,0.0214568283453732,1.2985036119711042,2.375042999656003,False,True,True,True,True,True,True,True,True,False,,True,22,3,3
Eryth,cellstate,50,0.5,0.01,2000,100,500,983,155,155,143,153,0.0525032326980378,0.1549475424035095,0.0411813992459153,3.3166317553414326,2.745622119815668,False,True,True,True,True,True,True,True,True,False,,True,22,6,4
Eryth,cellstate,50,0.5,0.01,2000,100,1000,1965,155,155,154,155,0.0276135387024113,0.2790384921614752,0.08232090490155,7.288646837033934,2.448261416003352,False,True,True,True,True,True,True,True,True,False,,True,22,8,5
Eryth,cellstate,50,0.5,0.01,3000,10,100,200,36,36,36,34,0.0363241724919403,0.3455377184543851,0.1587301587301587,3.6,2.1595238095238094,False,True,True,True,True,True,True,True,True,False,,False,14,6,4
Eryth,cellstate,50,0.5,0.01,3000,10,250,368,37,37,37,35,0.0181126916997735,0.5533881516842049,0.2762762762762762,6.42942942942943,1.7717717717717718,False,True,True,True,True,True,True,True,True,False,,False,15,7,5
Eryth,cellstate,50,0.5,0.01,3000,10,500,367,37,37,37,35,0.0156732061273851,0.5490783148879796,0.2755255255255255,6.426426426426427,1.7725225225225223,False,True,True,True,True,True,True,True,True,False,,False,15,7,4
Eryth,cellstate,50,0.5,0.01,3000,10,1000,314,36,36,36,34,0.0007766272189349,0.531990530394028,0.2492063492063492,5.615079365079365,1.805555555555556,False,True,True,True,True,True,True,True,True,False,,False,14,7,4
Eryth,cellstate,50,0.5,0.01,3000,25,100,200,73,73,59,71,0.0230709876543209,0.1399184149184149,0.0380517503805175,1.2941400304414004,2.787290715372907,False,True,True,True,True,True,True,True,True,False,,False,17,5,4
Eryth,cellstate,50,0.5,0.01,3000,25,250,500,71,71,66,70,0.0268423597910451,0.276663420046157,0.1006036217303823,4.283098591549296,2.243460764587525,False,True,True,True,True,True,True,True,True,False,,False,17,5,4
Eryth,cellstate,50,0.5,0.01,3000,25,500,987,72,72,71,71,-0.0015170894713082,0.4735109859024873,0.193075117370892,8.817292644757433,1.948356807511737,False,True,True,True,True,True,True,True,True,False,,False,17,7,4
Eryth,cellstate,50,0.5,0.01,3000,25,1000,1145,73,73,73,72,-0.0076110185275953,0.5078898289361069,0.2178462709284627,10.171042617960426,1.935882800608828,False,True,True,True,True,True,True,True,True,False,,False,17,8,5
Eryth,cellstate,50,0.5,0.01,3000,50,100,199,107,107,75,98,0.0565040170132325,0.0426196856103398,0.0175454064538882,0.5728266619643801,2.480514900370305,False,True,True,True,False,True,True,True,True,False,,False,18,2,2
Eryth,cellstate,50,0.5,0.01,3000,50,250,500,124,124,101,123,0.0414578451916419,0.1165684898925435,0.032782585890375,2.028324154209284,2.788027799632835,False,True,True,True,True,True,True,True,True,False,,True,21,2,2
Eryth,cellstate,50,0.5,0.01,3000,50,500,1000,125,125,120,125,0.0258284650133092,0.2213916139283168,0.064516129032258,4.654129032258065,2.5421290322580643,False,True,True,True,True,True,True,True,True,False,,True,21,6,4
Eryth,cellstate,50,0.5,0.01,3000,50,1000,2000,127,127,126,127,0.0171681032016933,0.3516592513690292,0.1249843769528809,9.668791401074866,2.1650418697662794,False,True,True,True,True,True,True,True,True,False,,False,20,8,4
Eryth,cellstate,50,0.5,0.01,3000,75,100,197,114,114,83,102,0.0412224909671832,0.0467102098681046,0.0152926564198105,0.4906846762925012,2.263934171712467,False,True,True,True,False,True,True,True,True,False,,True,20,2,2
Eryth,cellstate,50,0.5,0.01,3000,75,250,500,147,147,118,142,0.0379301750075664,0.1047313171373321,0.0232969900288882,1.6358214518684189,2.8659491193737767,False,True,True,True,True,True,True,True,True,False,,True,22,2,2
Eryth,cellstate,50,0.5,0.01,3000,75,500,998,149,149,139,148,0.0518849352539188,0.1773156743753357,0.0452566660620351,3.681706874659895,2.703246871032106,False,True,True,True,True,True,True,True,True,False,,True,22,5,4
Eryth,cellstate,50,0.5,0.01,3000,75,1000,1993,150,150,149,150,0.0275924112294949,0.2860840666677805,0.0891722595078299,7.863713646532439,2.337002237136465,False,True,True,True,True,True,True,True,True,False,,True,22,10,5
Eryth,cellstate,50,0.5,0.01,3000,100,100,190,108,108,76,97,0.0188533057851239,0.0484617748506637,0.0164416753201799,0.5096919349255797,2.286863966770509,False,True,True,True,False,True,True,False,True,False,,False,17,2,2
Eryth,cellstate,50,0.5,0.01,3000,100,250,499,151,151,120,147,0.0552306432373729,0.0974151349494353,0.0220309050772626,1.4052538631346578,2.5861368653421635,False,True,True,True,True,True,True,True,True,False,,True,22,4,4
Eryth,cellstate,50,0.5,0.01,3000,100,500,995,155,155,146,154,0.0570403531807984,0.1749108796353527,0.0416841223292836,3.466149979053205,2.856807708420612,False,True,True,True,True,True,True,True,True,False,,True,22,5,4
Eryth,cellstate,50,0.5,0.01,3000,100,1000,1993,158,158,157,158,0.0297966915579674,0.2556233140312954,0.0803434652906554,7.594291703620092,2.4151414980246715,False,True,True,True,True,True,True,True,True,False,,True,22,10,5
Eryth,cellstate,50,0.5,0.01,4000,10,100,200,36,36,35,35,0.0518226469310701,0.3465467720369681,0.1587301587301587,3.68968253968254,2.096825396825397,False,True,True,True,True,True,True,True,True,False,,False,14,5,4
Eryth,cellstate,50,0.5,0.01,4000,10,250,347,36,36,36,35,0.0030470914127423,0.5911284328904638,0.2753968253968254,6.1761904761904765,1.819047619047619,False,True,True,True,True,True,True,True,True,False,,False,14,8,6
Eryth,cellstate,50,0.5,0.01,4000,10,500,390,36,36,36,35,0.0042811648774234,0.617983842744212,0.3095238095238095,7.080952380952381,1.7634920634920634,False,True,True,True,True,True,True,True,True,False,,False,14,8,7
Eryth,cellstate,50,0.5,0.01,4000,10,1000,389,36,36,36,35,0.0050390526581002,0.6163336099333332,0.3087301587301587,7.069047619047619,1.7642857142857142,False,True,True,True,True,True,True,True,True,False,,False,14,8,7
Eryth,cellstate,50,0.5,0.01,4000,25,100,200,73,73,60,70,0.0475543478260869,0.0675139168289853,0.0380517503805175,1.3200152207001523,2.908295281582953,False,True,True,True,True,True,True,True,True,False,,False,17,2,2
Eryth,cellstate,50,0.5,0.01,4000,25,250,500,73,73,68,73,0.0281805293005671,0.2756567939351347,0.0951293759512937,4.149733637747336,2.301179604261796,False,True,True,True,True,True,True,True,True,False,,False,17,5,4
Eryth,cellstate,50,0.5,0.01,4000,25,500,1000,73,73,72,73,-0.0018559180587097,0.4659634822932222,0.1902587519025875,8.793188736681888,1.9944824961948249,False,True,True,True,True,True,True,True,True,False,,False,17,8,6
Eryth,cellstate,50,0.5,0.01,4000,25,1000,1268,72,72,72,71,-0.0105387186844746,0.5623108269935221,0.2480438184663536,11.416666666666666,1.871087636932708,False,True,True,True,True,True,True,True,True,False,,False,17,9,7
Eryth,cellstate,50,0.5,0.01,4000,50,100,197,104,104,76,92,0.0454116503188538,0.0558032245532245,0.0183905899925317,0.5778566094100075,2.437826736370426,False,True,True,True,False,True,True,True,True,False,,True,18,2,2
Eryth,cellstate,50,0.5,0.01,4000,50,250,498,123,123,103,122,0.0231518467598097,0.1291249716486948,0.033186725309876,2.027855524456884,2.762561642009863,False,True,True,True,True,True,True,True,True,False,,False,19,5,4
Eryth,cellstate,50,0.5,0.01,4000,50,500,997,124,124,118,124,0.0170706840814506,0.219733657604905,0.0653684762654078,4.702924206661422,2.5362575399947547,False,True,True,True,True,True,True,True,True,False,,False,19,5,4
Eryth,cellstate,50,0.5,0.01,4000,50,1000,1994,124,124,123,124,0.0060243867316829,0.3666751551595264,0.1307369525308156,9.900668764752163,2.1210988722790454,False,True,True,True,True,True,True,True,True,False,,False,19,8,5
Eryth,cellstate,50,0.5,0.01,4000,75,100,193,111,111,79,100,0.028966049382716,0.0365041365041365,0.0158067158067158,0.466011466011466,2.353890253890254,False,True,True,True,False,True,True,False,True,False,,False,18,2,2
Eryth,cellstate,50,0.5,0.01,4000,75,250,499,146,146,118,141,0.050868806637113,0.0887269396021887,0.0235710911667453,1.6663675011809165,2.9834671705243268,False,True,True,True,True,True,True,True,True,False,,True,22,2,2
Eryth,cellstate,50,0.5,0.01,4000,75,500,997,148,148,138,147,0.0288971255402741,0.1777043944234772,0.0458264386835815,3.793206471777901,2.7348777348777347,False,True,True,True,True,True,True,True,True,False,,True,22,4,4
Eryth,cellstate,50,0.5,0.01,4000,75,1000,1996,147,147,144,147,0.0243540886515392,0.2912135702484096,0.0930015841953219,8.107678687913522,2.2857608796943434,False,True,True,True,True,True,True,True,True,False,,True,22,9,5
Eryth,cellstate,50,0.5,0.01,4000,100,100,191,110,110,79,98,0.0264802423936371,0.0417505222050676,0.015929941618015,0.4718932443703086,2.42977481234362,False,True,True,True,False,True,True,False,True,False,,False,17,2,2
Eryth,cellstate,50,0.5,0.01,4000,100,250,498,150,150,125,146,0.0640742417383431,0.097546946460259,0.0222818791946308,1.5190604026845638,3.105234899328859,False,True,True,True,True,True,True,True,True,False,,True,22,4,4
Eryth,cellstate,50,0.5,0.01,4000,100,500,994,155,155,144,155,0.0442274217613143,0.1619342128591871,0.0416422287390029,3.456891495601173,2.877670716380394,False,True,True,True,True,True,True,True,True,False,,True,22,5,4
Eryth,cellstate,50,0.5,0.01,4000,100,1000,1991,157,157,155,157,0.0335431276937686,0.2508308673247275,0.0812918504001306,7.694267515923567,2.387024334476564,False,True,True,True,True,True,True,True,True,False,,True,22,8,5
Eryth,cellstate,50,0.5,0.02,2000,10,100,200,36,36,35,36,-0.008078231292517,0.3544928609879592,0.1587301587301587,3.757936507936508,2.270634920634921,False,True,True,True,True,False,True,True,False,False,,False,12,9,4
Eryth,cellstate,50,0.5,0.02,2000,10,250,350,36,36,36,36,-0.0497876269621422,0.5223489952307947,0.2777777777777778,6.869047619047619,1.8674603174603173,False,True,True,True,True,False,True,True,False,False,,False,12,10,5
Eryth,cellstate,50,0.5,0.02,2000,10,500,325,35,35,35,35,-0.0384024908172635,0.5229017443337771,0.2731092436974789,6.47563025210084,1.8815126050420168,False,True,True,True,True,False,True,True,False,False,,False,12,10,4
Eryth,cellstate,50,0.5,0.02,2000,10,1000,341,35,35,35,35,-0.0520964608275572,0.5264398839904868,0.2865546218487395,6.936134453781513,1.850420168067227,False,True,True,True,True,False,True,True,False,False,,False,12,10,4
Eryth,cellstate,50,0.5,0.02,2000,25,100,200,77,77,62,72,0.0773557341124908,0.1116578226967837,0.0341763499658236,1.117053998632946,2.719412166780588,False,True,True,True,True,True,True,True,True,False,,True,17,2,1
Eryth,cellstate,50,0.5,0.02,2000,25,250,500,76,76,70,75,0.0638184466165187,0.2388872253692462,0.087719298245614,4.021228070175439,2.261052631578947,False,True,True,True,True,True,True,True,False,False,,True,17,7,4
Eryth,cellstate,50,0.5,0.02,2000,25,500,1000,77,77,76,77,0.0133462633930863,0.4094787041611981,0.1708817498291182,8.690191387559809,2.004442925495557,False,True,True,True,True,True,True,True,False,False,,True,17,16,10
Eryth,cellstate,50,0.5,0.02,2000,25,1000,1258,79,79,79,79,0.0053967378802755,0.4571057671668235,0.2041544952937358,10.901493021746186,1.9436871145731904,False,True,True,True,True,True,True,True,True,False,,True,17,15,9
Eryth,cellstate,50,0.5,0.02,2000,50,100,198,105,105,76,98,0.1049598375586013,0.0302329416615131,0.0181318681318681,0.6784798534798535,3.256227106227106,False,True,True,True,True,True,True,True,True,False,,True,19,3,2
Eryth,cellstate,50,0.5,0.02,2000,50,250,500,126,126,106,124,0.0678524436986327,0.1408556291376085,0.0317460317460317,1.9054603174603173,2.835174603174603,False,True,True,True,True,True,True,True,True,False,,True,20,5,3
Eryth,cellstate,50,0.5,0.02,2000,50,500,1000,127,127,123,126,0.0362051611804182,0.2136474257323183,0.0624921884764404,4.691601049868766,2.476627921509812,False,True,True,True,True,True,True,True,True,False,,True,20,9,4
Eryth,cellstate,50,0.5,0.02,2000,50,1000,2000,129,129,129,128,9.577844335678914e-05,0.3277929381678755,0.1211240310077519,9.768713662790695,2.162245639534884,False,True,True,True,True,True,True,True,True,False,,True,20,16,9
Eryth,cellstate,50,0.5,0.02,2000,75,100,194,113,113,80,102,0.079913236166162,0.0201011378002528,0.0153286978508217,0.4813527180783818,2.295670037926675,False,True,True,True,True,True,True,True,True,False,,True,20,2,2
Eryth,cellstate,50,0.5,0.02,2000,75,250,496,145,145,114,142,0.0731475069252077,0.1249644341998164,0.0237547892720306,1.5073754789272031,2.797844827586207,False,True,True,True,True,True,True,True,True,False,,True,21,6,3
Eryth,cellstate,50,0.5,0.02,2000,75,500,1000,149,149,140,148,0.0667657170579701,0.1696377169676844,0.0453473607836023,3.638354797750771,2.606974424088518,False,True,True,True,True,True,True,True,True,False,,True,22,9,4
Eryth,cellstate,50,0.5,0.02,2000,75,1000,1979,152,152,151,152,0.0134019791183648,0.261293423021454,0.086223422795399,7.849686301847334,2.363933426280934,False,True,True,True,True,True,True,True,True,False,,True,22,14,8
Eryth,cellstate,50,0.5,0.02,2000,100,100,196,111,111,75,99,0.0761294753501149,0.0229157729157729,0.016052416052416,0.3167895167895168,1.2054873054873054,False,True,True,True,True,True,True,True,True,False,,True,20,1,1
Eryth,cellstate,50,0.5,0.02,2000,100,250,497,151,151,119,148,0.0826404912187029,0.1043902304840733,0.0219426048565121,1.3685209713024282,2.8080353200883,False,True,True,True,True,True,True,True,True,False,,True,21,5,3
Eryth,cellstate,50,0.5,0.02,2000,100,500,992,156,156,141,156,0.0623653966637951,0.1389483688470548,0.041025641025641,3.4465260545905707,2.6929693961952026,False,True,True,True,True,True,True,True,True,False,,True,22,8,4
Eryth,cellstate,50,0.5,0.02,2000,100,1000,1979,158,158,157,158,0.0114749463413486,0.2447814259165327,0.0797790857050713,7.574014351366605,2.4030073369346128,False,True,True,True,True,True,True,True,True,False,,True,22,12,6
Eryth,cellstate,50,0.5,0.02,3000,10,100,200,37,37,37,37,0.0402822030040964,0.3165810562869388,0.1501501501501501,3.6621621621621614,2.339339339339339,False,True,True,True,True,False,True,True,True,False,,False,12,5,3
Eryth,cellstate,50,0.5,0.02,3000,10,250,428,37,37,37,37,-0.0128447315660503,0.5790860057814105,0.3213213213213213,8.352852852852854,1.762762762762763,False,True,True,True,True,False,True,True,True,False,,False,12,10,5
Eryth,cellstate,50,0.5,0.02,3000,10,500,430,37,37,37,37,-0.0110109272776901,0.5826515033673989,0.3228228228228228,8.39864864864865,1.7605105105105106,False,True,True,True,True,False,True,True,True,False,,False,12,10,5
Eryth,cellstate,50,0.5,0.02,3000,10,1000,389,36,36,36,36,-0.0381857917012776,0.5426195754741602,0.3087301587301587,7.992857142857143,1.7857142857142858,False,True,True,True,True,False,True,True,True,False,,False,12,9,4
Eryth,cellstate,50,0.5,0.02,3000,25,100,200,74,74,59,70,0.0970766520349965,0.1052248802248802,0.0370233246945575,1.2428730099962977,2.6793780081451315,False,True,True,True,True,True,True,True,True,False,,True,17,2,1
Eryth,cellstate,50,0.5,0.02,3000,25,250,500,75,75,71,75,0.0563588226756552,0.2279254412365642,0.09009009009009,4.1942342342342345,2.3,False,True,True,True,True,True,True,True,True,False,,True,17,8,4
Eryth,cellstate,50,0.5,0.02,3000,25,500,1000,74,74,73,74,0.0221657785243859,0.3964350354566497,0.1851166234727878,9.368752313957794,1.9692706405035167,False,True,True,True,True,True,True,True,True,False,,True,17,10,6
Eryth,cellstate,50,0.5,0.02,3000,25,1000,1463,75,75,75,75,0.0018982321905653,0.5209729893951108,0.2636036036036036,13.891171171171171,1.8057657657657653,False,True,True,True,True,True,True,True,True,False,,True,17,15,9
Eryth,cellstate,50,0.5,0.02,3000,50,100,199,104,104,67,94,0.0786413440467494,0.0695741758241758,0.0185772964899178,0.5229648991784914,2.14058999253174,False,True,True,True,True,True,True,True,True,False,,True,19,2,2
Eryth,cellstate,50,0.5,0.02,3000,50,250,500,126,126,107,123,0.065798320101678,0.1070374091511493,0.0317460317460317,1.939746031746032,2.620825396825397,False,True,True,True,True,True,True,True,True,False,,True,19,3,1
Eryth,cellstate,50,0.5,0.02,3000,50,500,1000,132,132,124,132,0.044430358822627,0.1881717550890072,0.0578302105019662,4.514746703678002,2.544818413139024,False,True,True,True,True,True,True,True,True,False,,True,20,9,5
Eryth,cellstate,50,0.5,0.02,3000,50,1000,2000,133,133,132,133,0.0134093704178582,0.2978562106343452,0.1139211665527455,9.72755753018911,2.1737867395762134,False,True,True,True,True,True,True,True,True,False,,True,20,13,8
Eryth,cellstate,50,0.5,0.02,3000,75,100,198,121,121,76,107,0.1179038039079662,0.0305850714941624,0.0136363636363636,0.2538567493112947,1.1023415977961433,False,True,True,True,True,True,True,True,True,False,,True,21,2,2
Eryth,cellstate,50,0.5,0.02,3000,75,250,499,145,145,114,139,0.0758993534601853,0.0898695647969694,0.0238984674329501,1.4940134099616855,2.7927681992337163,False,True,True,True,True,True,True,True,True,False,,True,21,6,3
Eryth,cellstate,50,0.5,0.02,3000,75,500,1000,151,151,140,149,0.0694649179685496,0.1509282508711225,0.0441501103752759,3.6354966887417217,2.7050772626931567,False,True,True,True,True,True,True,True,True,False,,True,21,7,2
Eryth,cellstate,50,0.5,0.02,3000,75,1000,2000,150,150,149,150,0.0334327218687199,0.2550288807398828,0.0894854586129754,8.517360178970916,2.322460850111857,False,True,True,True,True,True,True,True,True,False,,True,21,11,6
Eryth,cellstate,50,0.5,0.02,3000,100,100,198,122,122,77,108,0.1048387096774194,0.0446833676341873,0.0134128166915052,0.2734046877116922,1.1520796640021678,False,True,True,True,True,True,True,True,True,False,,True,21,2,2
Eryth,cellstate,50,0.5,0.02,3000,100,250,499,148,148,114,142,0.0826448786904823,0.0842864199481845,0.02293620150763,1.4246644603787462,2.6023166023166024,False,True,True,True,True,True,True,True,True,False,,True,21,5,3
Eryth,cellstate,50,0.5,0.02,3000,100,500,990,158,158,145,156,0.0718757172468661,0.1384843456771681,0.0399096992663065,3.323107312746916,2.747480448278642,False,True,True,True,True,True,True,True,True,False,,True,22,7,2
Eryth,cellstate,50,0.5,0.02,3000,100,1000,1979,158,158,157,158,0.0441421432537478,0.2309151063728482,0.0797790857050713,8.00116907199871,2.3884544061920505,False,True,True,True,True,True,True,True,True,False,,True,22,14,9
Eryth,cellstate,50,0.5,0.02,4000,10,100,200,36,36,34,36,0.0298844518047348,0.3000697468834725,0.1587301587301587,3.8626984126984127,2.0873015873015874,False,True,True,False,True,False,True,True,True,False,,False,11,2,1
Eryth,cellstate,50,0.5,0.02,4000,10,250,431,36,36,36,36,-0.0279498269896193,0.6001534216541502,0.342063492063492,8.769047619047619,1.7206349206349207,False,True,True,False,True,False,True,True,True,False,,False,11,4,1
Eryth,cellstate,50,0.5,0.02,4000,10,500,432,36,36,36,36,-0.0279498269896193,0.6001534216541502,0.3428571428571428,8.804761904761905,1.7190476190476192,False,True,True,False,True,False,True,True,True,False,,False,11,4,1
Eryth,cellstate,50,0.5,0.02,4000,10,1000,441,36,36,36,36,-0.0328481312218248,0.6057253786953379,0.35,9.055555555555555,1.7357142857142858,False,True,True,True,True,False,True,True,True,False,,False,13,10,4
Eryth,cellstate,50,0.5,0.02,4000,25,100,200,75,75,58,71,0.0782943653139836,0.0624176564176564,0.036036036036036,1.164864864864865,2.438918918918919,False,True,True,True,True,True,True,True,True,False,,True,17,1,1
Eryth,cellstate,50,0.5,0.02,4000,25,250,500,77,77,73,77,0.0546571976237306,0.1976177289581983,0.0854408749145591,4.341592617908408,2.3402255639097747,False,True,True,True,True,True,True,True,True,False,,True,17,5,2
Eryth,cellstate,50,0.5,0.02,4000,25,500,1000,79,79,78,79,0.0170854126323341,0.3450521753780345,0.1622849724115546,8.882667964946446,1.9876663420967216,False,True,True,True,True,True,True,True,True,False,,True,17,10,6
Eryth,cellstate,50,0.5,0.02,4000,25,1000,1760,77,77,77,77,-0.0074657864184359,0.5678250452867615,0.3007518796992481,16.6161995898838,1.7395762132604238,False,True,True,True,True,True,True,True,True,False,,True,17,16,9
Eryth,cellstate,50,0.5,0.02,4000,50,100,199,111,111,73,104,0.0756590357266736,0.0359352859352859,0.0162981162981162,0.5167076167076167,2.365356265356265,False,True,True,True,True,True,True,True,True,False,,True,19,1,1
Eryth,cellstate,50,0.5,0.02,4000,50,250,500,131,131,109,128,0.0515171853312878,0.1060195921452509,0.0293599530240751,1.8836758661186144,2.687022900763359,False,True,True,True,True,True,True,True,True,False,,True,21,3,1
Eryth,cellstate,50,0.5,0.02,4000,50,500,1000,133,133,124,133,0.0479462408031008,0.1753620784347263,0.0569605832763727,4.344440647072226,2.539473684210526,False,True,True,True,True,True,True,True,True,False,,True,22,8,4
Eryth,cellstate,50,0.5,0.02,4000,50,1000,2000,130,130,130,130,0.0227146957660529,0.3002012075461531,0.1192605843768634,10.228324388789504,2.167441860465116,False,True,True,True,True,True,True,True,True,False,,True,21,10,5
Eryth,cellstate,50,0.5,0.02,4000,75,100,199,122,122,80,107,0.091117604090577,0.0268498805384051,0.0134805581899471,0.2923723072754369,1.4591518764395068,False,True,True,True,True,True,True,True,True,False,,True,21,2,2
Eryth,cellstate,50,0.5,0.02,4000,75,250,495,147,147,118,145,0.079874763705104,0.0868509297380845,0.0230640201285993,1.553163731245923,2.9996738421395954,False,True,True,True,True,True,True,True,True,False,,True,22,5,3
Eryth,cellstate,50,0.5,0.02,4000,75,500,987,155,155,138,155,0.0639106107221913,0.1421418518216032,0.0413489736070381,3.4669878508588186,2.657436112274822,False,True,True,True,True,True,True,True,True,False,,True,22,8,4
Eryth,cellstate,50,0.5,0.02,4000,75,1000,1979,155,155,151,155,0.0405823505872937,0.2254276347204384,0.0829074151654796,7.912609970674487,2.3097612065354003,False,True,True,True,True,True,True,True,True,False,,True,22,13,8
Eryth,cellstate,50,0.5,0.02,4000,100,100,199,124,124,81,108,0.1021913805697589,0.0273256761159986,0.0130474691843692,0.2471806976134277,1.2526881720430108,False,True,True,True,True,True,True,True,True,False,,True,21,2,2
Eryth,cellstate,50,0.5,0.02,4000,100,250,495,148,148,118,147,0.0904077884597365,0.0763725785204113,0.0227523441809156,1.5631090273947417,2.9976558190843905,False,True,True,True,True,True,True,True,True,False,,True,22,4,3
Eryth,cellstate,50,0.5,0.02,4000,100,500,988,157,157,140,157,0.0711638552255457,0.1410659257479897,0.0403397027600849,3.3918830638575863,2.6642577168054875,False,True,True,True,True,True,True,True,True,False,,True,22,8,4
Eryth,cellstate,50,0.5,0.02,4000,100,1000,1919,155,155,154,155,0.0566277999832583,0.2246611098964605,0.0803937997486384,7.891286133221617,2.388730624214495,False,True,True,True,True,True,True,True,True,False,,True,22,8,4
Eryth,cellstate,50,0.5,0.03,2000,10,100,200,36,36,35,35,0.0102250702108302,0.3446623389605845,0.1587301587301587,3.574603174603175,2.104761904761905,False,True,True,False,False,False,True,True,False,False,,False,10,4,1
Eryth,cellstate,50,0.5,0.03,2000,10,250,319,36,36,36,34,-0.0506369100471279,0.480863471460961,0.2531746031746031,5.842857142857143,1.7952380952380953,False,True,True,False,True,False,True,True,False,False,,True,12,4,1
Eryth,cellstate,50,0.5,0.03,2000,10,500,317,36,36,36,35,-0.0227268814242179,0.5177853427368277,0.2515873015873016,5.905555555555556,1.8603174603174604,False,True,True,False,False,False,True,True,False,False,,False,10,5,2
Eryth,cellstate,50,0.5,0.03,2000,10,1000,319,35,35,35,34,-0.0545563853748581,0.5015912853670484,0.2680672268907563,6.073109243697479,1.83781512605042,False,True,True,False,True,False,True,True,False,False,,False,12,4,2
Eryth,cellstate,50,0.5,0.03,2000,25,100,199,74,74,57,71,0.0655114116652578,0.0940065565065565,0.0368382080710847,1.1097741577193632,2.3739355794150314,False,True,True,True,True,True,True,True,False,False,,True,17,4,2
Eryth,cellstate,50,0.5,0.03,2000,25,250,500,77,77,70,77,0.0338193372770919,0.2493147481903623,0.0854408749145591,3.8708133971291865,2.2607655502392343,False,True,True,True,True,True,True,True,False,False,,True,17,9,5
Eryth,cellstate,50,0.5,0.03,2000,25,500,993,75,75,75,74,0.0132517215931401,0.4446811370441635,0.1789189189189189,8.762702702702702,1.983063063063063,False,True,True,True,False,True,True,True,False,False,,True,16,13,6
Eryth,cellstate,50,0.5,0.03,2000,25,1000,1160,75,75,75,74,0.0041003071833648,0.4972968924985192,0.209009009009009,10.306486486486486,1.907207207207208,False,True,True,True,False,True,True,True,False,False,,True,16,15,8
Eryth,cellstate,50,0.5,0.03,2000,50,100,199,112,112,73,100,0.1023125226421929,0.0349552233480804,0.0160070785070785,0.3249678249678249,1.5423101673101671,False,True,True,True,True,True,True,True,True,False,,True,20,2,1
Eryth,cellstate,50,0.5,0.03,2000,50,250,500,128,128,108,128,0.0825530283917793,0.1297567742115974,0.030757874015748,1.8283095472440944,2.920214074803149,False,True,True,True,True,True,True,True,True,False,,True,21,6,4
Eryth,cellstate,50,0.5,0.03,2000,50,500,1000,128,128,119,128,0.0418713218687592,0.222169644568427,0.061515748031496,4.488558070866142,2.4649360236220472,False,True,True,True,True,True,True,True,True,False,,True,21,10,5
Eryth,cellstate,50,0.5,0.03,2000,50,1000,2000,129,129,127,129,0.0125760427320333,0.3371677471479382,0.1211240310077519,9.80032703488372,2.116279069767442,False,True,True,True,True,True,True,True,True,False,,True,21,17,9
Eryth,cellstate,50,0.5,0.03,2000,75,100,198,119,119,76,108,0.0694423247153628,0.0372100355293632,0.0141005554764278,0.1751887195556188,0.6919954422446944,False,True,True,True,True,True,True,True,True,False,,True,19,1,1
Eryth,cellstate,50,0.5,0.03,2000,75,250,500,149,149,120,145,0.0910900594028526,0.0889563389195468,0.0226736803918011,1.4489842191184472,2.772945764556503,False,True,True,True,True,True,True,True,True,False,,True,22,7,4
Eryth,cellstate,50,0.5,0.03,2000,75,500,1000,151,151,138,151,0.0670092160080797,0.1937861597394189,0.0441501103752759,3.561103752759382,2.692097130242826,False,True,True,True,True,True,True,True,True,False,,True,22,10,5
Eryth,cellstate,50,0.5,0.03,2000,75,1000,2000,153,153,149,152,0.0203382025506037,0.26640158826014,0.0859993120055039,7.823357413140695,2.2735208118335053,False,True,True,True,True,True,True,True,True,False,,True,22,17,9
Eryth,cellstate,50,0.5,0.03,2000,100,100,198,120,120,74,108,0.0830709876543209,0.0390993265993266,0.0138655462184873,0.1634453781512605,0.624859943977591,False,True,True,True,True,True,True,True,True,False,,True,19,2,1
Eryth,cellstate,50,0.5,0.03,2000,100,250,498,149,149,119,145,0.1018444444444444,0.100125890936282,0.0225829856702339,1.434427716306911,2.796390350081625,False,True,True,True,True,True,True,True,True,False,,True,22,7,4
Eryth,cellstate,50,0.5,0.03,2000,100,500,1000,156,156,145,156,0.0658004039893953,0.1927402553340927,0.0413564929693962,3.3626964433416044,2.77398676592225,False,True,True,True,True,True,True,True,True,False,,True,22,8,4
Eryth,cellstate,50,0.5,0.03,2000,100,1000,2000,158,158,154,158,0.0299379851107909,0.2703409374484009,0.0806256550834475,7.404942352656615,2.321373861162622,False,True,True,True,True,True,True,True,True,False,,True,22,15,7
Eryth,cellstate,50,0.5,0.03,3000,10,100,200,36,36,34,36,0.0373799725651577,0.3260244385244384,0.1587301587301587,3.8515873015873017,1.988095238095238,False,True,True,False,True,False,True,True,True,False,,False,11,2,1
Eryth,cellstate,50,0.5,0.03,3000,10,250,428,37,37,37,36,-0.0276117797791057,0.5870426699517032,0.3213213213213213,8.058558558558559,1.710960960960961,False,True,True,False,True,False,True,True,False,False,,True,11,5,3
Eryth,cellstate,50,0.5,0.03,3000,10,500,445,37,37,37,36,-0.0277811418685121,0.5882209793364356,0.3340840840840841,8.592342342342342,1.677177177177177,False,True,True,False,True,False,True,True,True,False,,False,11,5,3
Eryth,cellstate,50,0.5,0.03,3000,10,1000,446,37,37,37,36,-0.0277811418685121,0.5862590698802469,0.3348348348348348,8.636636636636636,1.6764264264264264,False,True,True,False,True,False,True,True,True,False,,False,11,5,3
Eryth,cellstate,50,0.5,0.03,3000,25,100,200,76,76,60,74,0.0594151582674521,0.0970137318821529,0.0350877192982456,1.1166666666666667,2.62859649122807,False,True,True,True,True,True,True,True,True,False,,True,17,4,1
Eryth,cellstate,50,0.5,0.03,3000,25,250,500,80,80,74,80,0.0519883736292773,0.229554117669695,0.0791139240506329,3.7716772151898734,2.3512658227848102,False,True,True,True,True,True,True,True,True,False,,True,17,7,4
Eryth,cellstate,50,0.5,0.03,3000,25,500,1000,80,80,78,80,0.0364889769007119,0.3512955874255122,0.1582278481012658,8.572943037974683,1.9931962025316456,False,True,True,True,True,True,True,True,True,False,,True,17,12,8
Eryth,cellstate,50,0.5,0.03,3000,25,1000,1691,79,79,79,79,0.0028536676646706,0.5303776300757418,0.2744238883479389,15.320025965595583,1.7825381369685167,False,True,True,True,True,True,True,True,True,False,,True,17,17,11
Eryth,cellstate,50,0.5,0.03,3000,50,100,200,115,115,75,101,0.0587049634668681,0.056672863936291,0.015255530129672,0.2496567505720824,1.3263920671243326,False,True,True,True,True,True,True,True,True,False,,True,21,2,1
Eryth,cellstate,50,0.5,0.03,3000,50,250,500,128,128,105,123,0.0835460069236625,0.1131991986273412,0.030757874015748,1.6715674212598426,2.805425688976378,False,True,True,True,True,True,True,True,True,False,,True,21,6,3
Eryth,cellstate,50,0.5,0.03,3000,50,500,1000,131,131,123,131,0.0535824386366299,0.1913264635916449,0.0587199060481503,4.334057545507927,2.498884321785085,False,True,True,True,True,True,True,True,True,False,,True,21,9,5
Eryth,cellstate,50,0.5,0.03,3000,50,1000,2000,132,132,132,132,0.0298042343033363,0.3029913435038737,0.1156604210039324,9.850798056904926,2.183495257922739,False,True,True,True,True,True,True,True,True,False,,True,21,15,8
Eryth,cellstate,50,0.5,0.03,3000,75,100,199,122,122,79,100,0.0915007978500041,0.0416366875383268,0.0134805581899471,0.1366346023574041,0.5176805310933478,False,True,True,True,True,True,True,True,True,False,,True,21,2,1
Eryth,cellstate,50,0.5,0.03,3000,75,250,498,149,149,111,144,0.077882797731569,0.0990752537712771,0.0225829856702339,1.22582985670234,2.124931978958825,False,True,True,True,True,True,True,True,True,False,,True,22,4,1
Eryth,cellstate,50,0.5,0.03,3000,75,500,1000,153,153,137,152,0.082304167629461,0.1659664158775675,0.0429996560027519,3.5195648434812523,2.656733746130031,False,True,True,True,True,True,True,True,True,False,,True,22,9,5
Eryth,cellstate,50,0.5,0.03,3000,75,1000,1982,152,152,150,152,0.0473720656214368,0.2450533661272907,0.0863541303590101,8.21148483792262,2.329600906239108,False,True,True,True,True,True,True,True,True,False,,True,22,15,8
Eryth,cellstate,50,0.5,0.03,3000,100,100,198,125,125,80,104,0.0885457063711911,0.0389626373626373,0.012774193548387,0.1111612903225806,0.3830322580645161,False,True,True,True,True,True,True,True,True,False,,True,22,2,1
Eryth,cellstate,50,0.5,0.03,3000,100,250,498,152,152,116,148,0.0698028522703847,0.0989016842991708,0.0216974555594283,1.163515162077379,2.395782502614152,False,True,True,True,True,True,True,True,True,False,,True,22,5,2
Eryth,cellstate,50,0.5,0.03,3000,100,500,992,157,157,138,157,0.0867321891751148,0.1661653561486274,0.0405030213947411,3.287889923240242,2.5660215580597745,False,True,True,True,True,True,True,True,True,False,,True,22,9,5
Eryth,cellstate,50,0.5,0.03,3000,100,1000,1982,158,158,156,158,0.0561719466562771,0.2416475721772767,0.0799000241876965,7.78601951140853,2.373740224139321,False,True,True,True,True,True,True,True,True,False,,True,22,14,8
Eryth,cellstate,50,0.5,0.03,4000,10,100,200,37,37,36,37,0.041492022714981,0.2815692565692566,0.1501501501501501,3.9864864864864864,2.198948948948949,False,True,True,False,True,False,True,True,True,False,,False,11,1,0
Eryth,cellstate,50,0.5,0.03,4000,10,250,476,37,37,37,37,-0.0228694496700409,0.6078224066700134,0.3573573573573573,9.41891891891892,1.707957957957958,False,True,True,False,True,False,True,True,True,False,,False,11,5,2
Eryth,cellstate,50,0.5,0.03,4000,10,500,478,37,37,37,37,-0.0261676900118049,0.6077334949168209,0.3588588588588589,9.446696696696696,1.6981981981981982,False,True,True,False,True,False,True,True,True,False,,False,11,5,2
Eryth,cellstate,50,0.5,0.03,4000,10,1000,478,37,37,37,37,-0.026182539034368,0.6069364363373997,0.3588588588588589,9.45870870870871,1.7034534534534536,False,True,True,False,True,False,True,True,True,False,,False,11,5,2
Eryth,cellstate,50,0.5,0.03,4000,25,100,200,74,74,61,69,0.0627362948960302,0.1072750072750072,0.0370233246945575,1.1632728619029988,2.5362828582006665,False,True,True,True,True,True,True,True,True,False,,True,17,4,1
Eryth,cellstate,50,0.5,0.03,4000,25,250,500,80,80,75,80,0.0588603240132607,0.1964299435355851,0.0791139240506329,3.8462025316455697,2.459493670886076,False,True,True,True,True,True,True,True,True,False,,True,17,7,4
Eryth,cellstate,50,0.5,0.03,4000,25,500,1000,78,78,78,78,0.0342270285963129,0.3394574326361482,0.1665001665001665,9.12071262071262,2.029470529470529,False,True,True,True,True,True,True,True,True,False,,True,17,11,7
Eryth,cellstate,50,0.5,0.03,4000,25,1000,1890,80,80,80,80,-0.001463188384748,0.5643137179132001,0.2990506329113924,17.1626582278481,1.737025316455696,False,True,True,True,True,True,True,True,True,False,,True,17,16,11
Eryth,cellstate,50,0.5,0.03,4000,50,100,200,106,106,79,92,0.0736742147552958,0.0452478862856221,0.017969451931716,0.5470799640610962,2.489937106918239,False,True,True,True,True,True,True,True,True,False,,True,21,3,1
Eryth,cellstate,50,0.5,0.03,4000,50,250,500,128,128,111,127,0.0869513624864131,0.1198680783118669,0.030757874015748,1.888718011811024,2.8744463582677167,False,True,True,True,True,True,True,True,True,False,,True,21,4,1
Eryth,cellstate,50,0.5,0.03,4000,50,500,1000,131,131,125,131,0.0606632950713615,0.1662627101488727,0.0587199060481503,4.668115091015855,2.628420434527305,False,True,True,True,True,True,True,True,True,False,,True,21,10,5
Eryth,cellstate,50,0.5,0.03,4000,50,1000,2000,131,131,131,131,0.033470346058655,0.2899639205347993,0.1174398120963006,10.261009982384028,2.1665883734586027,False,True,True,True,True,True,True,True,True,False,,True,21,12,6
Eryth,cellstate,50,0.5,0.03,4000,75,100,198,113,113,79,101,0.0420540997464074,0.0354479345629788,0.0156447534766118,0.4338653603034134,2.037847661188369,False,True,True,True,True,True,True,True,True,False,,True,21,3,1
Eryth,cellstate,50,0.5,0.03,4000,75,250,497,148,148,121,144,0.0836710542205047,0.0832914253928185,0.0228442728442728,1.3309431880860452,2.57579518293804,False,True,True,True,True,True,True,True,True,False,,True,22,6,3
Eryth,cellstate,50,0.5,0.03,4000,75,500,988,151,151,141,151,0.0802339501663825,0.1166497621995479,0.0436203090507726,3.747814569536424,2.828167770419426,False,True,True,True,True,True,True,True,True,False,,True,22,10,5
Eryth,cellstate,50,0.5,0.03,4000,75,1000,1973,152,152,152,152,0.0562452217375594,0.220181932892516,0.085962007668177,8.448936911815963,2.369031021261764,False,True,True,True,True,True,True,True,True,False,,True,22,13,7
Eryth,cellstate,50,0.5,0.03,4000,100,100,198,117,117,81,99,0.0764400434730104,0.0344823267900191,0.0145888594164456,0.3623636899498968,1.878499852637784,False,True,True,True,True,True,True,True,True,False,,True,22,2,1
Eryth,cellstate,50,0.5,0.03,4000,100,250,498,150,150,125,144,0.1118397007798519,0.0981056034128048,0.0222818791946308,1.487337807606264,3.291812080536913,False,True,True,True,True,True,True,True,True,False,,True,22,4,1
Eryth,cellstate,50,0.5,0.03,4000,100,500,993,156,156,142,156,0.0769413580246913,0.1379364244467093,0.0410669975186104,3.4713399503722084,2.8063275434243176,False,True,True,True,True,True,True,True,True,False,,True,22,7,4
Eryth,cellstate,50,0.5,0.03,4000,100,1000,1974,158,158,157,158,0.0595091697883046,0.212707378628211,0.0795775215673627,8.048496331532693,2.398008546319439,False,True,True,True,True,True,True,True,True,False,,True,22,12,6
Eryth,cellstate,50,0.75,0.005,2000,10,100,200,34,34,34,31,-0.0171296296296296,0.3733191452914637,0.17825311942959,3.6114081996434937,2.0106951871657754,False,True,True,True,False,True,True,True,True,False,,False,13,4,3
Eryth,cellstate,50,0.75,0.005,2000,10,250,259,35,35,35,31,-0.0228803198199072,0.5470210890413573,0.2176470588235294,4.280672268907563,1.7789915966386554,False,True,True,True,False,True,True,True,True,False,,False,13,5,3
Eryth,cellstate,50,0.75,0.005,2000,10,500,260,35,35,35,31,-0.0239112034472145,0.5491554923057914,0.2184873949579832,4.295798319327731,1.7773109243697478,False,True,True,True,False,True,True,True,True,False,,False,13,5,4
Eryth,cellstate,50,0.75,0.005,2000,10,1000,273,35,35,35,31,-0.0418381226218556,0.5249040580040139,0.2294117647058823,4.615126050420168,1.7252100840336135,False,True,True,True,False,True,True,True,True,False,,False,13,5,3
Eryth,cellstate,50,0.75,0.005,2000,25,100,200,72,72,51,68,0.0534764542936288,0.1186472695983565,0.0391236306729264,1.0543818466353678,1.9512910798122065,False,True,True,True,True,True,True,True,True,False,,False,17,2,1
Eryth,cellstate,50,0.75,0.005,2000,25,250,500,69,69,63,66,-0.0057617835413912,0.3110890880591261,0.1065643648763853,3.862958226768968,2.16538789428815,False,True,True,True,True,True,True,True,True,False,,False,17,5,3
Eryth,cellstate,50,0.75,0.005,2000,25,500,736,73,73,72,69,-0.0091693424178348,0.3958934801918211,0.1400304414003044,5.41476407914764,2.142123287671233,False,True,True,True,True,True,True,True,True,False,,False,17,6,4
Eryth,cellstate,50,0.75,0.005,2000,25,1000,720,69,69,68,66,-0.0143138511741739,0.4310974983473261,0.1534526854219949,5.845055413469736,2.10230179028133,False,True,True,True,True,True,True,True,True,False,,False,17,6,4
Eryth,cellstate,50,0.75,0.005,2000,50,100,200,101,101,67,93,-0.0157429057285577,0.0961008716970768,0.0198019801980198,0.6016831683168317,1.915049504950495,False,True,True,True,True,True,True,True,True,False,,False,20,2,1
Eryth,cellstate,50,0.75,0.005,2000,50,250,500,109,109,92,107,-0.0071209062893054,0.1590681874351314,0.0424736663268773,2.26605504587156,2.701070336391437,False,True,True,True,True,True,True,True,True,False,,False,20,2,1
Eryth,cellstate,50,0.75,0.005,2000,50,500,1000,112,112,106,109,-0.0217407963361145,0.270540748545127,0.0804375804375804,4.828507078507078,2.3944658944658945,False,True,True,True,True,True,True,True,True,False,,True,21,6,4
Eryth,cellstate,50,0.75,0.005,2000,50,1000,1476,112,112,112,109,-0.0197767830580795,0.3775164435836146,0.1187258687258687,7.280405405405405,2.2479086229086227,False,True,True,True,True,True,True,True,True,False,,True,21,8,5
Eryth,cellstate,50,0.75,0.005,2000,75,100,186,107,107,69,99,-0.0055246950851346,0.0612088845733705,0.0163992241227296,0.4425145476988185,1.9567977429024863,False,True,True,True,True,True,True,True,True,False,,False,21,1,1
Eryth,cellstate,50,0.75,0.005,2000,75,250,477,132,132,104,125,-0.0024895458062188,0.1129130560649699,0.0275850104094378,1.446217904233171,2.487739995373583,False,True,True,True,True,True,True,True,True,False,,True,22,2,1
Eryth,cellstate,50,0.75,0.005,2000,75,500,940,138,138,127,134,-0.0018955602600483,0.1986238473856858,0.0497196657145879,3.455516767163864,2.659578969639268,False,True,True,True,True,True,True,True,True,False,,True,22,4,3
Eryth,cellstate,50,0.75,0.005,2000,75,1000,1887,139,139,138,136,-0.0109350033036119,0.3581494438077781,0.0983734751329371,7.159628818684183,2.361901782921489,False,True,True,True,True,True,True,True,True,False,,True,22,8,6
Eryth,cellstate,50,0.75,0.005,2000,100,100,187,108,108,69,101,0.0048075455572174,0.0585257335257335,0.0161820699203876,0.4493769470404984,1.8340256143994464,False,True,True,True,True,True,True,True,True,False,,False,21,1,1
Eryth,cellstate,50,0.75,0.005,2000,100,250,485,136,136,105,130,0.0107480633599259,0.1273677033103743,0.0264161220043573,1.5015795206971678,2.4498910675381262,False,True,True,True,True,True,True,True,True,False,,True,22,2,1
Eryth,cellstate,50,0.75,0.005,2000,100,500,955,139,139,126,135,-0.0013795852505877,0.2012598075904877,0.0497862579501616,3.392242727557085,2.649358773850485,False,True,True,True,True,True,True,True,True,False,,True,22,4,3
Eryth,cellstate,50,0.75,0.005,2000,100,1000,1880,140,140,138,137,-0.007012710888393,0.3507079155093984,0.0966084275436793,7.004419321685509,2.3566803699897223,False,True,True,True,True,True,True,True,True,False,,True,22,8,6
Eryth,cellstate,50,0.75,0.005,3000,10,100,200,34,34,34,31,-0.018966049382716,0.3613930528586329,0.17825311942959,3.6185383244206775,1.9919786096256684,False,True,True,True,False,True,True,True,True,False,,False,13,2,2
Eryth,cellstate,50,0.75,0.005,3000,10,250,261,35,35,35,30,-0.0449054820415878,0.5301918269454756,0.2193277310924369,4.283193277310924,1.7084033613445375,False,True,True,True,False,True,True,True,True,False,,False,13,5,3
Eryth,cellstate,50,0.75,0.005,3000,10,500,287,35,35,35,32,-0.0203665146407561,0.5583591448196953,0.2411764705882353,4.891596638655463,1.7781512605042016,False,True,True,True,False,True,True,True,True,False,,False,13,5,3
Eryth,cellstate,50,0.75,0.005,3000,10,1000,287,35,35,35,32,-0.0203665146407561,0.5583591448196953,0.2411764705882353,4.891596638655463,1.7781512605042016,False,True,True,True,False,True,True,True,True,False,,False,13,5,3
Eryth,cellstate,50,0.75,0.005,3000,25,100,200,68,68,51,65,0.0358031399239326,0.1312285921498724,0.0438981562774363,1.3674275680421422,2.5171202809482,False,True,True,True,True,True,True,True,True,False,,False,17,2,1
Eryth,cellstate,50,0.75,0.005,3000,25,250,500,68,68,61,65,0.0030828598687114,0.3163645007161692,0.1097453906935908,3.931299385425812,2.0647497805092185,False,True,True,True,True,True,True,True,True,False,,False,17,5,3
Eryth,cellstate,50,0.75,0.005,3000,25,500,749,68,68,67,65,-0.0128459291039191,0.4537160884884684,0.1643985952589991,6.151229148375768,2.0370939420544336,False,True,True,True,True,True,True,True,True,False,,False,17,6,4
Eryth,cellstate,50,0.75,0.005,3000,25,1000,749,68,68,67,65,-0.0128459291039191,0.4537160884884684,0.1643985952589991,6.151229148375768,2.0370939420544336,False,True,True,True,True,True,True,True,True,False,,False,17,6,4
Eryth,cellstate,50,0.75,0.005,3000,50,100,200,102,102,68,94,0.0111111111111111,0.0950881362646068,0.01941370607649,0.6642399534071054,2.4264220539701027,False,True,True,True,True,True,True,True,True,False,,False,20,1,1
Eryth,cellstate,50,0.75,0.005,3000,50,250,500,112,112,95,108,0.0044313825038076,0.1451873711070896,0.0402187902187902,2.0976512226512227,2.6479247104247103,False,True,True,True,True,True,True,True,True,False,,False,20,3,2
Eryth,cellstate,50,0.75,0.005,3000,50,500,1000,115,115,111,111,-0.0201405511154385,0.2779175353027875,0.07627765064836,4.669412662090008,2.4607170099160944,False,True,True,True,True,True,True,True,True,False,,False,20,5,3
Eryth,cellstate,50,0.75,0.005,3000,50,1000,1634,115,115,115,112,-0.0231069216807344,0.3850073167428957,0.1246376811594203,7.955606407322654,2.185354691075515,False,True,True,True,True,True,True,True,True,False,,False,20,6,4
Eryth,cellstate,50,0.75,0.005,3000,75,100,188,107,107,79,95,0.0140978816654492,0.0671818316678129,0.0165755598659848,0.451419502733204,1.9492153059425144,False,True,True,True,True,True,True,True,True,False,,False,21,1,1
Eryth,cellstate,50,0.75,0.005,3000,75,250,468,133,133,107,126,0.0123844032231896,0.1237674549994031,0.0266575529733424,1.4533492822966507,2.60395306447938,False,True,True,True,True,True,True,True,True,False,,False,21,2,1
Eryth,cellstate,50,0.75,0.005,3000,75,500,957,137,137,126,130,-0.0043531312464825,0.1968326193965451,0.0513632460283383,3.4618935165307,2.6475418634607126,False,True,True,True,True,True,True,True,True,False,,False,21,3,2
Eryth,cellstate,50,0.75,0.005,3000,75,1000,1870,137,137,135,133,-0.0146520182076798,0.348578227642365,0.1003649635036496,7.2930442249892655,2.275815800772864,False,True,True,True,True,True,True,True,True,False,,False,21,5,3
Eryth,cellstate,50,0.75,0.005,3000,100,100,188,107,107,79,96,0.0176771365960555,0.0631812113120524,0.0165755598659848,0.4559160641862105,1.990830541350732,False,True,True,True,True,True,True,True,True,False,,False,21,1,1
Eryth,cellstate,50,0.75,0.005,3000,100,250,477,133,133,109,127,0.0071411280561607,0.1322403240848735,0.0271701982228298,1.5027910685805423,2.897755753018911,False,True,True,True,True,True,True,True,True,False,,False,21,3,2
Eryth,cellstate,50,0.75,0.005,3000,100,500,954,138,138,127,132,0.0015316992765788,0.1924586258621657,0.0504601713741669,3.4797418808843754,2.704326668782397,False,True,True,True,True,True,True,True,True,False,,False,21,3,2
Eryth,cellstate,50,0.75,0.005,3000,100,1000,1866,139,139,137,135,-0.0063471991133121,0.3439679199717069,0.0972786987801063,7.172870399332708,2.2956938796788657,False,True,True,True,True,True,True,True,True,False,,False,21,5,3
Eryth,cellstate,50,0.75,0.005,4000,10,100,200,34,34,34,31,-0.0147376543209876,0.3688471252234684,0.17825311942959,3.614973262032085,1.9919786096256684,False,True,True,True,False,True,True,True,True,False,,False,13,2,2
Eryth,cellstate,50,0.75,0.005,4000,10,250,287,35,35,35,32,-0.0203665146407561,0.5583591448196953,0.2411764705882353,4.891596638655463,1.7781512605042016,False,True,True,True,False,True,True,True,True,False,,False,13,5,3
Eryth,cellstate,50,0.75,0.005,4000,10,500,286,35,35,35,31,-0.044512,0.5454164730582437,0.2403361344537815,4.871428571428571,1.688235294117647,False,True,True,True,False,True,True,True,True,False,,False,13,5,3
Eryth,cellstate,50,0.75,0.005,4000,10,1000,287,35,35,35,32,-0.0203665146407561,0.5583591448196953,0.2411764705882353,4.891596638655463,1.7781512605042016,False,True,True,True,False,True,True,True,True,False,,False,13,5,3
Eryth,cellstate,50,0.75,0.005,4000,25,100,200,72,72,50,68,0.0495429362880886,0.1390688015688015,0.0391236306729264,0.9831768388106416,1.7975352112676055,False,True,True,True,True,True,True,True,True,False,,False,17,2,1
Eryth,cellstate,50,0.75,0.005,4000,25,250,500,73,73,68,69,0.0196822049643282,0.2841753469411371,0.0951293759512937,3.4733637747336377,2.144216133942161,False,True,True,True,True,True,True,True,True,False,,False,17,4,3
Eryth,cellstate,50,0.75,0.005,4000,25,500,764,69,69,68,66,-0.0144685361135577,0.447326798278845,0.1628303495311168,6.240196078431373,2.0421994884910486,False,True,True,True,True,True,True,True,True,False,,False,17,6,4
Eryth,cellstate,50,0.75,0.005,4000,25,1000,749,68,68,67,65,-0.0128459291039191,0.4537160884884684,0.1643985952589991,6.151229148375768,2.0370939420544336,False,True,True,True,True,True,True,True,True,False,,False,17,6,4
Eryth,cellstate,50,0.75,0.005,4000,50,100,200,102,102,69,94,0.0086522024983563,0.0958230767054296,0.01941370607649,0.6659871869539895,2.432343234323432,False,True,True,True,True,True,True,True,True,False,,False,20,2,1
Eryth,cellstate,50,0.75,0.005,4000,50,250,500,111,111,95,108,-0.0057291666666666,0.148291749888008,0.0409500409500409,2.2384930384930386,2.717035217035217,False,True,True,True,True,True,True,True,True,False,,False,20,2,1
Eryth,cellstate,50,0.75,0.005,4000,50,500,1000,112,112,105,109,-0.0187539610683567,0.2797549468894368,0.0804375804375804,4.871702059202059,2.3596364221364223,False,True,True,True,True,True,True,True,True,False,,False,20,5,3
Eryth,cellstate,50,0.75,0.005,4000,50,1000,1567,112,112,112,109,-0.0219188029809742,0.3992221272544408,0.1260456885456885,7.8448359073359075,2.185247747747748,False,True,True,True,True,True,True,True,True,False,,False,20,6,4
Eryth,cellstate,50,0.75,0.005,4000,75,100,185,108,108,74,95,0.0063117283950617,0.0718694885361552,0.0160089996538594,0.4946348217376254,2.158705434406369,False,True,True,True,True,True,True,True,True,False,,False,21,1,1
Eryth,cellstate,50,0.75,0.005,4000,75,250,478,133,133,110,126,0.0048136419459723,0.1337182237118804,0.0272271588061061,1.5172590567327409,2.925894281157439,False,True,True,True,True,True,True,True,True,False,,False,21,2,1
Eryth,cellstate,50,0.75,0.005,4000,75,500,957,137,137,126,130,-0.0054702206524481,0.1974036079955178,0.0513632460283383,3.456311721769,2.650279089738085,False,True,True,True,True,True,True,True,True,False,,False,21,3,2
Eryth,cellstate,50,0.75,0.005,4000,75,1000,1910,137,137,136,134,-0.0112759259259259,0.3387491292668907,0.1025118076427651,7.602243452125376,2.298250322026621,False,True,True,True,True,True,True,True,True,False,,False,21,6,4
Eryth,cellstate,50,0.75,0.005,4000,100,100,186,109,109,75,94,0.0085467476572754,0.0690620496610782,0.0158002038735983,0.4693340129119945,2.0184335711858647,False,True,True,True,True,True,True,True,True,False,,False,21,1,1
Eryth,cellstate,50,0.75,0.005,4000,100,250,477,133,133,109,127,0.0076980627796782,0.1314887702302345,0.0271701982228298,1.5432330827067668,2.909261790840738,False,True,True,True,True,True,True,True,True,False,,False,21,2,1
Eryth,cellstate,50,0.75,0.005,4000,100,500,954,138,138,127,131,0.0039339458502488,0.1936236189164627,0.0504601713741669,3.416587326774569,2.6752882682746217,False,True,True,True,True,True,True,True,True,False,,False,21,3,2
Eryth,cellstate,50,0.75,0.005,4000,100,1000,1851,138,138,136,134,-0.0046181543812257,0.3437306490038604,0.0979054268486194,7.183539617052787,2.2911774039987307,False,True,True,True,True,True,True,True,True,False,,False,21,6,4
Eryth,cellstate,50,0.75,0.01,2000,10,100,200,36,36,33,34,0.0347485127095727,0.3445928300094967,0.1587301587301587,3.4714285714285715,1.934126984126984,False,True,True,True,True,True,True,True,True,False,,False,16,5,4
Eryth,cellstate,50,0.75,0.01,2000,10,250,305,36,36,36,34,0.0115227450273421,0.4848870134902912,0.242063492063492,5.466666666666667,1.8682539682539685,False,True,True,True,True,True,True,True,True,False,,False,16,7,4
Eryth,cellstate,50,0.75,0.01,2000,10,500,306,36,36,36,34,0.0106363948062789,0.4871761041422727,0.2428571428571428,5.488095238095238,1.8642857142857143,False,True,True,True,True,True,True,True,True,False,,False,16,7,4
Eryth,cellstate,50,0.75,0.01,2000,10,1000,304,36,36,36,34,0.0081151872094959,0.4808332229491425,0.2412698412698412,5.455555555555556,1.8674603174603173,False,True,True,True,True,True,True,True,True,False,,False,16,7,4
Eryth,cellstate,50,0.75,0.01,2000,25,100,200,69,69,56,67,0.017932098765432,0.1120882338273642,0.0426257459505541,1.4345694799658997,2.816709292412617,False,True,True,True,True,True,True,True,True,False,,False,17,5,4
Eryth,cellstate,50,0.75,0.01,2000,25,250,500,70,70,66,68,0.0066493827160493,0.2800065077848378,0.10351966873706,4.272463768115942,2.17184265010352,False,True,True,True,True,True,True,True,True,False,,False,16,5,4
Eryth,cellstate,50,0.75,0.01,2000,25,500,857,70,70,70,68,-0.0017193762682678,0.4396046089171998,0.1774327122153209,7.685093167701863,2.031262939958592,False,True,True,True,True,True,True,True,True,False,,False,16,7,4
Eryth,cellstate,50,0.75,0.01,2000,25,1000,825,68,68,67,67,-0.0118569445166271,0.4434338915411628,0.1810798946444249,7.723222124670764,1.994732221246708,False,True,True,True,True,True,True,True,True,False,,False,17,8,4
Eryth,cellstate,50,0.75,0.01,2000,50,100,198,104,104,74,93,0.055352079395085,0.0518045522853215,0.0184839432412247,0.7273151605675877,2.8340179238237493,False,True,True,True,True,True,True,True,True,False,,False,19,2,2
Eryth,cellstate,50,0.75,0.01,2000,50,250,500,122,122,106,118,0.0538197372612957,0.1432052497038661,0.0338707492209727,1.9791356184798807,2.557715756672537,False,True,True,True,True,True,True,True,True,False,,True,21,6,4
Eryth,cellstate,50,0.75,0.01,2000,50,500,1000,123,123,119,123,0.0234281631365868,0.226365928812248,0.0666400106624017,4.64874050379848,2.617153138744502,False,True,True,True,True,True,True,True,True,False,,True,21,8,4
Eryth,cellstate,50,0.75,0.01,2000,50,1000,1800,123,123,123,123,-0.0018124500796511,0.3365110273627296,0.119952019192323,8.89317606290817,2.249366919898707,False,True,True,True,True,True,True,True,True,False,,True,21,9,4
Eryth,cellstate,50,0.75,0.01,2000,75,100,193,107,107,74,97,0.0292221264642982,0.041694650105865,0.0170163992241227,0.5782049021336625,2.772791394815729,False,True,True,True,True,True,True,True,True,False,,False,20,2,2
Eryth,cellstate,50,0.75,0.01,2000,75,250,486,141,141,110,134,0.0495224492151431,0.1049822628193617,0.0246200607902735,1.420516717325228,2.250709219858156,False,True,True,True,True,True,True,True,True,False,,True,22,5,4
Eryth,cellstate,50,0.75,0.01,2000,75,500,981,146,146,132,145,0.0403156659202343,0.1777381827867418,0.0463391591875295,3.4646669815777043,2.637458667926311,False,True,True,True,True,True,True,True,True,False,,True,22,6,4
Eryth,cellstate,50,0.75,0.01,2000,75,1000,1946,146,146,145,145,0.0212520018378439,0.2855594933771282,0.0919225318847425,7.74081247047709,2.348134152102032,False,True,True,True,True,True,True,True,True,False,,True,22,11,5
Eryth,cellstate,50,0.75,0.01,2000,100,100,194,110,110,76,98,0.0164320714085078,0.0356467270103633,0.0161801501251042,0.4853211009174312,2.1904086738949125,False,True,True,True,True,True,True,True,True,False,,False,19,2,2
Eryth,cellstate,50,0.75,0.01,2000,100,250,486,143,143,112,135,0.0484716451215758,0.097514552494093,0.023933812666207,1.4374569092878953,2.417561311927509,False,True,True,True,True,True,True,True,True,False,,True,22,5,4
Eryth,cellstate,50,0.75,0.01,2000,100,500,984,148,148,132,147,0.0527340707275275,0.175706643273869,0.0452289023717595,3.345284059569774,2.487635594778452,False,True,True,True,True,True,True,True,True,False,,True,22,6,4
Eryth,cellstate,50,0.75,0.01,2000,100,1000,1958,151,151,150,150,0.0195566303567875,0.2705553757887836,0.0864459161147902,7.503576158940397,2.3922295805739515,False,True,True,True,True,True,True,True,True,False,,True,22,9,5
Eryth,cellstate,50,0.75,0.01,3000,10,100,200,36,36,34,35,0.0162150084586166,0.3388763514989005,0.1587301587301587,3.634126984126984,2.065873015873016,False,True,True,True,True,True,True,True,True,False,,False,15,4,3
Eryth,cellstate,50,0.75,0.01,3000,10,250,377,36,36,36,35,-0.0074734960552268,0.5782410355597789,0.2992063492063492,7.05,1.7642857142857142,False,True,True,True,True,True,True,True,True,False,,False,15,7,4
Eryth,cellstate,50,0.75,0.01,3000,10,500,385,36,36,36,33,-0.0045093152960721,0.5854049259251135,0.3055555555555556,6.947619047619048,1.6166666666666667,False,True,True,True,True,True,True,True,True,False,,False,15,8,6
Eryth,cellstate,50,0.75,0.01,3000,10,1000,378,36,36,36,35,-0.00782900713491,0.5758492703301248,0.3,7.095238095238095,1.761111111111111,False,True,True,True,True,True,True,True,True,False,,False,15,7,4
Eryth,cellstate,50,0.75,0.01,3000,25,100,200,69,69,57,68,0.0582399804645768,0.0943769595943509,0.0426257459505541,1.3832054560954816,2.769394714407502,False,True,True,True,True,True,True,True,True,False,,False,17,2,2
Eryth,cellstate,50,0.75,0.01,3000,25,250,500,71,71,67,71,0.0026648996014568,0.2803569996137987,0.1006036217303823,4.103219315895372,2.344064386317908,False,True,True,True,True,True,True,True,True,False,,False,17,6,4
Eryth,cellstate,50,0.75,0.01,3000,25,500,973,69,69,69,69,-0.012069723079561,0.5192968732865912,0.2073742540494458,8.977195225916454,1.995311167945439,False,True,True,True,True,True,True,True,True,False,,False,17,8,4
Eryth,cellstate,50,0.75,0.01,3000,25,1000,1041,69,69,69,69,-0.0148755799644719,0.5333893604547253,0.2218670076726342,9.643435635123614,1.9595055413469733,False,True,True,True,True,True,True,True,True,False,,False,17,8,4
Eryth,cellstate,50,0.75,0.01,3000,50,100,195,101,101,72,92,0.0251873749589417,0.0876687668766876,0.0193069306930693,0.6262376237623762,2.349009900990099,False,True,True,True,True,True,True,True,True,False,,False,19,2,2
Eryth,cellstate,50,0.75,0.01,3000,50,250,500,121,121,105,119,0.0526878052283826,0.1343849099241469,0.0344352617079889,2.0957988980716253,2.72568870523416,False,True,True,True,True,True,True,True,True,False,,True,21,4,4
Eryth,cellstate,50,0.75,0.01,3000,50,500,1000,126,126,123,126,0.0295512062760126,0.2213108906235979,0.0634920634920634,4.454222222222223,2.55384126984127,False,True,True,True,True,True,True,True,True,False,,True,21,5,4
Eryth,cellstate,50,0.75,0.01,3000,50,1000,2000,125,125,125,125,0.0030254233948098,0.3712763170703079,0.1290322580645161,9.722774193548387,2.188258064516129,False,True,True,True,True,True,True,True,True,False,,True,21,9,5
Eryth,cellstate,50,0.75,0.01,3000,75,100,198,114,114,76,101,0.0146404208579026,0.1150867164025058,0.015370284117373,0.4764011799410029,2.095870206489676,False,True,True,True,True,True,True,True,True,False,,False,21,2,2
Eryth,cellstate,50,0.75,0.01,3000,75,250,500,144,144,114,138,0.0432706118931341,0.1096440551019593,0.0242812742812742,1.4882964257964255,2.537684537684538,False,True,True,True,True,True,True,True,True,False,,True,22,5,4
Eryth,cellstate,50,0.75,0.01,3000,75,500,1000,148,148,139,148,0.0442031552366883,0.1776183867589416,0.0459643316786173,3.62369001654716,2.7158944658944657,False,True,True,True,True,True,True,True,True,False,,True,22,5,4
Eryth,cellstate,50,0.75,0.01,3000,75,1000,2000,148,148,147,148,0.016348181413158,0.2921880564573759,0.0919286633572347,7.921171171171171,2.358843537414966,False,True,True,True,True,True,True,True,True,False,,True,22,8,5
Eryth,cellstate,50,0.75,0.01,3000,100,100,195,118,118,78,101,0.0403473534971644,0.0848670632568937,0.0141242937853107,0.380848906272635,1.6685499058380415,False,True,True,True,True,True,True,True,True,False,,False,21,2,2
Eryth,cellstate,50,0.75,0.01,3000,100,250,499,149,149,116,142,0.0562690658798605,0.1057609989319433,0.0226283330310175,1.3548884454924723,2.5125158715762743,False,True,True,True,True,True,True,True,True,False,,True,22,5,4
Eryth,cellstate,50,0.75,0.01,3000,100,500,999,153,153,143,152,0.0529843926877946,0.164959287175653,0.0429566563467492,3.4358015135878914,2.747334021327829,False,True,True,True,True,True,True,True,True,False,,True,22,5,4
Eryth,cellstate,50,0.75,0.01,3000,100,1000,1994,151,151,150,151,0.02758784,0.2795609222945944,0.0880353200883002,7.714878587196468,2.4003973509933774,False,True,True,True,True,True,True,True,True,False,,True,22,10,5
Eryth,cellstate,50,0.75,0.01,4000,10,100,200,35,35,34,34,0.020615456580574,0.3355313733885163,0.1680672268907563,3.856302521008403,2.0983193277310925,False,True,True,True,True,True,True,True,True,False,,False,14,5,4
Eryth,cellstate,50,0.75,0.01,4000,10,250,378,35,35,35,32,0.002698199408761,0.6259665285593083,0.3176470588235294,6.783193277310924,1.6,False,True,True,True,True,True,True,True,True,False,,False,14,8,6
Eryth,cellstate,50,0.75,0.01,4000,10,500,376,35,35,35,34,-0.0106520914150784,0.6125435767061422,0.3159663865546218,7.301680672268907,1.73109243697479,False,True,True,True,True,True,True,True,True,False,,False,14,7,5
Eryth,cellstate,50,0.75,0.01,4000,10,1000,398,36,36,36,33,0.0030292638317329,0.6190072663848798,0.3158730158730158,6.854761904761904,1.6087301587301588,False,True,True,True,True,True,True,True,True,False,,False,15,8,6
Eryth,cellstate,50,0.75,0.01,4000,25,100,200,68,68,57,67,0.0478497164461247,0.1128818077347489,0.0438981562774363,1.4929762949956102,3.0691395961369623,False,True,True,True,True,True,True,True,True,False,,False,17,2,2
Eryth,cellstate,50,0.75,0.01,4000,25,250,500,68,68,64,68,0.0117551044488473,0.3062973007396607,0.1097453906935908,4.514705882352941,2.1951273046532047,False,True,True,True,True,True,True,True,True,False,,False,17,6,4
Eryth,cellstate,50,0.75,0.01,4000,25,500,1000,68,68,68,68,-0.011157502971164,0.525197451674699,0.2194907813871817,9.472344161545216,1.9622475856014048,False,True,True,True,True,True,True,True,True,False,,False,17,8,5
Eryth,cellstate,50,0.75,0.01,4000,25,1000,1094,68,68,68,68,-0.0173346912294329,0.5616451649371129,0.2401229148375768,10.389596136962249,1.9150570676031609,False,True,True,True,True,True,True,True,True,False,,False,17,8,6
Eryth,cellstate,50,0.75,0.01,4000,50,100,197,103,103,70,94,0.0312052593133674,0.0779812420589119,0.0187511897963068,0.7008376166000381,2.911669522177803,False,True,True,True,True,True,True,True,True,False,,False,18,2,2
Eryth,cellstate,50,0.75,0.01,4000,50,250,498,120,120,100,120,0.0241257660088828,0.1293366892014763,0.0348739495798319,2.0690476190476192,2.673879551820728,False,True,True,True,True,True,True,True,True,False,,False,19,5,4
Eryth,cellstate,50,0.75,0.01,4000,50,500,997,121,121,115,121,0.0197404324199329,0.2170616364832362,0.06866391184573,4.740426997245179,2.495592286501377,False,True,True,True,True,True,True,True,True,False,,False,19,5,4
Eryth,cellstate,50,0.75,0.01,4000,50,1000,1995,121,121,120,121,-0.0028845601367495,0.3780919029294843,0.137396694214876,10.062465564738291,2.126170798898072,False,True,True,True,True,True,True,True,True,False,,True,20,9,5
Eryth,cellstate,50,0.75,0.01,4000,75,100,198,112,112,79,100,0.031999771225943,0.0458941108494679,0.0159266409266409,0.3573841698841699,1.5132722007722008,False,True,True,True,True,True,True,True,True,False,,True,20,2,2
Eryth,cellstate,50,0.75,0.01,4000,75,250,498,142,142,115,139,0.0399248484184381,0.1063295555843202,0.0248726400958945,1.5522924782738987,2.709319748276896,False,True,True,True,True,True,True,True,True,False,,True,22,5,4
Eryth,cellstate,50,0.75,0.01,4000,75,500,997,146,146,136,146,0.0403636817996322,0.1786429317205873,0.047094945677846,3.708171941426547,2.8034010392064244,False,True,True,True,True,True,True,True,True,False,,True,22,5,4
Eryth,cellstate,50,0.75,0.01,4000,75,1000,1981,144,144,142,144,0.0248166010922475,0.2857680886355841,0.0962024087024087,8.286130536130536,2.288267288267288,False,True,True,True,True,True,True,True,True,False,,True,22,10,6
Eryth,cellstate,50,0.75,0.01,4000,100,100,196,115,115,78,102,0.0570197224251278,0.0379428783776609,0.0149504195270785,0.3297482837528604,1.5069412662090007,False,True,True,True,True,True,True,True,True,False,,False,19,2,2
Eryth,cellstate,50,0.75,0.01,4000,100,250,494,143,143,115,141,0.075895792241946,0.0906029266775331,0.0243277848911651,1.613956466069142,3.051905840638235,False,True,True,True,True,True,True,True,True,False,,True,22,2,2
Eryth,cellstate,50,0.75,0.01,4000,100,500,986,148,148,137,147,0.0589817918915434,0.1665263481927533,0.0453208310351167,3.600661886376172,2.830713366427652,False,True,True,True,True,True,True,True,True,False,,True,22,5,4
Eryth,cellstate,50,0.75,0.01,4000,100,1000,1975,149,149,147,149,0.0341122259344209,0.2706652100370548,0.0895610375476147,7.8742517685470705,2.379466715037185,False,True,True,True,True,True,True,True,True,False,,True,22,9,6
Eryth,cellstate,50,0.75,0.02,2000,10,100,200,34,34,33,33,0.0155413444378346,0.3858906027500091,0.17825311942959,3.792335115864528,2.109625668449198,False,True,True,True,True,False,True,True,False,False,,True,14,7,4
Eryth,cellstate,50,0.75,0.02,2000,10,250,341,35,35,35,34,0.0017145890725436,0.5288880171934032,0.2865546218487395,6.690756302521009,1.7857142857142858,False,True,True,True,True,False,True,True,False,False,,True,14,14,9
Eryth,cellstate,50,0.75,0.02,2000,10,500,321,35,35,35,35,-0.0251716427311665,0.4874543372474261,0.2697478991596638,6.423529411764706,1.915126050420168,False,True,True,True,True,False,True,True,True,False,,True,14,11,5
Eryth,cellstate,50,0.75,0.02,2000,10,1000,322,35,35,35,35,-0.0258791732412629,0.4900473215396586,0.2705882352941176,6.453781512605042,1.908403361344538,False,True,True,True,True,False,True,True,True,False,,True,14,11,5
Eryth,cellstate,50,0.75,0.02,2000,25,100,200,74,74,61,73,0.0706327160493827,0.071100746100746,0.0370233246945575,1.2787856349500184,3.0170307293594965,False,True,True,True,True,True,True,True,True,False,,True,18,2,1
Eryth,cellstate,50,0.75,0.02,2000,25,250,500,78,78,69,77,0.0673631198347107,0.256761346080706,0.0832500832500832,3.76040626040626,2.1723276723276723,False,True,True,True,True,True,True,True,True,False,,True,18,7,4
Eryth,cellstate,50,0.75,0.02,2000,25,500,1000,77,77,77,76,0.023142636969561,0.3931097657213964,0.1708817498291182,8.693267259056732,2.011449077238551,False,True,True,True,True,True,True,True,True,False,,True,18,13,9
Eryth,cellstate,50,0.75,0.02,2000,25,1000,1201,78,78,78,78,0.0076825676076797,0.4312568693732971,0.1999666999666999,10.47968697968698,1.976023976023976,False,True,True,True,True,True,True,True,True,False,,True,19,14,8
Eryth,cellstate,50,0.75,0.02,2000,50,100,200,104,104,72,95,0.1030055191741256,0.0432081807081807,0.0186706497386109,0.5359410007468259,1.8855489171023152,False,True,True,True,True,True,True,True,True,False,,True,19,1,1
Eryth,cellstate,50,0.75,0.02,2000,50,250,500,122,122,100,121,0.0806810749461372,0.1304918051684158,0.0338707492209727,2.0375287901368377,2.62464435713318,False,True,True,True,True,True,True,True,True,False,,True,20,6,2
Eryth,cellstate,50,0.75,0.02,2000,50,500,1000,125,125,120,124,0.0457666666666666,0.2094961449282351,0.064516129032258,4.714064516129032,2.5126451612903224,False,True,True,True,True,True,True,True,True,False,,True,20,7,3
Eryth,cellstate,50,0.75,0.02,2000,50,1000,2000,131,131,130,130,0.0122255197604535,0.3227358649556612,0.1174398120963006,9.648091603053436,2.1361127422196127,False,True,True,True,True,True,True,True,True,False,,True,22,15,10
Eryth,cellstate,50,0.75,0.02,2000,75,100,198,114,114,76,102,0.119875354442344,0.0405527708159287,0.015370284117373,0.3209129017233348,1.4196553330228223,False,True,True,True,True,True,True,True,True,False,,True,21,2,2
Eryth,cellstate,50,0.75,0.02,2000,75,250,500,144,144,110,144,0.0846236723174615,0.111859202268129,0.0242812742812742,1.5030594405594406,2.630487567987568,False,True,True,True,True,True,True,True,True,False,,True,21,5,3
Eryth,cellstate,50,0.75,0.02,2000,75,500,1000,149,149,135,148,0.0503230741115915,0.1633812801749579,0.0453473607836023,3.500136042082351,2.52693633230546,False,True,True,True,True,True,True,True,True,False,,True,22,9,4
Eryth,cellstate,50,0.75,0.02,2000,75,1000,2000,151,151,150,151,0.0162711864406779,0.2519625005446835,0.0883002207505518,8.048962472406181,2.326490066225165,False,True,True,True,True,True,True,True,True,False,,True,22,13,8
Eryth,cellstate,50,0.75,0.02,2000,100,100,199,112,112,70,101,0.0990065741417093,0.0366638321995464,0.0160070785070785,0.4165057915057915,1.728523166023166,False,True,True,True,True,True,True,True,True,False,,True,21,1,1
Eryth,cellstate,50,0.75,0.02,2000,100,250,500,147,147,114,145,0.0640598961478082,0.105639820001354,0.0232969900288882,1.3845401174168297,2.519010343863573,False,True,True,True,True,True,True,True,True,False,,True,21,5,3
Eryth,cellstate,50,0.75,0.02,2000,100,500,1000,153,153,139,152,0.0440831115250728,0.1656145209982012,0.0429996560027519,3.4023477812177503,2.581527347781218,False,True,True,True,True,True,True,True,True,False,,True,22,9,4
Eryth,cellstate,50,0.75,0.02,2000,100,1000,2000,155,155,154,155,0.0156167565065242,0.2463500783251919,0.0837871805613741,7.833137829912023,2.3732718894009217,False,True,True,True,True,True,True,True,True,False,,True,22,13,8
Eryth,cellstate,50,0.75,0.02,3000,10,100,200,36,36,33,35,0.0678793256433007,0.3176748133855978,0.1587301587301587,3.6222222222222222,1.9666666666666663,False,True,True,False,True,False,True,True,True,False,,False,12,4,1
Eryth,cellstate,50,0.75,0.02,3000,10,250,389,36,36,36,35,-0.0058231480608707,0.5751409611255971,0.3087301587301587,7.434920634920635,1.7452380952380953,False,True,True,False,True,False,True,True,True,False,,False,12,5,2
Eryth,cellstate,50,0.75,0.02,3000,10,500,385,36,36,36,35,-0.0029185702768073,0.566549319592667,0.3055555555555556,7.446031746031746,1.7452380952380953,False,True,True,False,True,False,True,True,True,False,,False,12,5,2
Eryth,cellstate,50,0.75,0.02,3000,10,1000,392,36,36,36,36,-0.0204815913813959,0.5588780743793569,0.3111111111111111,7.7,1.8111111111111111,False,True,True,True,True,False,True,True,True,False,,True,14,11,4
Eryth,cellstate,50,0.75,0.02,3000,25,100,200,72,72,61,69,0.0753549382716049,0.0907728845228845,0.0391236306729264,1.307902973395931,2.679773082942097,False,True,True,True,True,True,True,True,True,False,,True,18,1,1
Eryth,cellstate,50,0.75,0.02,3000,25,250,500,75,75,73,75,0.0494212802278886,0.2288033940733092,0.09009009009009,4.210630630630631,2.5,False,True,True,True,True,True,True,True,True,False,,True,18,6,2
Eryth,cellstate,50,0.75,0.02,3000,25,500,1000,75,75,74,74,0.0289051953452076,0.3746988470730705,0.1801801801801801,9.155855855855856,1.9151351351351351,False,True,True,True,True,True,True,True,True,False,,True,18,14,9
Eryth,cellstate,50,0.75,0.02,3000,25,1000,1491,74,74,74,73,0.0106376447279831,0.5351900002904334,0.2760088855979267,14.349315068493151,1.74102184376157,False,True,True,True,True,True,True,True,True,False,,True,18,16,11
Eryth,cellstate,50,0.75,0.02,3000,50,100,200,110,110,75,100,0.0460693757327919,0.044778958415322,0.0166805671392827,0.486488740617181,2.2462885738115097,False,True,True,True,True,True,True,True,True,False,,True,20,1,1
Eryth,cellstate,50,0.75,0.02,3000,50,250,500,124,124,107,122,0.0663325121866708,0.1146902147975751,0.032782585890375,2.0156045108838185,2.870705481248361,False,True,True,True,True,True,True,True,True,False,,True,20,3,2
Eryth,cellstate,50,0.75,0.02,3000,50,500,1000,125,125,119,125,0.033879012345679,0.1784539885299993,0.064516129032258,4.870387096774193,2.51858064516129,False,True,True,True,True,True,True,True,True,False,,True,20,7,3
Eryth,cellstate,50,0.75,0.02,3000,50,1000,2000,130,130,130,129,0.025010697072022,0.3021272622699618,0.1192605843768634,10.01973762671437,2.135539654144305,False,True,True,True,True,True,True,True,True,False,,True,20,15,9
Eryth,cellstate,50,0.75,0.02,3000,75,100,198,110,110,75,96,0.0753683130056756,0.0505837596746687,0.0165137614678899,0.4573811509591326,2.332443703085905,False,True,True,True,True,True,True,False,True,False,,True,19,1,1
Eryth,cellstate,50,0.75,0.02,3000,75,250,500,141,141,117,137,0.0789248582230623,0.0865059985210172,0.0253292806484295,1.6853596757852076,2.959979736575481,False,True,True,True,True,True,True,True,True,False,,True,21,4,2
Eryth,cellstate,50,0.75,0.02,3000,75,500,1000,151,151,142,150,0.0720167410402249,0.143021868185545,0.0441501103752759,3.7369094922737305,2.835849889624724,False,True,True,True,True,True,True,True,True,False,,True,21,6,3
Eryth,cellstate,50,0.75,0.02,3000,75,1000,2000,151,151,150,151,0.0432759770574896,0.2509462170494736,0.0883002207505518,8.282869757174392,2.3247240618101546,False,True,True,True,True,True,True,True,True,False,,True,21,12,6
Eryth,cellstate,50,0.75,0.02,3000,100,100,192,108,108,73,94,0.0850981404958677,0.0554079151301373,0.0166147455867082,0.4665109034267913,2.4198684665974386,False,True,True,True,True,True,True,False,True,False,,False,18,1,1
Eryth,cellstate,50,0.75,0.02,3000,100,250,500,149,149,122,142,0.08112900807706,0.0900762899562949,0.0226736803918011,1.5151006711409396,2.9283511699619083,False,True,True,True,True,True,True,True,True,False,,True,22,3,2
Eryth,cellstate,50,0.75,0.02,3000,100,500,990,154,154,144,152,0.0712582534009173,0.1382283525394486,0.042016806722689,3.60521178168237,2.8363891010949835,False,True,True,True,True,True,True,True,True,False,,True,22,6,3
Eryth,cellstate,50,0.75,0.02,3000,100,1000,1980,154,154,153,154,0.0424651703803587,0.2365538073655717,0.0840336134453781,8.084415584415584,2.3531533825651474,False,True,True,True,True,True,True,True,True,False,,True,22,15,9
Eryth,cellstate,50,0.75,0.02,4000,10,100,200,36,36,35,36,0.0274747474747474,0.3200819015769995,0.1587301587301587,3.801587301587301,2.1880952380952383,False,True,True,True,True,False,True,True,True,False,,False,13,6,2
Eryth,cellstate,50,0.75,0.02,4000,10,250,443,36,36,36,36,-0.015725568686726,0.6294996609400472,0.3515873015873016,8.871428571428572,1.7087301587301589,False,True,True,False,True,False,True,True,True,False,,False,12,5,2
Eryth,cellstate,50,0.75,0.02,4000,10,500,439,36,36,36,36,-0.0195818215761235,0.6202044807962479,0.3484126984126984,8.826984126984128,1.738888888888889,False,True,True,True,True,False,True,True,True,False,,False,13,9,4
Eryth,cellstate,50,0.75,0.02,4000,10,1000,455,36,36,36,36,-0.0142040920552842,0.6420652808751081,0.3611111111111111,9.074603174603174,1.6968253968253968,False,True,True,False,True,False,True,True,True,False,,False,12,5,2
Eryth,cellstate,50,0.75,0.02,4000,25,100,200,74,74,58,71,0.0576010033145211,0.0983109983109983,0.0370233246945575,1.2519437245464642,2.7454646427249165,False,True,True,True,True,True,True,True,True,False,,True,18,1,1
Eryth,cellstate,50,0.75,0.02,4000,25,250,500,75,75,71,75,0.0357454866809746,0.256232534203755,0.09009009009009,4.151531531531531,2.367747747747748,False,True,True,True,True,True,True,True,True,False,,True,18,6,2
Eryth,cellstate,50,0.75,0.02,4000,25,500,1000,76,76,76,76,0.0222817198341673,0.3840172647442629,0.175438596491228,9.030526315789473,2.026666666666667,False,True,True,True,True,True,True,True,True,False,,True,18,13,8
Eryth,cellstate,50,0.75,0.02,4000,25,1000,1779,76,76,76,76,0.001192607547815,0.5938924023525112,0.3121052631578947,16.906315789473684,1.7219298245614034,False,True,True,True,True,True,True,True,True,False,,True,18,17,11
Eryth,cellstate,50,0.75,0.02,4000,50,100,198,106,106,73,97,0.0660999358993925,0.0386348975971617,0.0177897574123989,0.5739442946990116,2.983288409703504,False,True,True,True,True,True,True,True,True,False,,True,20,3,3
Eryth,cellstate,50,0.75,0.02,4000,50,250,500,128,128,109,127,0.0534593572778828,0.1073292151583833,0.030757874015748,1.9509719488188977,2.9248892716535435,False,True,True,True,True,True,True,True,True,False,,True,22,4,3
Eryth,cellstate,50,0.75,0.02,4000,50,500,1000,130,130,122,130,0.0361841147703235,0.1839623013891695,0.0596302921884317,4.538342277877161,2.539117471675611,False,True,True,True,True,True,True,True,True,False,,True,22,9,5
Eryth,cellstate,50,0.75,0.02,4000,50,1000,2000,130,130,129,130,0.0225195558742011,0.3111016627029714,0.1192605843768634,9.894514013118664,2.137388193202147,False,True,True,True,True,True,True,True,True,False,,True,22,15,9
Eryth,cellstate,50,0.75,0.02,4000,75,100,199,118,118,78,101,0.0703365284123145,0.0492130750605326,0.0144140228885991,0.2824134434303926,1.1082138200782268,False,True,True,True,True,True,True,True,True,False,,True,21,1,1
Eryth,cellstate,50,0.75,0.02,4000,75,250,500,143,143,113,140,0.0843217945614459,0.1012673645576548,0.0246232640598837,1.5443711218359106,2.602728257657835,False,True,True,True,True,True,True,True,True,False,,True,22,4,3
Eryth,cellstate,50,0.75,0.02,4000,75,500,984,145,145,131,145,0.0515494067663873,0.1627604875892724,0.0471264367816091,3.7412835249042153,2.55095785440613,False,True,True,True,True,True,True,True,True,False,,True,22,6,3
Eryth,cellstate,50,0.75,0.02,4000,75,1000,2000,148,148,146,148,0.0363751538969974,0.2595689151806996,0.0919286633572347,8.43854568854569,2.2778084206655635,False,True,True,True,True,True,True,True,True,False,,True,22,13,8
Eryth,cellstate,50,0.75,0.02,4000,100,100,195,119,119,74,106,0.079289035922724,0.0360926188657281,0.0138869106964819,0.3132032474006552,1.877439111237716,False,True,True,True,True,True,True,True,True,False,,True,20,3,3
Eryth,cellstate,50,0.75,0.02,4000,100,250,495,147,147,116,143,0.0943774906412269,0.0903711301370364,0.0230640201285993,1.4825738514583915,2.649007548224769,False,True,True,True,True,True,True,True,True,False,,True,22,4,3
Eryth,cellstate,50,0.75,0.02,4000,100,500,985,151,151,135,151,0.0810995941160811,0.143693815710076,0.0434878587196468,3.5336423841059603,2.615187637969095,False,True,True,True,True,True,True,True,True,False,,True,22,6,3
Eryth,cellstate,50,0.75,0.02,4000,100,1000,1972,151,151,150,151,0.0412543303891888,0.2439851944087526,0.0870640176600441,8.162384105960266,2.3512582781456954,False,True,True,True,True,True,True,True,True,False,,True,22,11,7
Eryth,cellstate,50,0.75,0.03,2000,10,100,200,36,36,33,34,0.0176274899590247,0.3376277474961686,0.1587301587301587,3.507936507936508,1.8865079365079365,False,True,True,False,True,False,True,True,False,False,,True,12,4,1
Eryth,cellstate,50,0.75,0.03,2000,10,250,296,35,35,35,35,-0.0176020615209804,0.4671833407636149,0.2487394957983193,5.852941176470588,1.9663865546218489,False,True,True,False,True,False,True,True,False,False,,True,12,5,2
Eryth,cellstate,50,0.75,0.03,2000,10,500,315,36,36,36,35,-0.0112539610683567,0.4591105939983649,0.25,6.037301587301587,1.8976190476190475,False,True,True,False,True,False,True,True,False,False,,True,12,5,2
Eryth,cellstate,50,0.75,0.03,2000,10,1000,317,36,36,36,35,-0.0151267595518529,0.4562876604495599,0.2515873015873016,6.103174603174603,1.8865079365079365,False,True,True,False,True,False,True,True,False,False,,False,11,5,2
Eryth,cellstate,50,0.75,0.03,2000,25,100,200,75,75,60,74,0.1027482524178875,0.1433633851528588,0.036036036036036,1.1884684684684683,2.754954954954955,False,True,True,True,True,True,True,True,False,False,,True,17,5,2
Eryth,cellstate,50,0.75,0.03,2000,25,250,500,75,75,72,75,0.0479640138408304,0.2498220201062406,0.09009009009009,4.101081081081081,2.4846846846846846,False,True,True,True,True,True,True,True,False,False,,True,17,7,3
Eryth,cellstate,50,0.75,0.03,2000,25,500,1000,75,75,74,75,0.0170076235736739,0.4256775491428017,0.1801801801801801,8.94936936936937,1.9457657657657657,False,True,True,True,True,True,True,True,False,False,,True,17,15,7
Eryth,cellstate,50,0.75,0.03,2000,25,1000,1235,75,75,75,75,0.0067543087831892,0.4894122948082151,0.2225225225225225,11.22018018018018,1.8908108108108108,False,True,True,True,True,True,True,True,False,False,,True,17,16,8
Eryth,cellstate,50,0.75,0.03,2000,50,100,198,108,108,69,98,0.0732797662527392,0.0448810388352872,0.0171339563862928,0.5023364485981309,2.031239183108342,False,True,True,True,True,True,True,True,True,False,,False,20,2,1
Eryth,cellstate,50,0.75,0.03,2000,50,250,500,126,126,105,125,0.0856033398263128,0.1315944858381357,0.0317460317460317,1.944952380952381,2.793650793650793,False,True,True,True,True,True,True,True,True,False,,True,21,6,3
Eryth,cellstate,50,0.75,0.03,2000,50,500,1000,127,127,125,127,0.0615111379235472,0.2231936517587522,0.0624921884764404,4.623672040994876,2.667791526059242,False,True,True,True,True,True,True,True,True,False,,True,21,10,4
Eryth,cellstate,50,0.75,0.03,2000,50,1000,2000,128,128,128,128,0.0232224656374508,0.3170610022229173,0.1230314960629921,10.135396161417322,2.15132874015748,False,True,True,True,True,True,True,True,True,False,,True,21,15,7
Eryth,cellstate,50,0.75,0.03,2000,75,100,198,119,119,76,105,0.0595942519019442,0.026517693324416,0.0141005554764278,0.294402506765418,1.340478564307079,False,True,True,True,True,True,True,True,True,False,,True,20,2,1
Eryth,cellstate,50,0.75,0.03,2000,75,250,500,145,145,114,144,0.0687700681337614,0.1187234124119104,0.0239463601532567,1.4642241379310346,2.73117816091954,False,True,True,True,True,True,True,True,True,False,,True,22,5,2
Eryth,cellstate,50,0.75,0.03,2000,75,500,1000,150,150,141,150,0.0655974809268728,0.1765507307574214,0.0447427293064877,3.632930648769575,2.799239373601789,False,True,True,True,True,True,True,True,True,False,,True,22,8,4
Eryth,cellstate,50,0.75,0.03,2000,75,1000,1990,148,148,147,147,0.0254820764253706,0.271111925147934,0.0914690200404486,8.337883802169516,2.275372311086597,False,True,True,True,True,True,True,True,True,False,,True,22,12,5
Eryth,cellstate,50,0.75,0.03,2000,100,100,198,120,120,76,106,0.054555227089492,0.0375,0.0138655462184873,0.3131652661064426,1.4004901960784313,False,True,True,True,True,True,True,True,True,False,,True,22,2,1
Eryth,cellstate,50,0.75,0.03,2000,100,250,499,146,146,111,143,0.0853966262706548,0.1308125547875431,0.0235710911667453,1.32361832782239,2.552290977798772,False,True,True,True,True,True,True,True,True,False,,True,22,5,3
Eryth,cellstate,50,0.75,0.03,2000,100,500,998,150,150,140,150,0.0602726928418128,0.1741016293348332,0.0446532438478747,3.4957046979865773,2.81248322147651,False,True,True,True,True,True,True,True,True,False,,True,22,8,3
Eryth,cellstate,50,0.75,0.03,2000,100,1000,2000,154,154,153,153,0.0255782695439434,0.262622548433174,0.0848824378236142,7.944402003225533,2.3295136236312706,False,True,True,True,True,True,True,True,True,False,,True,22,13,5
Eryth,cellstate,50,0.75,0.03,3000,10,100,200,36,36,34,34,0.0376171875,0.3481270499652853,0.1587301587301587,3.6547619047619047,1.9365079365079363,False,True,True,False,True,False,True,True,True,False,,False,11,2,1
Eryth,cellstate,50,0.75,0.03,3000,10,250,399,36,36,36,34,-0.0156357219880404,0.5585145851062334,0.3166666666666666,7.8619047619047615,1.626984126984127,False,True,True,False,True,False,True,True,True,False,,False,11,5,2
Eryth,cellstate,50,0.75,0.03,3000,10,500,399,36,36,36,34,-0.0189251598427169,0.5596424559852484,0.3166666666666666,7.869841269841269,1.626984126984127,False,True,True,False,True,False,True,True,True,False,,False,11,5,2
Eryth,cellstate,50,0.75,0.03,3000,10,1000,412,36,36,36,36,-0.0031533999855253,0.5621141960735708,0.326984126984127,8.407936507936508,1.7444444444444445,False,True,True,False,True,False,True,True,True,False,,True,12,5,3
Eryth,cellstate,50,0.75,0.03,3000,25,100,200,79,79,59,74,0.0824024876222678,0.1482246305031115,0.0324569944823109,0.9545602077247648,2.228334956183057,False,True,True,True,True,True,True,True,True,False,,True,17,5,2
Eryth,cellstate,50,0.75,0.03,3000,25,250,500,79,79,72,79,0.0554667115562663,0.2263802454222589,0.0811424862057773,3.7267121064589417,2.324083089905874,False,True,True,True,True,True,True,True,True,False,,True,17,7,3
Eryth,cellstate,50,0.75,0.03,3000,25,500,1000,80,80,79,80,0.0331474465916783,0.3447609260226067,0.1582278481012658,8.50379746835443,2.0295886075949365,False,True,True,True,True,True,True,True,True,False,,True,18,8,5
Eryth,cellstate,50,0.75,0.03,3000,25,1000,1710,79,79,79,79,0.0067965823150449,0.5437941084354397,0.2775073028237585,15.47922752353132,1.7755598831548198,False,True,True,True,True,True,True,True,True,False,,True,17,15,9
Eryth,cellstate,50,0.75,0.03,3000,50,100,200,108,108,70,95,0.0828487947406866,0.0568511735178401,0.017307026652821,0.4362236067843544,1.6474558670820354,False,True,True,True,True,True,True,True,True,False,,True,20,3,1
Eryth,cellstate,50,0.75,0.03,3000,50,250,500,122,122,103,120,0.0671744067663873,0.1446888005713872,0.0338707492209727,1.8454816420539224,2.466196992277469,False,True,True,True,True,True,True,True,True,False,,True,21,4,2
Eryth,cellstate,50,0.75,0.03,3000,50,500,1000,126,126,119,126,0.069518359119914,0.2006453953091272,0.0634920634920634,4.694857142857143,2.5456507936507937,False,True,True,True,True,True,True,True,True,False,,True,21,8,4
Eryth,cellstate,50,0.75,0.03,3000,50,1000,2000,127,127,127,127,0.0265589412126808,0.3123514917035502,0.1249843769528809,10.310961129858768,2.1484814398200225,False,True,True,True,True,True,True,True,True,False,,True,21,13,5
Eryth,cellstate,50,0.75,0.03,3000,75,100,200,122,122,81,106,0.1253184401332549,0.0325943182500559,0.0135482996883891,0.3515783769136973,1.5380707221243737,False,True,True,True,True,True,True,True,True,False,,True,21,2,1
Eryth,cellstate,50,0.75,0.03,3000,75,250,500,142,142,110,137,0.0715879907801314,0.1061853776704456,0.0249725302167615,1.2871341524323243,2.2128159025072422,False,True,True,True,True,True,True,True,True,False,,True,22,4,2
Eryth,cellstate,50,0.75,0.03,3000,75,500,1000,149,149,140,149,0.0645377503087782,0.166117086338779,0.0453473607836023,3.7352167603845454,2.807999274442228,False,True,True,True,True,True,True,True,True,False,,True,22,7,3
Eryth,cellstate,50,0.75,0.03,3000,75,1000,2000,147,147,146,147,0.038396619745044,0.256398762595219,0.093187960115553,8.668623613829093,2.3015562389339297,False,True,True,True,True,True,True,True,True,False,,True,22,10,4
Eryth,cellstate,50,0.75,0.03,3000,100,100,197,113,113,75,95,0.1177501826150475,0.0551597370181441,0.0155657395701643,0.3351769911504424,1.4306257901390644,False,True,True,True,True,True,True,True,True,False,,True,21,2,1
Eryth,cellstate,50,0.75,0.03,3000,100,250,500,152,152,119,146,0.0999057402277623,0.1057560220137619,0.021784593935169,1.2610230045311956,2.540345067967933,False,True,True,True,True,True,True,True,True,False,,True,22,5,2
Eryth,cellstate,50,0.75,0.03,3000,100,500,1000,151,151,141,150,0.0625359646735246,0.1537120482574725,0.0441501103752759,3.6623399558498897,2.7892273730684325,False,True,True,True,True,True,True,True,True,False,,True,22,7,3
Eryth,cellstate,50,0.75,0.03,3000,100,1000,2000,154,154,153,154,0.0512851587748378,0.2372679637592693,0.0848824378236142,8.236864442746796,2.3409303115185467,False,True,True,True,True,True,True,True,True,False,,True,22,10,4
Eryth,cellstate,50,0.75,0.03,4000,10,100,200,36,36,35,36,0.0368427144014505,0.3136693326644307,0.1587301587301587,3.97936507936508,2.1547619047619047,False,True,True,False,True,False,True,True,True,False,,False,11,2,1
Eryth,cellstate,50,0.75,0.03,4000,10,250,469,36,36,36,36,-0.0252568657392131,0.6416159579894326,0.3722222222222222,9.555555555555555,1.6682539682539683,False,True,True,False,True,False,True,True,True,False,,False,11,5,2
Eryth,cellstate,50,0.75,0.03,4000,10,500,476,36,36,36,36,-0.0221714592851384,0.6477876970246857,0.3777777777777777,9.732539682539684,1.6571428571428573,False,True,True,False,True,False,True,True,True,False,,False,11,5,2
Eryth,cellstate,50,0.75,0.03,4000,10,1000,474,36,36,36,36,-0.0231237999833041,0.647442694589113,0.3761904761904762,9.665079365079364,1.6587301587301588,False,True,True,False,True,False,True,True,True,False,,False,11,5,2
Eryth,cellstate,50,0.75,0.03,4000,25,100,200,75,75,56,73,0.0735229137735134,0.0911354941354941,0.036036036036036,1.1126126126126126,2.555135135135135,False,True,True,True,True,True,True,True,True,False,,False,16,3,1
Eryth,cellstate,50,0.75,0.03,4000,25,250,500,79,79,76,79,0.0714638919282888,0.2222324280852525,0.0811424862057773,3.810613437195716,2.60434923726063,False,True,True,True,True,True,True,True,True,False,,True,17,6,3
Eryth,cellstate,50,0.75,0.03,4000,25,500,1000,78,78,78,78,0.03651116927821,0.3422350628628836,0.1665001665001665,9.02014652014652,2.025641025641025,False,True,True,True,True,True,True,True,True,False,,True,17,9,5
Eryth,cellstate,50,0.75,0.03,4000,25,1000,1878,78,78,78,78,0.0084265861916144,0.5809490027535047,0.3126873126873127,17.61904761904762,1.7101232101232102,False,True,True,True,True,True,True,True,True,False,,True,17,16,8
Eryth,cellstate,50,0.75,0.03,4000,50,100,197,105,105,69,97,0.0800561378363044,0.0511445168588025,0.018040293040293,0.5024725274725275,1.9832417582417583,False,True,True,True,False,True,True,True,True,False,,True,20,3,1
Eryth,cellstate,50,0.75,0.03,4000,50,250,500,126,126,106,126,0.09311482439854,0.1170408738902863,0.0317460317460317,1.8695873015873017,2.9291428571428573,False,True,True,True,True,True,True,True,True,False,,True,21,4,2
Eryth,cellstate,50,0.75,0.03,4000,50,500,1000,125,125,119,125,0.0662006216240057,0.1920266880115192,0.064516129032258,4.810967741935484,2.581032258064516,False,True,True,True,True,True,True,True,True,False,,True,21,8,3
Eryth,cellstate,50,0.75,0.03,4000,50,1000,2000,128,128,128,128,0.03378920332542,0.2932957063963429,0.1230314960629921,10.437684547244094,2.1532357283464565,False,True,True,True,True,True,True,True,True,False,,True,21,13,5
Eryth,cellstate,50,0.75,0.03,4000,75,100,199,117,117,78,104,0.1271266540642721,0.0506323211451416,0.0146625405246094,0.3328175655761862,1.1965075154730327,False,True,True,True,True,True,True,True,True,False,,True,22,3,1
Eryth,cellstate,50,0.75,0.03,4000,75,250,500,145,145,114,141,0.1197924824735025,0.1107029897139857,0.0239463601532567,1.310392720306513,2.5670498084291187,False,True,True,True,True,True,True,True,True,False,,True,22,4,1
Eryth,cellstate,50,0.75,0.03,4000,75,500,1000,149,149,139,149,0.0815243460725193,0.1439432441495596,0.0453473607836023,3.752856883729367,2.823054598222384,False,True,True,True,True,True,True,True,True,False,,True,22,8,4
Eryth,cellstate,50,0.75,0.03,4000,75,1000,2000,149,149,148,149,0.0419744177040392,0.2340235753098047,0.0906947215672047,8.705332849628151,2.31520950480682,False,True,True,True,True,True,True,True,True,False,,True,22,12,5
Eryth,cellstate,50,0.75,0.03,4000,100,100,195,113,113,72,100,0.1220565149136577,0.0524690648584453,0.0154077117572692,0.3675726927939317,1.5063211125158027,False,True,True,True,True,True,True,True,True,False,,True,21,2,1
Eryth,cellstate,50,0.75,0.03,4000,100,250,500,151,151,117,147,0.1356529539920543,0.1059367607699676,0.0220750551876379,1.2151434878587195,2.484415011037528,False,True,True,True,True,True,True,True,True,False,,True,22,4,1
Eryth,cellstate,50,0.75,0.03,4000,100,500,1000,154,154,143,154,0.0977506810316429,0.1389673224786767,0.0424412189118071,3.6889058653764537,2.802521008403361,False,True,True,True,True,True,True,True,True,False,,True,22,7,3
Eryth,cellstate,50,0.75,0.03,4000,100,1000,2000,154,154,152,154,0.0458594723269192,0.2260640359490492,0.0848824378236142,8.371487989135048,2.3152533740769035,False,True,True,True,True,True,True,True,True,False,,True,22,10,4
Eryth,cellstate,50,0.9,0.005,2000,10,100,200,35,35,33,32,-0.0432506623256407,0.3976840784160554,0.1680672268907563,3.1058823529411765,1.9352941176470588,False,True,True,False,False,True,True,True,True,False,,False,12,3,3
Eryth,cellstate,50,0.9,0.005,2000,10,250,258,35,35,35,32,-0.0616825906492286,0.5153260963835161,0.2168067226890756,4.1344537815126055,1.8857142857142857,False,True,True,False,False,True,True,True,True,False,,False,12,3,3
Eryth,cellstate,50,0.9,0.005,2000,10,500,278,35,35,35,33,-0.016938782964424,0.6026498487912446,0.2336134453781512,4.5210084033613445,1.884033613445378,False,True,True,False,False,True,True,True,True,False,,False,12,3,3
Eryth,cellstate,50,0.9,0.005,2000,10,1000,258,35,35,35,32,-0.0616825906492286,0.5153260963835161,0.2168067226890756,4.1344537815126055,1.8857142857142857,False,True,True,False,False,True,True,True,True,False,,False,12,3,3
Eryth,cellstate,50,0.9,0.005,2000,25,100,200,64,64,52,60,0.0195398311943577,0.2042883893067716,0.0496031746031746,1.380952380952381,2.2859623015873014,False,True,True,False,True,True,True,True,True,False,,False,16,2,1
Eryth,cellstate,50,0.9,0.005,2000,25,250,500,69,69,64,65,-0.0055166694777084,0.3372569615949359,0.1065643648763853,3.592924126172208,2.171355498721228,False,True,True,False,True,True,True,True,True,False,,False,15,4,3
Eryth,cellstate,50,0.9,0.005,2000,25,500,628,66,66,65,61,-0.0046090273363,0.4453065168498517,0.1463869463869463,5.105128205128205,2.0585081585081584,False,True,True,False,True,True,True,True,True,False,,False,16,4,3
Eryth,cellstate,50,0.9,0.005,2000,25,1000,615,66,66,65,61,-0.0014608888220403,0.4482182550007524,0.1433566433566433,5.0368298368298365,2.0627039627039627,False,True,True,False,True,True,True,True,True,False,,False,16,4,3
Eryth,cellstate,50,0.9,0.005,2000,50,100,199,94,94,59,88,-0.0309135815726596,0.1248205648706274,0.0227636696408144,0.6672386181651796,2.15751544269046,False,True,True,False,True,True,True,True,True,False,,False,18,1,1
Eryth,cellstate,50,0.9,0.005,2000,50,250,499,107,107,89,104,-0.0100540216086434,0.2212469611694706,0.0439957679421618,2.125198377711162,2.4761946746605537,False,True,True,False,True,True,True,True,True,False,,False,19,2,1
Eryth,cellstate,50,0.9,0.005,2000,50,500,1000,109,109,106,106,-0.011518786781349,0.3372112767095878,0.0849473326537546,4.7522086306489975,2.40995582738702,False,True,True,False,True,True,True,True,True,False,,False,19,3,2
Eryth,cellstate,50,0.9,0.005,2000,50,1000,1355,114,114,114,112,-0.0260922861395674,0.360743404986523,0.1051855301971743,6.367256637168142,2.364229156963205,False,True,True,False,True,True,True,True,True,False,,False,18,4,3
Eryth,cellstate,50,0.9,0.005,2000,75,100,196,102,102,68,88,-0.0029534447523866,0.1223357796887208,0.0190254319549602,0.473694428266356,1.6612308289652495,False,True,True,False,True,True,True,True,True,False,,False,17,1,1
Eryth,cellstate,50,0.9,0.005,2000,75,250,481,126,126,102,119,-0.02019499259759,0.143736532990278,0.0305396825396825,1.563936507936508,2.5547936507936506,False,True,True,False,True,True,True,True,True,False,,False,19,2,1
Eryth,cellstate,50,0.9,0.005,2000,75,500,961,129,129,121,126,-0.0196030966247549,0.2414624163205182,0.0582000968992248,3.6848958333333335,2.7077882751937983,False,True,True,False,True,True,True,True,True,False,,False,19,4,3
Eryth,cellstate,50,0.9,0.005,2000,75,1000,1670,130,130,130,128,-0.0173734533729581,0.3480800763261318,0.0995825879546809,6.792426952892069,2.425939177101968,False,True,True,False,True,True,True,True,True,False,,False,19,4,3
Eryth,cellstate,50,0.9,0.005,2000,100,100,196,102,102,67,89,0.0160803324099723,0.118913335409499,0.0190254319549602,0.4849543777907202,1.70879440885265,False,True,True,False,True,True,True,True,True,False,,False,17,1,1
Eryth,cellstate,50,0.9,0.005,2000,100,250,487,126,126,101,119,0.0289929820037208,0.1642145173362321,0.0309206349206349,1.592063492063492,2.650984126984127,False,True,True,False,True,True,True,True,True,False,,False,19,2,1
Eryth,cellstate,50,0.9,0.005,2000,100,500,970,129,129,117,125,0.0147716581446311,0.2679612208602583,0.0587451550387596,3.630995639534884,2.504360465116279,False,True,True,False,True,True,True,True,True,False,,False,19,3,2
Eryth,cellstate,50,0.9,0.005,2000,100,1000,1670,130,130,130,128,-0.0086438322682568,0.3480800763261318,0.0995825879546809,6.792426952892069,2.425939177101968,False,True,True,False,True,True,True,True,True,False,,False,19,4,3
Eryth,cellstate,50,0.9,0.005,3000,10,100,200,35,35,33,33,-0.0387558109504132,0.4529712897251308,0.1680672268907563,3.2436974789915967,2.054621848739496,False,True,True,False,False,True,True,True,True,False,,False,12,2,2
Eryth,cellstate,50,0.9,0.005,3000,10,250,258,35,35,35,32,-0.0616825906492286,0.5153260963835161,0.2168067226890756,4.1344537815126055,1.8857142857142857,False,True,True,False,False,True,True,True,True,False,,False,12,3,3
Eryth,cellstate,50,0.9,0.005,3000,10,500,234,33,33,33,31,-0.0137339276971836,0.5894245676993876,0.2215909090909091,4.066287878787879,1.9109848484848484,False,True,True,False,False,True,True,True,True,False,,False,11,3,3
Eryth,cellstate,50,0.9,0.005,3000,10,1000,258,35,35,35,32,-0.0616825906492286,0.5153260963835161,0.2168067226890756,4.1344537815126055,1.8857142857142857,False,True,True,False,False,True,True,True,True,False,,False,12,3,3
Eryth,cellstate,50,0.9,0.005,3000,25,100,200,66,66,48,63,0.0100720699432892,0.1885349498985862,0.0466200466200466,1.1925407925407925,2.395104895104895,False,True,True,False,True,True,True,True,True,False,,False,15,2,1
Eryth,cellstate,50,0.9,0.005,3000,25,250,500,69,69,64,65,-0.0073860122561421,0.3330121024754863,0.1065643648763853,3.603154305200341,2.171355498721228,False,True,True,False,True,True,True,True,True,False,,False,15,4,3
Eryth,cellstate,50,0.9,0.005,3000,25,500,628,66,66,65,61,-0.0046090273363,0.4453065168498517,0.1463869463869463,5.105128205128205,2.0585081585081584,False,True,True,False,True,True,True,True,True,False,,False,16,4,3
Eryth,cellstate,50,0.9,0.005,3000,25,1000,615,66,66,65,61,-0.0014608888220403,0.4482182550007524,0.1433566433566433,5.0368298368298365,2.0627039627039627,False,True,True,False,True,True,True,True,True,False,,False,16,4,3
Eryth,cellstate,50,0.9,0.005,3000,50,100,198,93,93,61,87,-0.0316481994459833,0.0986593770274984,0.0231416549789621,0.6909770920991117,1.9144460028050487,False,True,True,False,True,True,True,True,True,False,,False,17,1,1
Eryth,cellstate,50,0.9,0.005,3000,50,250,500,112,112,96,108,-0.0056509695290859,0.1629730892299577,0.0402187902187902,2.0608912483912483,2.7463803088803087,False,True,True,False,True,True,True,True,True,False,,False,18,2,1
Eryth,cellstate,50,0.9,0.005,3000,50,500,1000,113,113,109,111,-0.0328211748484184,0.2852336753888009,0.0790139064475347,4.591261061946903,2.45448798988622,False,True,True,False,True,True,True,True,True,False,,False,18,4,3
Eryth,cellstate,50,0.9,0.005,3000,50,1000,1281,109,109,109,107,-0.0203199760870959,0.4041723106215304,0.1088175331294597,6.26537546721033,2.355674481821271,False,True,True,False,True,True,True,True,True,False,,False,19,4,3
Eryth,cellstate,50,0.9,0.005,3000,75,100,195,103,103,66,89,0.0016796842193667,0.1105503497018904,0.0185608223872073,0.4760137064534551,1.6722825052351038,False,True,True,False,True,True,True,True,True,False,,False,17,1,1
Eryth,cellstate,50,0.9,0.005,3000,75,250,487,126,126,101,119,0.0050332479876217,0.1722466200591661,0.0309206349206349,1.598095238095238,2.665714285714286,False,True,True,False,True,True,True,True,True,False,,False,19,2,1
Eryth,cellstate,50,0.9,0.005,3000,75,500,970,129,129,117,125,0.0019552958363769,0.2630121110670863,0.0587451550387596,3.6418362403100777,2.4924297480620154,False,True,True,False,True,True,True,True,True,False,,False,19,3,2
Eryth,cellstate,50,0.9,0.005,3000,75,1000,1654,129,129,129,127,-0.0119425639982645,0.3768004959248456,0.1001695736434108,6.692890019379845,2.418846899224806,False,True,True,False,True,True,True,True,True,False,,False,19,4,3
Eryth,cellstate,50,0.9,0.005,3000,100,100,194,104,104,69,92,-0.0297549257914152,0.0573748900671977,0.0181105302464525,0.4943054518297237,1.6068894697535474,False,True,True,False,True,True,True,True,True,False,,False,18,1,1
Eryth,cellstate,50,0.9,0.005,3000,100,250,487,125,125,102,118,0.0249912505295731,0.1729360188692887,0.0314193548387096,1.6176129032258064,2.655290322580645,False,True,True,False,True,True,True,True,True,False,,False,18,2,1
Eryth,cellstate,50,0.9,0.005,3000,100,500,961,129,129,120,127,-0.0082338635101549,0.2418173325941355,0.0582000968992248,3.685683139534884,2.7126937984496124,False,True,True,False,True,True,True,True,True,False,,False,19,4,3
Eryth,cellstate,50,0.9,0.005,3000,100,1000,1654,129,129,129,127,-0.0052090084150169,0.3768004959248456,0.1001695736434108,6.692890019379845,2.418846899224806,False,True,True,False,True,True,True,True,True,False,,False,19,4,3
Eryth,cellstate,50,0.9,0.005,4000,10,100,200,35,35,33,32,-0.0377286220434741,0.4106215085715307,0.1680672268907563,3.0899159663865547,1.939495798319328,False,True,True,False,False,True,True,True,True,False,,False,12,3,3
Eryth,cellstate,50,0.9,0.005,4000,10,250,258,35,35,35,32,-0.0616825906492286,0.5153260963835161,0.2168067226890756,4.1344537815126055,1.8857142857142857,False,True,True,False,False,True,True,True,True,False,,False,12,3,3
Eryth,cellstate,50,0.9,0.005,4000,10,500,258,35,35,35,32,-0.0616825906492286,0.5153260963835161,0.2168067226890756,4.1344537815126055,1.8857142857142857,False,True,True,False,False,True,True,True,True,False,,False,12,3,3
Eryth,cellstate,50,0.9,0.005,4000,10,1000,253,34,34,34,32,-0.0221744257140361,0.5856928705999715,0.2254901960784313,4.278966131907309,1.8948306595365416,False,True,True,False,False,True,True,True,True,False,,False,12,3,3
Eryth,cellstate,50,0.9,0.005,4000,25,100,200,67,67,49,64,0.0078477280610475,0.1834238729761118,0.0452284034373586,1.1829488919041158,2.443012211668928,False,True,True,False,True,True,True,True,True,False,,False,15,2,1
Eryth,cellstate,50,0.9,0.005,4000,25,250,500,69,69,64,65,-0.0070557733118139,0.3381978083207694,0.1065643648763853,3.598252344416028,2.170289855072464,False,True,True,False,True,True,True,True,True,False,,False,15,4,3
Eryth,cellstate,50,0.9,0.005,4000,25,500,641,69,69,68,65,-0.0164480747592912,0.4429191993621142,0.136615515771526,4.763000852514919,2.178601875532822,False,True,True,False,True,True,True,True,True,False,,False,15,4,3
Eryth,cellstate,50,0.9,0.005,4000,25,1000,641,69,69,68,65,-0.0164480747592912,0.4429191993621142,0.136615515771526,4.763000852514919,2.178601875532822,False,True,True,False,True,True,True,True,True,False,,False,15,4,3
Eryth,cellstate,50,0.9,0.005,4000,50,100,198,93,93,61,88,-0.0370775623268697,0.0966466346921754,0.0231416549789621,0.6964703132304816,1.945535296867695,False,True,True,False,True,True,True,True,True,False,,False,17,1,1
Eryth,cellstate,50,0.9,0.005,4000,50,250,499,107,107,89,104,-0.0112324341501306,0.2178749802698558,0.0439957679421618,2.138776229941809,2.578910245106683,False,True,True,False,True,True,True,True,True,False,,False,19,2,1
Eryth,cellstate,50,0.9,0.005,4000,50,500,1000,109,109,106,106,-0.0130165891478142,0.3361901129528314,0.0849473326537546,4.733350322799864,2.4102106693849814,False,True,True,False,True,True,True,True,True,False,,False,19,3,2
Eryth,cellstate,50,0.9,0.005,4000,50,1000,1336,113,113,113,111,-0.0265245836903618,0.3608657766251094,0.1055625790139064,6.320085335018963,2.3685208596713023,False,True,True,False,True,True,True,True,True,False,,False,18,4,3
Eryth,cellstate,50,0.9,0.005,4000,75,100,195,101,101,66,88,9.902670891806489e-05,0.1153735153735153,0.0193069306930693,0.4823762376237623,1.660990099009901,False,True,True,False,True,True,True,True,True,False,,False,17,1,1
Eryth,cellstate,50,0.9,0.005,4000,75,250,487,125,125,102,118,0.0053486894214297,0.1690762951586073,0.0314193548387096,1.626774193548387,2.6420645161290324,False,True,True,False,True,True,True,True,True,False,,False,18,2,1
Eryth,cellstate,50,0.9,0.005,4000,75,500,971,129,129,117,125,-0.0027649480001256,0.2701996797242591,0.0588057170542635,3.6471051356589146,2.492248062015504,False,True,True,False,True,True,True,True,True,False,,False,19,3,2
Eryth,cellstate,50,0.9,0.005,4000,75,1000,1654,129,129,129,127,-0.0119425639982645,0.3768004959248456,0.1001695736434108,6.692890019379845,2.418846899224806,False,True,True,False,True,True,True,True,True,False,,False,19,4,3
Eryth,cellstate,50,0.9,0.005,4000,100,100,194,100,100,66,87,0.0168345405160706,0.1101354756354756,0.0195959595959595,0.5081818181818182,1.7022222222222223,False,True,True,False,True,True,True,True,True,False,,False,17,1,1
Eryth,cellstate,50,0.9,0.005,4000,100,250,481,126,126,102,119,-0.0065571833648392,0.144864110075412,0.0305396825396825,1.5603809523809524,2.5410793650793653,False,True,True,False,True,True,True,True,True,False,,False,19,2,1
Eryth,cellstate,50,0.9,0.005,4000,100,500,971,129,129,117,125,0.0147615174164959,0.2647554191780717,0.0588057170542635,3.649345930232558,2.491945251937985,False,True,True,False,True,True,True,True,True,False,,False,19,3,2
Eryth,cellstate,50,0.9,0.005,4000,100,1000,1654,129,129,129,127,-0.0055170019517371,0.3768004959248456,0.1001695736434108,6.692890019379845,2.418846899224806,False,True,True,False,True,True,True,True,True,False,,False,19,4,3
Eryth,cellstate,50,0.9,0.01,2000,10,100,200,34,34,32,32,-0.01335058704709,0.4681735939953932,0.17825311942959,3.590909090909091,1.925133689839572,False,True,True,False,True,True,True,True,True,False,,False,13,2,2
Eryth,cellstate,50,0.9,0.01,2000,10,250,274,34,34,34,32,-0.0227303064396178,0.549514771232127,0.2442067736185383,5.154188948306596,1.8520499108734405,False,True,True,False,True,True,True,True,True,False,,False,13,3,2
Eryth,cellstate,50,0.9,0.01,2000,10,500,279,33,33,33,32,-0.0397971053183577,0.5380078438620517,0.2642045454545454,5.671401515151516,1.8522727272727275,False,True,True,False,True,True,True,True,True,False,,False,13,4,3
Eryth,cellstate,50,0.9,0.01,2000,10,1000,273,34,34,34,32,-0.0263542628501077,0.5487331301208555,0.2433155080213903,5.136363636363637,1.8529411764705883,False,True,True,False,True,True,True,True,True,False,,False,13,3,2
Eryth,cellstate,50,0.9,0.01,2000,25,100,200,70,70,54,68,0.037590027700831,0.2190535917470902,0.041407867494824,1.2803312629399586,2.7033126293995857,False,True,True,False,True,True,True,True,True,False,,False,17,2,1
Eryth,cellstate,50,0.9,0.01,2000,25,250,500,71,71,69,71,0.0050645602593654,0.3119670386446477,0.1006036217303823,4.274849094567404,2.4382293762575453,False,True,True,False,True,True,True,True,True,False,,False,16,4,2
Eryth,cellstate,50,0.9,0.01,2000,25,500,873,71,71,71,71,-0.0157297830374753,0.4643644733773008,0.1756539235412474,7.6430583501006035,2.1225352112676057,False,True,True,False,True,True,True,True,True,False,,False,16,4,2
Eryth,cellstate,50,0.9,0.01,2000,25,1000,867,71,71,71,71,-0.0155003865559895,0.4428714597697829,0.1744466800804829,7.690543259557344,2.111267605633803,False,True,True,False,True,True,True,True,True,False,,False,16,6,2
Eryth,cellstate,50,0.9,0.01,2000,50,100,199,93,93,64,87,0.0442963767908719,0.089568794407504,0.0232585320243104,0.7620383356708742,2.4007713884992987,False,True,True,False,True,True,True,True,True,False,,False,17,1,1
Eryth,cellstate,50,0.9,0.01,2000,50,250,500,114,114,96,111,0.0446264843597001,0.1731792168881726,0.0388138487812451,2.16332867567148,2.711690731252911,False,True,True,False,True,True,True,True,True,False,,True,19,3,1
Eryth,cellstate,50,0.9,0.01,2000,50,500,1000,117,117,113,117,0.027348794646687,0.2520820685184308,0.0736811081638667,4.890141467727674,2.478043029767168,False,True,True,False,True,True,True,True,True,False,,True,19,4,2
Eryth,cellstate,50,0.9,0.01,2000,50,1000,1812,117,117,117,117,0.005462598713717,0.3565527289622616,0.1335101679929266,9.471706454465076,2.174845269672856,False,True,True,False,True,True,True,True,True,False,,True,19,7,3
Eryth,cellstate,50,0.9,0.01,2000,75,100,199,110,110,71,97,0.0297724027882757,0.0577284836375745,0.0165971643035863,0.4747289407839866,1.5007506255212677,False,True,True,False,True,True,True,True,True,False,,False,17,1,1
Eryth,cellstate,50,0.9,0.01,2000,75,250,500,134,134,108,128,0.0485939058171744,0.1051660356381617,0.0280552126585119,1.669621815733363,2.678375042082819,False,True,True,False,True,True,True,True,True,False,,True,20,1,1
Eryth,cellstate,50,0.9,0.01,2000,75,500,1000,137,137,132,137,0.037026399036981,0.191326595203482,0.0536711034778875,4.083565908115071,2.786442679261486,False,True,True,False,True,True,True,True,True,False,,True,20,5,3
Eryth,cellstate,50,0.9,0.01,2000,75,1000,1957,137,137,136,137,0.0199385351387392,0.3237221459541751,0.1050343495062258,8.395931730356375,2.304905538857879,False,True,True,False,True,True,True,True,True,False,,True,20,7,3
Eryth,cellstate,50,0.9,0.01,2000,100,100,198,109,109,69,97,0.0248076868083159,0.0615257321679339,0.0168195718654434,0.4660210669384981,1.5469758749575264,False,True,True,False,True,True,True,True,True,False,,False,17,1,1
Eryth,cellstate,50,0.9,0.01,2000,100,250,498,134,134,109,127,0.0489269341555438,0.1107010864920819,0.0279429918078779,1.6399394007406576,2.724778363819998,False,True,True,False,True,True,True,True,True,False,,True,20,1,1
Eryth,cellstate,50,0.9,0.01,2000,100,500,979,140,140,132,140,0.0539484012708086,0.1871888782448281,0.0503083247687564,3.721788283658787,2.761716341212744,False,True,True,False,True,True,True,True,True,False,,True,20,4,2
Eryth,cellstate,50,0.9,0.01,2000,100,1000,1993,140,140,140,140,0.0200563785499959,0.3006326226757962,0.1024152106885919,8.494244604316547,2.335765673175745,False,True,True,False,True,True,True,True,True,False,,True,20,7,3
Eryth,cellstate,50,0.9,0.01,3000,10,100,200,34,34,33,33,-0.0207585239902876,0.4312376811557289,0.17825311942959,3.8163992869875214,2.057040998217469,False,True,True,False,True,True,True,True,True,False,,False,12,3,2
Eryth,cellstate,50,0.9,0.01,3000,10,250,330,34,34,34,33,-0.0339649699264869,0.6201469446400083,0.2941176470588235,6.368983957219252,1.7584670231729056,False,True,True,False,True,True,True,True,True,False,,False,12,4,3
Eryth,cellstate,50,0.9,0.01,3000,10,500,308,33,33,33,32,-0.0277542924037461,0.6054658217499785,0.2916666666666667,5.985795454545454,1.834280303030303,False,True,True,False,True,True,True,True,True,False,,False,12,4,3
Eryth,cellstate,50,0.9,0.01,3000,10,1000,308,33,33,33,32,-0.0277542924037461,0.6054658217499785,0.2916666666666667,5.985795454545454,1.834280303030303,False,True,True,False,True,True,True,True,True,False,,False,12,4,3
Eryth,cellstate,50,0.9,0.01,3000,25,100,200,69,69,56,69,0.024792243767313,0.2000772269314469,0.0426257459505541,1.3657289002557544,3.142583120204604,False,True,True,False,True,True,True,True,True,False,,False,15,2,1
Eryth,cellstate,50,0.9,0.01,3000,25,250,500,71,71,66,71,0.0117989740851623,0.3206228969700821,0.1006036217303823,4.188531187122736,2.269014084507042,False,True,True,False,True,True,True,True,True,False,,False,15,3,2
Eryth,cellstate,50,0.9,0.01,3000,25,500,982,71,71,71,71,-0.0109046397388646,0.5056606712287683,0.1975855130784708,8.701408450704225,2.0301810865191148,False,True,True,False,True,True,True,True,True,False,,False,15,5,3
Eryth,cellstate,50,0.9,0.01,3000,25,1000,1011,71,71,71,71,-0.0146662710007304,0.523517714347609,0.203420523138833,8.885915492957746,2.0185110663983905,False,True,True,False,True,True,True,True,True,False,,False,15,5,3
Eryth,cellstate,50,0.9,0.01,3000,50,100,199,94,94,66,88,0.0294784580498865,0.1285658785658786,0.0227636696408144,0.7549759780370625,2.66106154198124,False,True,True,False,True,True,True,True,True,False,,False,16,1,1
Eryth,cellstate,50,0.9,0.01,3000,50,250,498,114,114,93,112,0.0144952467179719,0.1928254537472576,0.0386585933861201,2.1419034311442324,2.5957149510945507,False,True,True,False,True,True,True,True,True,False,,False,18,3,1
Eryth,cellstate,50,0.9,0.01,3000,50,500,996,116,116,108,116,0.0025507734327749,0.2751107709141919,0.0746626686656671,4.838830584707647,2.3874812593703147,False,True,True,False,True,True,True,True,True,False,,False,18,5,3
Eryth,cellstate,50,0.9,0.01,3000,50,1000,1992,117,117,117,117,-0.014684506290397,0.4173616099384453,0.1467727674624226,10.428603006189212,2.1135425876805187,False,True,True,False,True,True,True,True,True,False,,False,18,6,3
Eryth,cellstate,50,0.9,0.01,3000,75,100,198,109,109,67,102,0.039610683567225,0.0882404038367341,0.0168195718654434,0.3872748895684675,1.476384641522256,False,True,True,False,True,True,True,True,True,False,,True,18,1,1
Eryth,cellstate,50,0.9,0.01,3000,75,250,494,131,131,102,127,0.0494223976068485,0.1280677378590549,0.0290076335877862,1.5806224310041104,2.685496183206107,False,True,True,False,True,True,True,True,True,False,,True,20,1,1
Eryth,cellstate,50,0.9,0.01,3000,75,500,980,134,134,125,133,0.0307775018261504,0.1966152033929142,0.0549882168106834,4.051677701716979,2.6352261250140274,False,True,True,False,True,True,True,True,True,False,,True,20,4,2
Eryth,cellstate,50,0.9,0.01,3000,75,1000,1945,135,135,135,135,0.0153235554470254,0.3201192468604723,0.1075179657269209,8.656882255389718,2.2950248756218907,False,True,True,False,True,True,True,True,True,False,,True,20,7,4
Eryth,cellstate,50,0.9,0.01,3000,100,100,197,112,112,68,101,0.0375189453515971,0.06196571285857,0.0158462033462033,0.4113577863577863,1.790057915057915,False,True,True,False,True,True,True,True,True,False,,True,17,1,1
Eryth,cellstate,50,0.9,0.01,3000,100,250,493,134,134,104,129,0.0469515050395297,0.1208997511475647,0.0276624396812927,1.5530243519245877,2.698574795196948,False,True,True,False,True,True,True,True,True,False,,True,20,1,1
Eryth,cellstate,50,0.9,0.01,3000,100,500,975,139,139,128,139,0.0423609523765096,0.1993729331934765,0.0508289020957147,3.64101762068606,2.6918465227817747,False,True,True,False,True,True,True,True,True,False,,True,20,4,2
Eryth,cellstate,50,0.9,0.01,3000,100,1000,1947,139,139,139,139,0.0138179168526461,0.3095308772831339,0.1015014075695965,8.308257741632781,2.345480137629027,False,True,True,False,True,True,True,True,True,False,,True,20,7,4
Eryth,cellstate,50,0.9,0.01,4000,10,100,200,34,34,33,33,-0.0218870763653773,0.4437358554960084,0.17825311942959,3.810160427807487,2.0597147950089125,False,True,True,False,True,True,True,True,True,False,,False,12,2,2
Eryth,cellstate,50,0.9,0.01,4000,10,250,330,34,34,34,33,-0.0339649699264869,0.6201469446400083,0.2941176470588235,6.368983957219252,1.7584670231729056,False,True,True,False,True,True,True,True,True,False,,False,12,4,3
Eryth,cellstate,50,0.9,0.01,4000,10,500,311,33,33,33,32,-0.0302058697480992,0.6107607806397561,0.2945075757575757,6.043560606060606,1.8267045454545447,False,True,True,False,True,True,True,True,True,False,,False,12,4,3
Eryth,cellstate,50,0.9,0.01,4000,10,1000,311,33,33,33,32,-0.0302058697480992,0.6107607806397561,0.2945075757575757,6.043560606060606,1.8267045454545447,False,True,True,False,True,True,True,True,True,False,,False,12,4,3
Eryth,cellstate,50,0.9,0.01,4000,25,100,200,68,68,57,68,0.0201002211584221,0.2043431049918939,0.0438981562774363,1.468612818261633,3.18612818261633,False,True,True,False,True,True,True,True,True,False,,False,15,2,1
Eryth,cellstate,50,0.9,0.01,4000,25,250,500,71,71,66,71,0.0060882479713648,0.3289754413331225,0.1006036217303823,4.0655935613682095,2.269215291750503,False,True,True,False,True,True,True,True,True,False,,False,15,4,3
Eryth,cellstate,50,0.9,0.01,4000,25,500,984,71,71,71,71,-0.0131290999336161,0.5023839819488403,0.1979879275653923,8.667002012072434,2.031388329979879,False,True,True,False,True,True,True,True,True,False,,False,15,5,3
Eryth,cellstate,50,0.9,0.01,4000,25,1000,1018,71,71,71,71,-0.0145501453888463,0.5244653875031199,0.2048289738430583,8.962173038229377,2.01307847082495,False,True,True,False,True,True,True,True,True,False,,False,15,5,3
Eryth,cellstate,50,0.9,0.01,4000,50,100,199,96,96,67,92,0.0086860570393843,0.070377886002886,0.0218201754385964,0.6471491228070175,1.855482456140351,False,True,True,False,True,True,True,True,True,False,,False,17,1,1
Eryth,cellstate,50,0.9,0.01,4000,50,250,498,114,114,93,111,0.0150067904028972,0.1857232582767915,0.0386585933861201,2.1786989597888526,2.547741034000932,False,True,True,False,True,True,True,True,True,False,,False,17,3,1
Eryth,cellstate,50,0.9,0.01,4000,50,500,996,115,115,106,115,0.0050433240870485,0.2743928099868601,0.0759725400457665,4.8988558352402745,2.341113653699466,False,True,True,False,True,True,True,True,True,False,,False,17,5,3
Eryth,cellstate,50,0.9,0.01,4000,50,1000,1992,116,116,116,116,-0.0116897113875135,0.4223493013274585,0.1493253373313343,10.5712143928036,2.1043478260869564,False,True,True,False,True,True,True,True,True,False,,False,18,6,3
Eryth,cellstate,50,0.9,0.01,4000,75,100,198,112,112,72,99,0.0269810403500243,0.0358495670995671,0.0159266409266409,0.4099903474903475,1.3658301158301158,False,True,True,False,True,True,True,True,True,False,,False,18,1,1
Eryth,cellstate,50,0.9,0.01,4000,75,250,496,132,132,104,128,0.0535000293002645,0.1263622443056693,0.0286837844089752,1.6121906083738144,2.6707147814018044,False,True,True,False,True,True,True,True,True,False,,True,20,1,1
Eryth,cellstate,50,0.9,0.01,4000,75,500,981,134,134,126,133,0.031008327246165,0.1999546239116924,0.0550443272360004,4.035237347099091,2.677196723151161,False,True,True,False,True,True,True,True,True,False,,True,20,4,2
Eryth,cellstate,50,0.9,0.01,4000,75,1000,1945,135,135,135,135,0.0142902399319941,0.3214592563262596,0.1075179657269209,8.641901603095633,2.296351575456053,False,True,True,False,True,True,True,True,True,False,,True,20,7,4
Eryth,cellstate,50,0.9,0.01,4000,100,100,197,113,113,69,100,0.0414224026995339,0.0578464799703737,0.0155657395701643,0.3230088495575221,1.1675884955752212,False,True,True,False,True,True,True,True,True,False,,True,17,1,1
Eryth,cellstate,50,0.9,0.01,4000,100,250,491,135,135,105,131,0.0566007455671767,0.1351963996418934,0.0271420674405749,1.534881149806523,2.4710889994472085,False,True,True,False,True,True,True,True,True,False,,True,20,2,1
Eryth,cellstate,50,0.9,0.01,4000,100,500,976,139,139,129,139,0.0422751400835816,0.1913132020599453,0.0508810343029923,3.679021999791471,2.7127515379001146,False,True,True,False,True,True,True,True,True,False,,True,20,4,2
Eryth,cellstate,50,0.9,0.01,4000,100,1000,1944,139,139,139,139,0.0171629949333833,0.3193444965914035,0.1013450109477635,8.304191429465124,2.331143780627672,False,True,True,False,True,True,True,True,True,False,,True,20,7,4
Eryth,cellstate,50,0.9,0.02,2000,10,100,200,34,34,34,34,0.0164186851211072,0.3656345940629313,0.17825311942959,4.061497326203209,2.190730837789661,False,True,True,False,True,False,True,True,True,False,,False,13,3,0
Eryth,cellstate,50,0.9,0.02,2000,10,250,324,34,34,34,34,-0.0062610873421684,0.5587895178968715,0.2887700534759358,6.552584670231729,1.8520499108734405,False,True,True,False,True,False,True,True,True,False,,False,13,5,2
Eryth,cellstate,50,0.9,0.02,2000,10,500,322,34,34,34,34,-0.005754237414469,0.5608929082437513,0.2869875222816399,6.475935828877005,1.858288770053476,False,True,True,False,True,False,True,True,True,False,,False,13,5,2
Eryth,cellstate,50,0.9,0.02,2000,10,1000,319,34,34,34,34,-0.00408935546875,0.5556444908755607,0.284313725490196,6.441176470588236,1.86096256684492,False,True,True,False,True,False,True,True,True,False,,False,13,5,2
Eryth,cellstate,50,0.9,0.02,2000,25,100,200,69,69,54,68,0.0771331945889698,0.095356306097994,0.0426257459505541,1.3060528559249789,2.297314578005115,False,True,True,False,True,True,True,True,True,False,,False,15,1,1
Eryth,cellstate,50,0.9,0.02,2000,25,250,500,73,73,67,73,0.0389630605901795,0.2512785759484554,0.0951293759512937,4.151065449010654,2.2579908675799087,False,True,True,False,True,True,True,True,True,False,,True,16,3,1
Eryth,cellstate,50,0.9,0.02,2000,25,500,962,75,75,74,75,0.0067426331833357,0.3913377967931687,0.1733333333333333,8.497657657657658,2.02990990990991,False,True,True,False,True,True,True,True,True,False,,True,16,5,1
Eryth,cellstate,50,0.9,0.02,2000,25,1000,1151,75,75,75,75,0.0020273142735678,0.4479949641624581,0.2073873873873873,10.195315315315316,1.969009009009009,False,True,True,False,True,True,True,True,True,False,,True,16,6,2
Eryth,cellstate,50,0.9,0.02,2000,50,100,199,107,107,69,98,0.0721898574458374,0.0360977029201328,0.0175454064538882,0.4269970022923646,1.342532181273144,False,True,True,False,True,True,True,True,True,False,,True,19,1,1
Eryth,cellstate,50,0.9,0.02,2000,50,250,500,119,119,98,117,0.0652551984877126,0.1369771307550518,0.0356074633243127,1.974006551773252,2.467454778521578,False,True,True,False,True,True,True,True,True,False,,True,18,2,1
Eryth,cellstate,50,0.9,0.02,2000,50,500,1000,126,126,116,126,0.0586766886311041,0.2127223891643755,0.0634920634920634,4.499301587301587,2.3983492063492062,False,True,True,False,True,True,True,True,True,False,,True,20,5,1
Eryth,cellstate,50,0.9,0.02,2000,50,1000,1959,121,121,121,121,0.0182038995657879,0.3461968745290116,0.1349173553719008,10.40874655647383,2.127341597796143,False,True,True,False,True,True,True,True,True,False,,True,19,6,1
Eryth,cellstate,50,0.9,0.02,2000,75,100,198,108,108,69,98,0.1299515691050082,0.0525057761168872,0.0171339563862928,0.4698857736240914,1.6587919695396331,False,True,True,False,True,True,True,True,True,False,,True,19,1,1
Eryth,cellstate,50,0.9,0.02,2000,75,250,500,139,139,106,135,0.1067504466834902,0.0982537275357508,0.026066103638828,1.491502450213742,2.258940673548118,False,True,True,False,True,True,True,True,True,False,,True,20,3,1
Eryth,cellstate,50,0.9,0.02,2000,75,500,1000,137,137,127,135,0.0681468665897731,0.1836999063170493,0.0536711034778875,3.992593387720052,2.54572778016316,False,True,True,False,True,True,True,True,True,False,,True,19,4,1
Eryth,cellstate,50,0.9,0.02,2000,75,1000,1982,137,137,136,137,0.0320211185088857,0.3003936647771419,0.106376127093173,9.041112065264064,2.239158437097467,False,True,True,False,True,True,True,True,True,False,,True,19,6,1
Eryth,cellstate,50,0.9,0.02,2000,100,100,198,113,113,73,101,0.1055752794214332,0.0358895774824978,0.0156447534766118,0.4486409608091024,1.9705278128950696,False,True,True,False,True,True,True,True,True,False,,True,18,1,1
Eryth,cellstate,50,0.9,0.02,2000,100,250,497,141,141,107,135,0.1086631622345908,0.094586850472497,0.025177304964539,1.397061803444782,2.19645390070922,False,True,True,False,True,True,True,True,True,False,,True,19,3,1
Eryth,cellstate,50,0.9,0.02,2000,100,500,993,142,142,129,141,0.0722294100161299,0.1756486120270183,0.0495954450104884,3.7597642593147538,2.58250923983618,False,True,True,False,True,True,True,True,True,False,,True,20,5,1
Eryth,cellstate,50,0.9,0.02,2000,100,1000,1971,141,141,138,141,0.0358412313717308,0.2892805823766199,0.0998480243161094,8.6,2.222391084093212,False,True,True,False,True,True,True,True,True,False,,True,20,7,2
Eryth,cellstate,50,0.9,0.02,3000,10,100,200,34,34,32,34,0.0233066800530675,0.3580873134938879,0.17825311942959,3.877005347593583,1.9438502673796791,False,True,True,False,True,False,True,True,True,False,,False,12,3,0
Eryth,cellstate,50,0.9,0.02,3000,10,250,402,35,35,35,35,-0.0142851310108299,0.6096442095752135,0.3378151260504202,8.097478991596638,1.741176470588235,False,True,True,False,True,False,True,True,True,False,,True,14,7,3
Eryth,cellstate,50,0.9,0.02,3000,10,500,403,34,34,34,34,-0.0139923126066966,0.64202243269458,0.3591800356506239,8.636363636363637,1.6907308377896613,False,True,True,False,True,False,True,True,True,False,,False,12,4,1
Eryth,cellstate,50,0.9,0.02,3000,10,1000,404,34,34,34,34,-0.0171176596678541,0.6529288530768621,0.3600713012477718,8.6524064171123,1.6862745098039216,False,True,True,False,True,False,True,True,True,False,,False,12,4,1
Eryth,cellstate,50,0.9,0.02,3000,25,100,200,74,74,56,73,0.0697229916897507,0.0760036818860348,0.0370233246945575,1.182154757497223,2.644946316179193,False,True,True,False,True,True,True,True,True,False,,True,16,1,1
Eryth,cellstate,50,0.9,0.02,3000,25,250,500,74,74,70,74,0.0512879808562408,0.2336057420244389,0.0925583117363939,4.323398741206961,2.280081451314328,False,True,True,False,True,True,True,True,True,False,,True,16,3,2
Eryth,cellstate,50,0.9,0.02,3000,25,500,1000,73,73,71,73,0.00720089047745,0.4131219275244214,0.1902587519025875,9.290525114155251,1.93455098934551,False,True,True,False,True,True,True,True,True,False,,True,16,5,2
Eryth,cellstate,50,0.9,0.02,3000,25,1000,1357,73,73,73,73,-0.0010211725436162,0.5349989363986297,0.2581811263318113,12.749619482496197,1.8333333333333333,False,True,True,False,True,True,True,True,True,False,,True,16,8,3
Eryth,cellstate,50,0.9,0.02,3000,50,100,200,103,103,71,94,0.0850753524550316,0.0578818161342433,0.0190367409099562,0.6509613554159528,2.422044545973729,False,True,True,False,True,True,True,True,True,False,,True,19,1,1
Eryth,cellstate,50,0.9,0.02,3000,50,250,500,122,122,104,120,0.0678944668997416,0.1333367034936757,0.0338707492209727,1.9984419455358355,2.745156482861401,False,True,True,False,True,True,True,True,True,False,,True,19,3,1
Eryth,cellstate,50,0.9,0.02,3000,50,500,1000,122,122,115,122,0.042613580742423,0.2054483921132136,0.0677414984419455,4.772456306733505,2.398455493835524,False,True,True,False,True,True,True,True,True,False,,True,19,4,2
Eryth,cellstate,50,0.9,0.02,3000,50,1000,2000,118,118,117,118,0.01322737552073,0.3662863123248223,0.1448645516442126,11.232507605388962,2.044256120527307,False,True,True,False,True,True,True,True,True,False,,True,20,10,5
Eryth,cellstate,50,0.9,0.02,3000,75,100,198,110,110,76,101,0.0782264291229374,0.0372377117831663,0.0165137614678899,0.5215179316096747,2.1888240200166806,False,True,True,False,True,True,True,True,True,False,,True,19,2,1
Eryth,cellstate,50,0.9,0.02,3000,75,250,496,133,133,108,128,0.0950114055670362,0.1045668252772701,0.0282524493050808,1.6953748006379583,2.340624287992709,False,True,True,False,True,True,True,True,True,False,,True,20,2,1
Eryth,cellstate,50,0.9,0.02,3000,75,500,994,137,137,126,137,0.0800779539546216,0.1531608382239483,0.0533490768570201,4.169063975955345,2.472413052812366,False,True,True,False,True,True,True,True,True,False,,True,20,4,2
Eryth,cellstate,50,0.9,0.02,3000,75,1000,1989,137,137,136,137,0.0350853068360061,0.2911703905422924,0.1067518248175182,9.243344783168745,2.2219300128810646,False,True,True,False,True,True,True,True,True,False,,True,20,9,4
Eryth,cellstate,50,0.9,0.02,3000,100,100,199,109,109,75,100,0.0844891189339129,0.0421512738026499,0.0169045191980971,0.4770642201834862,1.8967040434930345,False,True,True,False,True,True,True,True,True,False,,True,19,1,1
Eryth,cellstate,50,0.9,0.02,3000,100,250,500,136,136,110,131,0.1028108824992171,0.0920490000524374,0.0272331154684095,1.6952614379084967,2.544662309368192,False,True,True,False,True,True,True,True,True,False,,True,20,2,1
Eryth,cellstate,50,0.9,0.02,3000,100,500,1000,143,143,132,142,0.0769690331574231,0.1630559694346791,0.0492465281197675,3.774155422042746,2.4833546734955187,False,True,True,False,True,True,True,True,True,False,,True,20,5,3
Eryth,cellstate,50,0.9,0.02,3000,100,1000,2000,140,140,139,140,0.0428773347494798,0.2782367018025505,0.1027749229188078,9.103802672147996,2.246043165467626,False,True,True,False,True,True,True,True,True,False,,True,20,10,5
Eryth,cellstate,50,0.9,0.02,4000,10,100,200,35,35,34,35,0.0222453428458184,0.3358684732634313,0.1680672268907563,3.8,2.085714285714286,False,True,True,False,True,False,True,True,True,False,,False,12,2,0
Eryth,cellstate,50,0.9,0.02,4000,10,250,469,35,35,35,35,-0.0232406688165462,0.733162268059089,0.3941176470588235,9.865546218487395,1.630252100840336,False,True,True,False,True,False,True,True,True,False,,False,12,4,1
Eryth,cellstate,50,0.9,0.02,4000,10,500,497,35,35,35,35,-0.0212509354044216,0.7446127315593402,0.4176470588235294,10.383193277310925,1.600840336134454,False,True,True,False,True,False,True,True,True,False,,False,12,4,1
Eryth,cellstate,50,0.9,0.02,4000,10,1000,498,35,35,35,35,-0.0223353865836741,0.7519291356356199,0.4184873949579832,10.381512605042015,1.6,False,True,True,False,True,False,True,True,True,False,,False,12,4,1
Eryth,cellstate,50,0.9,0.02,4000,25,100,200,71,71,56,69,0.0088610586011342,0.0882203868119361,0.0402414486921529,1.3185110663983903,2.724547283702213,False,True,True,False,True,True,True,True,True,False,,True,15,2,1
Eryth,cellstate,50,0.9,0.02,4000,25,250,500,76,76,72,76,0.0270839506172839,0.2214145740477382,0.087719298245614,3.9787719298245614,2.353333333333333,False,True,True,False,True,True,True,True,True,False,,False,15,2,1
Eryth,cellstate,50,0.9,0.02,4000,25,500,1000,76,76,76,76,0.0010802339797442,0.4054812859110985,0.175438596491228,8.970526315789474,2.0052631578947366,False,True,True,False,True,True,True,True,True,False,,False,15,3,2
Eryth,cellstate,50,0.9,0.02,4000,25,1000,1783,76,76,76,76,-0.0114215771722346,0.6400743416260442,0.3128070175438596,16.377719298245616,1.7201754385964911,False,True,True,False,True,True,True,True,True,False,,False,15,6,3
Eryth,cellstate,50,0.9,0.02,4000,50,100,199,105,105,73,99,0.0947068336942517,0.0316319659176802,0.0182234432234432,0.6200549450549451,2.3705128205128205,False,True,True,False,True,True,True,True,True,False,,False,18,1,1
Eryth,cellstate,50,0.9,0.02,4000,50,250,500,121,121,100,119,0.0723198146420184,0.1160336255054745,0.0344352617079889,1.966322314049587,2.5201101928374654,False,True,True,False,True,True,True,True,True,False,,True,20,3,1
Eryth,cellstate,50,0.9,0.02,4000,50,500,1000,120,120,115,120,0.0352922446360767,0.2107934432648235,0.0700280112044818,4.949369747899159,2.39796918767507,False,True,True,False,True,True,True,True,True,False,,True,20,3,1
Eryth,cellstate,50,0.9,0.02,4000,50,1000,2000,122,122,122,122,0.0130855595471791,0.3511521483220517,0.135482996883891,10.679176263378944,2.090705866413765,False,True,True,False,True,True,True,True,True,False,,True,20,8,5
Eryth,cellstate,50,0.9,0.02,4000,75,100,199,112,112,76,99,0.0906607700312175,0.0596248274951006,0.0160070785070785,0.3673584298584298,1.486969111969112,False,True,True,False,True,True,True,True,True,False,,True,19,1,1
Eryth,cellstate,50,0.9,0.02,4000,75,250,490,137,137,111,134,0.0808909786496463,0.0703061656989251,0.0262988407041648,1.607342206955775,2.766155002146844,False,True,True,False,True,True,True,True,True,False,,True,20,3,1
Eryth,cellstate,50,0.9,0.02,4000,75,500,984,139,139,130,138,0.0734544301514859,0.158530605730103,0.0512980919612136,3.9940047961630696,2.6103117505995206,False,True,True,False,True,True,True,True,True,False,,True,20,4,1
Eryth,cellstate,50,0.9,0.02,4000,75,1000,1968,139,139,138,139,0.0416737604518105,0.2733568026347307,0.1025961839224272,8.957043061203212,2.2661870503597124,False,True,True,False,True,True,True,True,True,False,,True,20,7,4
Eryth,cellstate,50,0.9,0.02,4000,100,100,197,120,120,80,106,0.1100328202806699,0.0216955266955267,0.0137955182072829,0.4640056022408964,2.17359943977591,False,True,True,False,True,True,True,True,True,False,,True,19,1,1
Eryth,cellstate,50,0.9,0.02,4000,100,250,490,140,140,114,135,0.1064666486299191,0.0692022031730125,0.0251798561151079,1.5570400822199384,2.7378211716341214,False,True,True,False,True,True,True,True,True,False,,True,20,2,1
Eryth,cellstate,50,0.9,0.02,4000,100,500,982,142,142,133,141,0.0650223151587029,0.1691179031954059,0.0490460493457197,3.752522225551893,2.6155728698431724,False,True,True,False,True,True,True,True,True,False,,True,20,3,1
Eryth,cellstate,50,0.9,0.02,4000,100,1000,1969,140,140,139,140,0.049497318160542,0.2695165599689668,0.1011819116135663,8.916187050359712,2.272250770811922,False,True,True,False,True,True,True,True,True,False,,True,20,6,3
Eryth,cellstate,50,0.9,0.03,2000,10,100,200,35,35,32,35,0.0140327087442472,0.366255938272745,0.1680672268907563,3.6403361344537815,1.850420168067227,False,True,True,False,True,False,True,True,True,False,,False,12,1,0
Eryth,cellstate,50,0.9,0.03,2000,10,250,360,35,35,35,35,-0.0157267036110611,0.5499032242695538,0.3025210084033613,7.141176470588236,1.8134453781512605,False,True,True,False,True,False,True,True,True,False,,False,12,5,2
Eryth,cellstate,50,0.9,0.03,2000,10,500,348,36,36,36,36,-0.0237593449626201,0.5012735752751677,0.2761904761904762,6.671428571428572,1.8968253968253967,False,True,True,False,True,False,True,True,True,False,,True,13,5,2
Eryth,cellstate,50,0.9,0.03,2000,10,1000,347,36,36,36,36,-0.0234375,0.5029127959997858,0.2753968253968254,6.631746031746032,1.9166666666666667,False,True,True,False,True,False,True,True,True,False,,True,13,5,2
Eryth,cellstate,50,0.9,0.03,2000,25,100,200,74,74,58,72,0.0511183673469387,0.1398260957471483,0.0370233246945575,1.0988522769344686,2.4477971121806736,False,True,True,False,True,True,True,True,True,False,,True,16,1,1
Eryth,cellstate,50,0.9,0.03,2000,25,250,500,76,76,68,76,0.0487131519274376,0.2404207282345401,0.087719298245614,3.7752631578947367,2.1794736842105262,False,True,True,False,True,True,True,True,True,False,,True,16,2,1
Eryth,cellstate,50,0.9,0.03,2000,25,500,1000,77,77,77,77,0.0165307761649408,0.3976860107581528,0.1708817498291182,8.712235133287765,2.02136021872864,False,True,True,False,True,True,True,True,True,False,,True,16,6,3
Eryth,cellstate,50,0.9,0.03,2000,25,1000,1304,77,77,77,77,0.00407681588887,0.4722830671977224,0.2228298017771702,11.561688311688313,1.891831852358168,False,True,True,False,True,True,True,True,True,False,,True,16,7,4
Eryth,cellstate,50,0.9,0.03,2000,50,100,198,101,101,70,89,0.0870089435609413,0.0404510780748404,0.0196039603960396,0.6522772277227723,2.429108910891089,False,True,True,False,True,True,True,True,True,False,,True,19,2,1
Eryth,cellstate,50,0.9,0.03,2000,50,250,500,119,119,95,118,0.0956157372961451,0.1391097528304375,0.0356074633243127,1.8760860276313915,2.254807007548782,False,True,True,False,True,True,True,True,True,False,,True,19,2,1
Eryth,cellstate,50,0.9,0.03,2000,50,500,1000,122,122,116,122,0.0474910604449448,0.2080225033474044,0.0677414984419455,4.717179244004877,2.527774014361197,False,True,True,False,True,True,True,True,True,False,,True,19,2,1
Eryth,cellstate,50,0.9,0.03,2000,50,1000,2000,121,121,121,121,0.0202647830428573,0.3374787133220239,0.1377410468319559,10.9267217630854,2.0850550964187327,False,True,True,False,True,True,True,True,True,False,,True,19,7,2
Eryth,cellstate,50,0.9,0.03,2000,75,100,196,109,109,71,98,0.1020099247838706,0.0324075516736067,0.0166496772001359,0.4435949711179069,2.014950730547061,False,True,True,False,True,True,True,True,True,False,,True,20,1,1
Eryth,cellstate,50,0.9,0.03,2000,75,250,496,133,133,102,131,0.0842893482676104,0.103991367048799,0.0282524493050808,1.5436318067897017,2.399749373433584,False,True,True,False,True,True,True,True,True,False,,True,20,2,1
Eryth,cellstate,50,0.9,0.03,2000,75,500,1000,138,138,128,137,0.0760883349565782,0.1740406556627292,0.0528932613984978,3.9228816248809903,2.5716703691949645,False,True,True,False,True,True,True,True,True,False,,True,20,2,1
Eryth,cellstate,50,0.9,0.03,2000,75,1000,1976,136,136,136,136,0.0342927637891429,0.2872884376570798,0.1076252723311546,9.2270697167756,2.2409041394335514,False,True,True,False,True,True,True,True,True,False,,True,20,5,2
Eryth,cellstate,50,0.9,0.03,2000,100,100,195,109,109,72,98,0.1049537037037036,0.0316362536546022,0.0165647298674821,0.4049439347604485,2.1072035338090385,False,True,True,False,True,True,True,True,True,False,,True,20,1,1
Eryth,cellstate,50,0.9,0.03,2000,100,250,500,136,136,98,135,0.1083116336439815,0.124574902017122,0.0272331154684095,1.4098583877995643,2.2017429193899782,False,True,True,False,True,True,True,True,True,False,,True,20,2,1
Eryth,cellstate,50,0.9,0.03,2000,100,500,998,140,140,132,139,0.084554984541676,0.1697725830734299,0.051284686536485,3.9330421377183966,2.700513874614594,False,True,True,False,True,True,True,True,True,False,,True,20,2,1
Eryth,cellstate,50,0.9,0.03,2000,100,1000,1970,141,141,141,141,0.0417012982913895,0.2753258823215989,0.0997973657548125,8.821327254305977,2.2878926038500507,False,True,True,False,True,True,True,True,True,False,,True,20,5,2
Eryth,cellstate,50,0.9,0.03,3000,10,100,200,36,36,34,36,0.02416015625,0.3480292490160911,0.1587301587301587,3.726190476190476,2.023015873015873,False,True,True,False,True,False,True,True,True,False,,False,12,1,0
Eryth,cellstate,50,0.9,0.03,3000,10,250,442,36,36,35,36,-0.0067848759457209,0.6111782208134253,0.3507936507936507,8.817460317460318,1.6317460317460315,False,True,True,False,True,False,True,True,True,False,,False,12,4,1
Eryth,cellstate,50,0.9,0.03,3000,10,500,453,36,36,36,36,-0.0305002117781893,0.613602606613052,0.3595238095238095,9.221428571428572,1.6928571428571428,False,True,True,False,True,False,True,True,True,False,,False,12,5,2
Eryth,cellstate,50,0.9,0.03,3000,10,1000,474,36,36,36,36,-0.0164204081632653,0.6451440907814006,0.3761904761904762,9.533333333333331,1.6626984126984128,False,True,True,False,True,False,True,True,True,False,,False,12,5,2
Eryth,cellstate,50,0.9,0.03,3000,25,100,199,74,74,60,69,0.1018285714285714,0.1393883831190333,0.0368382080710847,1.0355423917067752,2.18659755646057,False,True,True,False,True,True,True,True,True,False,,False,14,1,1
Eryth,cellstate,50,0.9,0.03,3000,25,250,500,77,77,72,77,0.060069197223211,0.2253750513406906,0.0854408749145591,3.986158578263841,2.3518455228981545,False,True,True,False,True,True,True,True,True,False,,False,15,2,1
Eryth,cellstate,50,0.9,0.03,3000,25,500,1000,77,77,75,77,0.0257427428401364,0.3701883028930109,0.1708817498291182,8.902426520847573,1.9432672590567328,False,True,True,False,True,True,True,True,True,False,,False,15,3,2
Eryth,cellstate,50,0.9,0.03,3000,25,1000,1707,77,77,77,77,0.0005819214938957,0.557438827261443,0.2916951469583048,15.8973000683527,1.748803827751196,False,True,True,False,True,True,True,True,True,False,,False,15,7,4
Eryth,cellstate,50,0.9,0.03,3000,50,100,199,102,102,68,92,0.1159129332206255,0.0810652224738912,0.0193166375461075,0.5171811298776936,1.868180935740633,False,True,True,False,True,True,True,True,True,False,,True,18,1,1
Eryth,cellstate,50,0.9,0.03,3000,50,250,500,118,118,100,115,0.0880191894962757,0.1666665446833071,0.0362161379110531,2.040851803563668,2.706504418368825,False,True,True,False,True,True,True,True,True,False,,True,19,2,1
Eryth,cellstate,50,0.9,0.03,3000,50,500,1000,119,119,116,119,0.0625031404566835,0.2123045147861934,0.0712149266486255,5.04301381569577,2.520865973508047,False,True,True,False,True,True,True,True,True,False,,True,19,5,2
Eryth,cellstate,50,0.9,0.03,3000,50,1000,2000,118,118,118,118,0.0231519711944352,0.3441357309615208,0.1448645516442126,11.51035781544256,2.0526582645226714,False,True,True,False,True,True,True,True,True,False,,True,19,7,2
Eryth,cellstate,50,0.9,0.03,3000,75,100,197,113,113,73,102,0.1523921187337356,0.0397395131908406,0.0155657395701643,0.377370417193426,1.7229772439949431,False,True,True,False,True,True,True,True,True,False,,True,18,2,1
Eryth,cellstate,50,0.9,0.03,3000,75,250,496,132,132,108,131,0.1044228349971593,0.1120527689825409,0.0286837844089752,1.5973282442748091,2.4979181124219294,False,True,True,False,True,True,True,True,True,False,,True,20,2,1
Eryth,cellstate,50,0.9,0.03,3000,75,500,994,136,136,130,136,0.083204549363339,0.1826201913360753,0.0541394335511982,4.215087145969499,2.740359477124183,False,True,True,False,True,True,True,True,True,False,,True,20,4,2
Eryth,cellstate,50,0.9,0.03,3000,75,1000,1988,136,136,135,136,0.0392837668998143,0.2819929974855277,0.1082788671023965,9.65582788671024,2.179847494553377,False,True,True,False,True,True,True,True,True,False,,True,20,7,3
Eryth,cellstate,50,0.9,0.03,3000,100,100,195,113,113,74,100,0.1523739956172389,0.0406342428466322,0.0154077117572692,0.3260113780025284,1.4926517067003793,False,True,True,False,True,True,True,True,True,False,,True,18,2,1
Eryth,cellstate,50,0.9,0.03,3000,100,250,495,138,138,109,138,0.1212798367149952,0.0917367453667762,0.0261821643922564,1.5917169152649953,2.740928805670157,False,True,True,False,True,True,True,True,True,False,,True,20,2,1
Eryth,cellstate,50,0.9,0.03,3000,100,500,986,140,140,133,139,0.0884876306873063,0.1765601349024656,0.0506680369989722,3.994912641315519,2.734892086330935,False,True,True,False,True,True,True,True,True,False,,True,20,3,2
Eryth,cellstate,50,0.9,0.03,3000,100,1000,1953,138,138,137,138,0.0458597570584285,0.2655509990975492,0.1033005395112662,9.286522796995662,2.205913466624352,False,True,True,False,True,True,True,True,True,False,,True,20,8,3
Eryth,cellstate,50,0.9,0.03,4000,10,100,200,35,35,33,35,-0.00080078125,0.3879663676558088,0.1680672268907563,3.838655462184874,1.9663865546218489,False,True,True,False,True,False,True,True,True,False,,False,12,1,0
Eryth,cellstate,50,0.9,0.03,4000,10,250,487,35,35,35,35,-0.0139937892075777,0.6575900377951017,0.4092436974789916,10.726050420168066,1.6109243697478992,False,True,True,False,False,True,True,True,True,False,,False,12,4,1
Eryth,cellstate,50,0.9,0.03,4000,10,500,491,35,35,35,35,-0.0248158434971621,0.6769555170548579,0.4126050420168067,10.494117647058824,1.6033613445378152,False,True,True,False,True,False,True,True,True,False,,False,12,5,2
Eryth,cellstate,50,0.9,0.03,4000,10,1000,494,35,35,35,35,-0.0235375795037176,0.682051151210329,0.4151260504201681,10.561344537815126,1.6,False,True,True,False,True,False,True,True,True,False,,False,12,5,2
Eryth,cellstate,50,0.9,0.03,4000,25,100,200,76,76,60,69,0.0892721878550688,0.1454521720969089,0.0350877192982456,0.9856140350877192,2.411754385964912,False,True,True,False,True,True,True,True,True,False,,False,14,1,1
Eryth,cellstate,50,0.9,0.03,4000,25,250,500,78,78,75,78,0.0548618852306001,0.227655705694861,0.0832500832500832,3.970529470529472,2.518814518814519,False,True,True,False,True,True,True,True,True,False,,False,14,2,1
Eryth,cellstate,50,0.9,0.03,4000,25,500,1000,77,77,76,77,0.0188386262229774,0.3546993507339765,0.1708817498291182,9.063055365686944,1.972317156527683,False,True,True,False,True,True,True,True,True,False,,False,14,4,2
Eryth,cellstate,50,0.9,0.03,4000,25,1000,1835,78,78,78,78,-0.0014002621140745,0.5984071721261426,0.3055278055278055,17.07176157176157,1.7236097236097236,False,True,True,False,True,True,True,True,True,False,,False,14,6,4
Eryth,cellstate,50,0.9,0.03,4000,50,100,200,99,99,75,85,0.0801925803402646,0.0978628059733229,0.020614306328592,0.5944135229849515,2.533601319315605,False,True,True,False,True,True,True,False,True,False,,True,17,1,1
Eryth,cellstate,50,0.9,0.03,4000,50,250,500,120,120,100,118,0.088180490754716,0.1166766635445405,0.0350140056022409,2.04124649859944,2.7241596638655463,False,True,True,False,True,True,True,True,True,False,,True,19,2,1
Eryth,cellstate,50,0.9,0.03,4000,50,500,1000,120,120,115,120,0.0523914617225361,0.2015687282857654,0.0700280112044818,4.987324929971988,2.5326330532212884,False,True,True,False,True,True,True,True,True,False,,True,19,3,1
Eryth,cellstate,50,0.9,0.03,4000,50,1000,2000,119,119,119,119,0.0311056821072234,0.3386545015159207,0.1424298532972511,11.399159663865548,2.0589659592650618,False,True,True,False,True,True,True,True,True,False,,True,19,6,2
Eryth,cellstate,50,0.9,0.03,4000,75,100,199,115,115,77,105,0.1386121256391527,0.0462400401530836,0.0151792524790236,0.3680396643783371,2.0301296720061024,False,True,True,False,True,True,True,True,True,False,,True,19,2,1
Eryth,cellstate,50,0.9,0.03,4000,75,250,497,137,137,109,135,0.1170002290347888,0.1100646735012157,0.02667453842851,1.5245813653928724,2.4944718763417777,False,True,True,False,True,True,True,True,True,False,,True,20,2,1
Eryth,cellstate,50,0.9,0.03,4000,75,500,1000,137,137,130,137,0.0840860230878001,0.1864670259667286,0.0536711034778875,4.134177758694719,2.7698583082868184,False,True,True,False,True,True,True,True,True,False,,True,20,3,2
Eryth,cellstate,50,0.9,0.03,4000,75,1000,2000,137,137,136,137,0.0476629246245808,0.2803787209430218,0.107342206955775,9.463718334048949,2.212430227565479,False,True,True,False,True,True,True,True,True,False,,True,20,6,3
Eryth,cellstate,50,0.9,0.03,4000,100,100,195,110,110,76,93,0.1549480739041178,0.0511255411255411,0.0162635529608006,0.3726438698915763,1.7118432026688908,False,True,True,False,True,True,True,True,True,False,,True,19,1,1
Eryth,cellstate,50,0.9,0.03,4000,100,250,497,140,140,109,136,0.1337691326530612,0.1117748881768273,0.0255395683453237,1.448715313463515,2.298766700924974,False,True,True,False,True,True,True,True,True,False,,True,20,2,1
Eryth,cellstate,50,0.9,0.03,4000,100,500,995,140,140,134,140,0.0930466102988309,0.1697165617018157,0.0511305241521068,4.039003083247688,2.8186536485097635,False,True,True,False,True,True,True,True,True,False,,True,20,3,1
Eryth,cellstate,50,0.9,0.03,4000,100,1000,1982,140,140,140,140,0.0467879657744977,0.2724438416490294,0.1018499486125385,9.178674203494348,2.250616649537513,False,True,True,False,True,True,True,True,True,False,,True,20,7,3
Eryth,cellstate,25,0.5,0.005,2000,10,100,200,36,36,33,34,-0.0108833474218089,0.3578153282810146,0.1587301587301587,3.25,1.9761904761904765,False,True,True,True,False,True,True,True,True,False,,False,12,5,4
Eryth,cellstate,25,0.5,0.005,2000,10,250,304,36,36,36,34,-0.0416666666666666,0.5329106947640736,0.2412698412698412,4.913492063492064,1.91984126984127,False,True,True,True,False,True,True,True,True,False,,False,12,6,4
Eryth,cellstate,25,0.5,0.005,2000,10,500,305,36,36,36,34,-0.0416666666666666,0.5329106947640736,0.242063492063492,4.915873015873016,1.9190476190476191,False,True,True,True,False,True,True,True,True,False,,False,12,6,4
Eryth,cellstate,25,0.5,0.005,2000,10,1000,305,36,36,36,34,-0.0416666666666666,0.5329106947640736,0.242063492063492,4.915873015873016,1.9190476190476191,False,True,True,True,False,True,True,True,True,False,,False,12,6,4
Eryth,cellstate,25,0.5,0.005,2000,25,100,200,70,70,57,67,0.0283866633072982,0.1269587555301841,0.041407867494824,1.372463768115942,2.944306418219462,False,True,True,True,True,True,True,True,True,False,,False,16,3,3
Eryth,cellstate,25,0.5,0.005,2000,25,250,500,75,75,69,73,0.0145427217019308,0.2826436027015538,0.09009009009009,3.464864864864865,2.2904504504504506,False,True,True,True,True,True,True,True,True,False,,False,17,6,5
Eryth,cellstate,25,0.5,0.005,2000,25,500,855,76,76,76,74,-0.0107366053311999,0.4674523526845737,0.15,6.283859649122807,2.187719298245614,False,True,True,True,True,True,True,True,True,False,,False,17,8,5
Eryth,cellstate,25,0.5,0.005,2000,25,1000,854,76,76,76,74,-0.0107366053311999,0.4674523526845737,0.1498245614035087,6.282631578947369,2.187894736842105,False,True,True,True,True,True,True,True,True,False,,False,17,8,5
Eryth,cellstate,25,0.5,0.005,2000,50,100,199,104,104,70,90,-0.0141274238227146,0.0500716164177702,0.0185772964899178,0.6708364451082898,2.647218073188947,False,True,True,True,True,True,True,True,True,False,,False,17,3,3
Eryth,cellstate,25,0.5,0.005,2000,50,250,500,117,117,93,113,-0.0013328860956147,0.1722504001733165,0.0368405540819333,1.9387709991158264,2.4445181255526083,False,True,True,True,True,True,True,True,True,False,,True,19,4,4
Eryth,cellstate,25,0.5,0.005,2000,50,500,1000,120,120,114,118,-0.0034853185595567,0.2664899826445971,0.0700280112044818,4.35,2.5323529411764705,False,True,True,True,True,True,True,True,True,False,,True,19,7,6
Eryth,cellstate,25,0.5,0.005,2000,50,1000,1812,121,121,121,120,-0.0163983303518187,0.4021832286098081,0.124793388429752,8.427892561983471,2.2424931129476584,False,True,True,True,True,True,True,True,True,False,,True,19,10,7
Eryth,cellstate,25,0.5,0.005,2000,75,100,193,111,111,78,95,-0.0186413440467494,0.0457246207246207,0.0158067158067158,0.5580671580671581,2.538083538083538,False,True,True,True,True,True,True,True,True,False,,False,20,3,3
Eryth,cellstate,25,0.5,0.005,2000,75,250,492,143,143,112,133,-0.006459171215168,0.1195930756694141,0.0242292918349256,1.4460258051807349,2.568009455333399,False,True,True,True,True,True,True,True,True,False,,True,22,3,3
Eryth,cellstate,25,0.5,0.005,2000,75,500,980,144,144,133,140,-0.0035049796287913,0.1847518853012238,0.0475912975912975,3.366210178710179,2.656565656565657,False,True,True,True,True,True,True,True,True,False,,True,22,6,4
Eryth,cellstate,25,0.5,0.005,2000,75,1000,1961,145,145,144,144,-0.0167198520060122,0.3111500370984595,0.0939176245210728,7.472844827586207,2.3416187739463603,False,True,True,True,True,True,True,True,True,False,,True,22,9,6
Eryth,cellstate,25,0.5,0.005,2000,100,100,193,112,112,79,97,0.0040033529887848,0.0415606962481962,0.015524453024453,0.5443211068211068,2.568452380952381,False,True,True,True,True,True,True,True,True,False,,False,20,3,3
Eryth,cellstate,25,0.5,0.005,2000,100,250,477,137,137,112,125,0.0412723145583256,0.1171235576099642,0.0256011163589523,1.5117003005581795,2.683072133963074,False,True,True,True,True,True,True,True,True,False,,True,22,4,4
Eryth,cellstate,25,0.5,0.005,2000,100,500,980,147,147,134,143,0.018311538444201,0.1829219108859399,0.045662100456621,3.2288696300437985,2.6137824993010903,False,True,True,True,True,True,True,True,True,False,,True,22,6,4
Eryth,cellstate,25,0.5,0.005,2000,100,1000,1961,148,148,147,147,-0.0048398386413453,0.2993566591042186,0.0901360544217687,7.263053870196727,2.388398602684317,False,True,True,True,True,True,True,True,True,False,,True,22,9,6
Eryth,cellstate,25,0.5,0.005,3000,10,100,200,36,36,33,34,-0.0140985388238135,0.367652146328617,0.1587301587301587,3.1825396825396823,1.997619047619048,False,True,True,True,False,True,True,True,True,False,,False,12,5,4
Eryth,cellstate,25,0.5,0.005,3000,10,250,290,35,35,35,32,-0.0412070350276188,0.5828078681718855,0.2436974789915966,4.992436974789916,1.7857142857142858,False,True,True,False,True,True,True,True,True,False,,False,11,3,2
Eryth,cellstate,25,0.5,0.005,3000,10,500,290,35,35,35,32,-0.0412070350276188,0.5828078681718855,0.2436974789915966,4.992436974789916,1.7857142857142858,False,True,True,False,True,True,True,True,True,False,,False,11,3,2
Eryth,cellstate,25,0.5,0.005,3000,10,1000,290,35,35,35,32,-0.0412070350276188,0.5828078681718855,0.2436974789915966,4.992436974789916,1.7857142857142858,False,True,True,False,True,True,True,True,True,False,,False,11,3,2
Eryth,cellstate,25,0.5,0.005,3000,25,100,200,70,70,57,67,0.0291987324581258,0.1066753088181659,0.041407867494824,1.3339544513457555,2.8596273291925467,False,True,True,True,True,True,True,True,True,False,,False,16,3,3
Eryth,cellstate,25,0.5,0.005,3000,25,250,500,73,73,69,71,0.0076355648051797,0.2818735732197334,0.0951293759512937,3.72355403348554,2.368150684931507,False,True,True,True,True,True,True,True,True,False,,False,16,5,4
Eryth,cellstate,25,0.5,0.005,3000,25,500,840,73,73,73,72,-0.0194771621298969,0.4489222415164546,0.1598173515981735,6.70072298325723,2.1685692541856927,False,True,True,True,True,True,True,True,True,False,,False,16,7,5
Eryth,cellstate,25,0.5,0.005,3000,25,1000,865,76,76,76,74,-0.0110858756768013,0.4685626005817102,0.1517543859649122,6.393684210526316,2.1735087719298245,False,True,True,True,True,True,True,True,True,False,,False,17,8,5
Eryth,cellstate,25,0.5,0.005,3000,50,100,199,104,104,71,89,-0.0158555772569444,0.0355370057293134,0.0185772964899178,0.6699962658700522,2.6767176997759523,False,True,True,True,True,True,True,True,True,False,,False,17,3,3
Eryth,cellstate,25,0.5,0.005,3000,50,250,500,116,116,93,112,0.0006812318429738,0.1743161862094538,0.0374812593703148,1.952998500749625,2.530134932533733,False,True,True,True,True,True,True,True,True,False,,True,19,4,4
Eryth,cellstate,25,0.5,0.005,3000,50,500,1000,119,119,113,117,-0.0056609418282548,0.2679997884523222,0.0712149266486255,4.424440962825808,2.532402791625125,False,True,True,True,True,True,True,True,True,False,,True,19,6,6
Eryth,cellstate,25,0.5,0.005,3000,50,1000,1888,123,123,123,121,-0.0120497423771195,0.3772108365168886,0.1258163401306144,8.719845395175263,2.199120351859256,False,True,True,True,True,True,True,True,True,False,,True,19,10,7
Eryth,cellstate,25,0.5,0.005,3000,75,100,193,112,112,81,96,-0.0087070854638421,0.0441010874046588,0.015524453024453,0.5746460746460746,2.692084942084942,False,True,True,True,True,True,True,True,True,False,,False,20,3,3
Eryth,cellstate,25,0.5,0.005,3000,75,250,478,137,137,114,127,0.0113657770800628,0.1334047278528252,0.0256547874624302,1.5135787891799055,2.711410476599399,False,True,True,True,True,True,True,True,True,False,,True,22,4,4
Eryth,cellstate,25,0.5,0.005,3000,75,500,957,142,142,129,138,9.07760757263671e-05,0.2060622724263284,0.0477974228348816,3.326141244630906,2.5668764359204874,False,True,True,True,True,True,True,True,True,False,,True,22,6,6
Eryth,cellstate,25,0.5,0.005,3000,75,1000,1961,145,145,144,144,-0.015342260680547,0.3074144010836608,0.0939176245210728,7.481704980842911,2.350191570881226,False,True,True,True,True,True,True,True,True,False,,True,22,9,6
Eryth,cellstate,25,0.5,0.005,3000,100,100,192,112,112,77,96,0.0449403355387523,0.0391626230911945,0.0154440154440154,0.4649292149292149,2.0937097812097814,False,True,True,True,True,True,True,True,True,False,,False,21,3,3
Eryth,cellstate,25,0.5,0.005,3000,100,250,492,145,145,114,133,0.0212265732202798,0.1251900578385091,0.0235632183908045,1.3540708812260536,2.4668582375478927,False,True,True,True,True,True,True,True,True,False,,True,22,3,3
Eryth,cellstate,25,0.5,0.005,3000,100,500,981,147,147,134,143,0.0272724482976528,0.1892683591199658,0.0457086944366787,3.1901034386357283,2.594259621656882,False,True,True,True,True,True,True,True,True,False,,True,22,6,4
Eryth,cellstate,25,0.5,0.005,3000,100,1000,1962,148,148,147,146,-0.0033188610362717,0.3044106909364542,0.0901820187534473,7.250229821658393,2.369645155359441,False,True,True,True,True,True,True,True,True,False,,True,22,9,6
Eryth,cellstate,25,0.5,0.005,4000,10,100,200,36,36,33,34,-0.0201666465402728,0.3635757942130491,0.1587301587301587,3.1992063492063494,1.9928571428571429,False,True,True,True,False,True,True,True,True,False,,False,12,5,4
Eryth,cellstate,25,0.5,0.005,4000,10,250,309,36,36,36,34,-0.0424733996162567,0.5403361059819983,0.2452380952380952,4.948412698412699,1.9150793650793647,False,True,True,True,False,True,True,True,True,False,,False,12,6,4
Eryth,cellstate,25,0.5,0.005,4000,10,500,309,36,36,36,34,-0.0424733996162567,0.5403361059819983,0.2452380952380952,4.948412698412699,1.9150793650793647,False,True,True,True,False,True,True,True,True,False,,False,12,6,4
Eryth,cellstate,25,0.5,0.005,4000,10,1000,309,36,36,36,34,-0.0424733996162567,0.5403361059819983,0.2452380952380952,4.948412698412699,1.9150793650793647,False,True,True,True,False,True,True,True,True,False,,False,12,6,4
Eryth,cellstate,25,0.5,0.005,4000,25,100,200,72,72,59,69,0.0283125216788068,0.1230028459195125,0.0391236306729264,1.4012128325508608,2.8681533646322377,False,True,True,True,True,True,True,True,True,False,,False,17,3,3
Eryth,cellstate,25,0.5,0.005,4000,25,250,500,75,75,69,73,0.0153806480134097,0.2856645654162848,0.09009009009009,3.49927927927928,2.2654054054054056,False,True,True,True,True,True,True,True,True,False,,False,17,6,5
Eryth,cellstate,25,0.5,0.005,4000,25,500,865,76,76,76,74,-0.0110858756768013,0.4685626005817102,0.1517543859649122,6.393684210526316,2.1735087719298245,False,True,True,True,True,True,True,True,True,False,,False,17,8,5
Eryth,cellstate,25,0.5,0.005,4000,25,1000,865,76,76,76,74,-0.0110858756768013,0.4685626005817102,0.1517543859649122,6.393684210526316,2.1735087719298245,False,True,True,True,True,True,True,True,True,False,,False,17,8,5
Eryth,cellstate,25,0.5,0.005,4000,50,100,199,104,104,71,89,-0.0143636067708333,0.0340929369775523,0.0185772964899178,0.6749439880507841,2.667289021657954,False,True,True,True,True,True,True,True,True,False,,False,17,3,3
Eryth,cellstate,25,0.5,0.005,4000,50,250,500,117,117,93,113,-0.0014591546572085,0.1705833284136233,0.0368405540819333,1.9264662540524609,2.513262599469496,False,True,True,True,True,True,True,True,True,False,,True,19,4,4
Eryth,cellstate,25,0.5,0.005,4000,50,500,1000,119,119,113,117,-0.0043084263561751,0.2669607524401505,0.0712149266486255,4.433841333143427,2.52072354365475,False,True,True,True,True,True,True,True,True,False,,True,19,6,6
Eryth,cellstate,25,0.5,0.005,4000,50,1000,1831,120,120,120,119,-0.0177190924687511,0.4058705545287687,0.1282212885154061,8.639005602240896,2.221358543417367,False,True,True,True,True,True,True,True,True,False,,True,19,10,7
Eryth,cellstate,25,0.5,0.005,4000,75,100,193,113,113,77,96,0.0075442247658689,0.0358215039630968,0.0152496839443742,0.4801675094816687,2.133849557522124,False,True,True,True,True,True,True,True,True,False,,False,21,3,3
Eryth,cellstate,25,0.5,0.005,4000,75,250,478,137,137,114,127,0.0090436480455524,0.1291626593904362,0.0256547874624302,1.5268892228424216,2.744310863031344,False,True,True,True,True,True,True,True,True,False,,True,22,4,4
Eryth,cellstate,25,0.5,0.005,4000,75,500,980,144,144,133,141,0.0007853352453218,0.1918718198098036,0.0475912975912975,3.334547397047397,2.648115773115773,False,True,True,True,True,True,True,True,True,False,,True,22,6,4
Eryth,cellstate,25,0.5,0.005,4000,75,1000,1921,143,143,142,142,-0.0066924879314656,0.3221040127535303,0.0946025805180734,7.528415246725106,2.370186151876293,False,True,True,True,True,True,True,True,True,False,,True,22,10,7
Eryth,cellstate,25,0.5,0.005,4000,100,100,191,110,110,80,95,-0.0035235450446414,0.0379365079365079,0.015929941618015,0.6029190992493745,2.840450375312761,False,True,True,True,True,True,True,True,True,False,,False,20,3,3
Eryth,cellstate,25,0.5,0.005,4000,100,250,492,145,145,114,133,0.01790559113928,0.1124094912328117,0.0235632183908045,1.3783045977011494,2.474233716475096,False,True,True,True,True,True,True,True,True,False,,True,22,3,3
Eryth,cellstate,25,0.5,0.005,4000,100,500,980,147,147,134,143,0.027307681816322,0.1922104973370375,0.045662100456621,3.167458764327649,2.571381977448514,False,True,True,True,True,True,True,True,True,False,,True,22,6,4
Eryth,cellstate,25,0.5,0.005,4000,100,1000,1924,146,146,145,145,-0.0004036812063124,0.3195689922836575,0.0908833254605574,7.311903637222485,2.398960793575815,False,True,True,True,True,True,True,True,True,False,,True,22,10,7
Eryth,cellstate,25,0.5,0.01,2000,10,100,200,35,35,35,34,0.0307265306122449,0.3998772935747725,0.1680672268907563,3.684873949579832,2.22436974789916,False,True,True,True,True,True,True,True,False,False,,False,13,5,4
Eryth,cellstate,25,0.5,0.01,2000,10,250,302,35,35,35,34,-0.0013071895424836,0.5357028667777085,0.253781512605042,5.707563025210084,1.865546218487395,False,True,True,True,True,True,True,True,False,False,,False,13,7,4
Eryth,cellstate,25,0.5,0.01,2000,10,500,302,35,35,35,34,-0.0001627503255006,0.5339090972784222,0.253781512605042,5.684873949579832,1.8663865546218488,False,True,True,True,True,True,True,True,False,False,,False,13,7,4
Eryth,cellstate,25,0.5,0.01,2000,10,1000,299,35,35,35,34,0.0018817712270093,0.5306680404421882,0.2512605042016806,5.636974789915967,1.8722689075630248,False,True,True,True,True,True,True,True,False,False,,False,13,7,4
Eryth,cellstate,25,0.5,0.01,2000,25,100,200,72,72,57,71,0.0550777867359431,0.1080301642801642,0.0391236306729264,1.342527386541471,2.684663536776213,False,True,True,True,True,True,True,True,True,False,,False,16,3,3
Eryth,cellstate,25,0.5,0.01,2000,25,250,500,72,72,67,71,0.0239256444166941,0.2591872605714288,0.0978090766823161,4.188967136150235,2.2050078247261347,False,True,True,True,True,True,True,True,True,False,,False,16,5,5
Eryth,cellstate,25,0.5,0.01,2000,25,500,940,72,72,72,71,-0.0076193742803243,0.4420108745952956,0.1838810641627543,8.369913928012519,2.018974960876369,False,True,True,True,True,True,True,True,True,False,,False,16,7,5
Eryth,cellstate,25,0.5,0.01,2000,25,1000,1031,73,73,73,72,-0.0197401910877907,0.4724377243199736,0.1961567732115677,8.986301369863014,2.0053272450532726,False,True,True,True,True,True,True,True,True,False,,False,16,7,5
Eryth,cellstate,25,0.5,0.01,2000,50,100,198,105,105,73,100,0.060262965668371,0.0493911908197622,0.0181318681318681,0.598992673992674,2.06941391941392,False,True,True,True,True,True,True,True,True,False,,True,19,2,2
Eryth,cellstate,25,0.5,0.01,2000,50,250,500,124,124,100,123,0.0214476658611851,0.1124942810987094,0.032782585890375,1.9529242066614207,2.4171911880409125,False,True,True,True,True,True,True,True,True,False,,True,20,5,5
Eryth,cellstate,25,0.5,0.01,2000,50,500,1000,123,123,117,121,0.0405435727229549,0.2171975779019167,0.0666400106624017,4.592562974810076,2.483739837398374,False,True,True,True,True,True,True,True,True,False,,True,20,7,5
Eryth,cellstate,25,0.5,0.01,2000,50,1000,2000,127,127,127,127,0.0002436146218067,0.3458518713001607,0.1249843769528809,9.597112860892388,2.2139732533433323,False,True,True,True,True,True,True,True,True,False,,True,20,9,5
Eryth,cellstate,25,0.5,0.01,2000,75,100,194,118,118,83,102,0.0629282844990548,0.0559786729278254,0.0140518615094886,0.3670867738664349,1.621975952484427,False,True,True,True,True,True,True,True,True,False,,True,20,2,2
Eryth,cellstate,25,0.5,0.01,2000,75,250,495,148,148,115,140,0.0498621155672437,0.0697763089210457,0.0227523441809156,1.348639455782313,2.3794815223386654,False,True,True,True,True,True,True,True,True,False,,True,22,6,6
Eryth,cellstate,25,0.5,0.01,2000,75,500,994,153,153,141,150,0.0450130949644114,0.1493410132310233,0.0427416580667354,3.420020639834881,2.706183350533196,False,True,True,True,True,True,True,True,True,False,,True,22,8,6
Eryth,cellstate,25,0.5,0.01,2000,75,1000,1985,153,153,151,153,0.0156756020748207,0.2671381351150776,0.0853543171654626,7.701926384588924,2.37624699002408,False,True,True,True,True,True,True,True,True,False,,True,22,9,6
Eryth,cellstate,25,0.5,0.01,2000,100,100,192,113,113,79,101,0.0490277777777777,0.0538756720172649,0.0151706700379266,0.4388432364096081,1.7567161820480404,False,True,True,True,True,True,True,True,True,False,,True,20,2,2
Eryth,cellstate,25,0.5,0.01,2000,100,250,497,149,149,116,145,0.040083246618106,0.07239452294201,0.0225376383094503,1.3856793034645385,2.432704516597134,False,True,True,True,True,True,True,True,True,False,,True,22,4,4
Eryth,cellstate,25,0.5,0.01,2000,100,500,992,155,155,141,152,0.0270238911692163,0.1588000325749437,0.0415584415584415,3.353875157100964,2.631545873481357,False,True,True,True,True,True,True,True,True,False,,True,22,7,6
Eryth,cellstate,25,0.5,0.01,2000,100,1000,1985,155,155,153,155,0.0107601997303715,0.2604081362229657,0.0831587767071638,7.597737746124843,2.395810640971931,False,True,True,True,True,True,True,True,True,False,,True,22,8,6
Eryth,cellstate,25,0.5,0.01,3000,10,100,200,35,35,34,34,0.0421680638182801,0.3844603622334714,0.1680672268907563,3.7403361344537815,2.0327731092436974,False,True,True,True,True,True,True,True,True,False,,False,14,5,4
Eryth,cellstate,25,0.5,0.01,3000,10,250,374,34,34,34,33,-0.0103913024904951,0.651946025187258,0.3333333333333333,7.434046345811051,1.7513368983957218,False,True,True,True,False,True,True,True,False,False,,False,12,7,5
Eryth,cellstate,25,0.5,0.01,3000,10,500,375,34,34,34,33,-0.0109391081072478,0.6541221541357732,0.3342245989304813,7.442067736185383,1.749554367201426,False,True,True,True,False,True,True,True,False,False,,False,12,7,5
Eryth,cellstate,25,0.5,0.01,3000,10,1000,375,34,34,34,33,-0.0112043629110123,0.6553197833264028,0.3342245989304813,7.434937611408199,1.750445632798574,False,True,True,True,False,True,True,True,False,False,,False,12,7,5
Eryth,cellstate,25,0.5,0.01,3000,25,100,200,71,71,57,71,0.0864478927665741,0.1014827895109585,0.0402414486921529,1.414486921529175,2.877062374245473,False,True,True,True,True,True,True,True,True,False,,False,16,3,3
Eryth,cellstate,25,0.5,0.01,3000,25,250,500,72,72,66,71,0.0106098297307088,0.2761960625580152,0.0978090766823161,4.128521126760563,2.205985915492957,False,True,True,True,True,True,True,True,True,False,,False,16,5,5
Eryth,cellstate,25,0.5,0.01,3000,25,500,1000,72,72,72,72,-0.0087000443314361,0.4814977753469312,0.1956181533646322,8.914710485133021,2.01056338028169,False,True,True,True,True,True,True,True,True,False,,False,16,7,5
Eryth,cellstate,25,0.5,0.01,3000,25,1000,1224,72,72,72,72,-0.0205319600690577,0.5615977701517664,0.2394366197183098,10.965571205007825,1.914906103286385,False,True,True,True,True,True,True,True,True,False,,False,16,8,6
Eryth,cellstate,25,0.5,0.01,3000,50,100,200,115,115,77,104,0.0434163411458333,0.0649457305979045,0.015255530129672,0.4577421815408085,1.852784134248665,False,True,True,True,True,True,True,True,True,False,,True,20,1,1
Eryth,cellstate,25,0.5,0.01,3000,50,250,500,126,126,97,126,0.0284146942800788,0.1045114627956536,0.0317460317460317,1.9642539682539684,2.462666666666667,False,True,True,True,True,True,True,True,True,False,,False,19,4,4
Eryth,cellstate,25,0.5,0.01,3000,50,500,1000,128,128,117,127,0.0144658342004855,0.1918686407390905,0.061515748031496,4.4169537401574805,2.438115157480315,False,True,True,True,True,True,True,True,True,False,,False,19,5,5
Eryth,cellstate,25,0.5,0.01,3000,50,1000,2000,127,127,126,127,0.0096068663257852,0.3412782010737168,0.1249843769528809,9.84533183352081,2.1544181977252843,False,True,True,True,True,True,True,True,True,False,,True,20,9,6
Eryth,cellstate,25,0.5,0.01,3000,75,100,198,121,121,78,107,0.0478523528731645,0.0413604760712198,0.0136363636363636,0.3726584022038567,1.6039944903581267,False,True,True,True,True,True,True,True,True,False,,True,21,2,2
Eryth,cellstate,25,0.5,0.01,3000,75,250,500,150,150,119,146,0.0431554772205308,0.0879346897226154,0.0223713646532438,1.5241610738255034,2.789082774049217,False,True,True,True,True,True,True,True,True,False,,True,22,4,4
Eryth,cellstate,25,0.5,0.01,3000,75,500,1000,154,154,141,151,0.0271065097903719,0.1609195677674055,0.0424412189118071,3.4910024615906967,2.7217553688141924,False,True,True,True,True,True,True,True,True,False,,True,22,6,6
Eryth,cellstate,25,0.5,0.01,3000,75,1000,2000,152,152,149,152,0.0147279361733847,0.2649715105757641,0.0871383757406761,7.938523875914953,2.3177065179505054,False,True,True,True,True,True,True,True,True,False,,True,22,10,7
Eryth,cellstate,25,0.5,0.01,3000,100,100,199,123,123,76,111,0.0420498614958448,0.038503501918136,0.0132613621218179,0.2960815673730508,1.1497401039584163,False,True,True,True,True,True,True,True,True,False,,True,21,2,2
Eryth,cellstate,25,0.5,0.01,3000,100,250,500,153,153,118,147,0.0384462608572841,0.0841566583341001,0.0214998280013759,1.397531819745442,2.547686618507052,False,True,True,True,True,True,True,True,True,False,,True,22,4,4
Eryth,cellstate,25,0.5,0.01,3000,100,500,1000,157,157,142,153,0.0402314395654141,0.1596053804697299,0.0408296586640535,3.356442920137188,2.688388045075943,False,True,True,True,True,True,True,True,True,False,,True,22,6,6
Eryth,cellstate,25,0.5,0.01,3000,100,1000,2000,157,157,154,156,0.0130653866666667,0.253871964128289,0.0816593173281071,7.596153846153846,2.35031847133758,False,True,True,True,True,True,True,True,True,False,,True,22,9,6
Eryth,cellstate,25,0.5,0.01,4000,10,100,200,35,35,34,34,0.0460722011898323,0.3867251329436204,0.1680672268907563,3.708403361344538,2.0361344537815125,False,True,True,True,True,True,True,True,True,False,,False,14,6,5
Eryth,cellstate,25,0.5,0.01,4000,10,250,391,34,34,34,33,-0.0165836003322653,0.6699764796243621,0.3484848484848485,7.7174688057041,1.7219251336898396,False,True,True,True,False,True,True,True,False,False,,False,12,8,6
Eryth,cellstate,25,0.5,0.01,4000,10,500,391,35,35,35,34,-0.0187109985345639,0.6515147198605771,0.3285714285714285,7.636134453781513,1.6907563025210084,False,True,True,True,True,True,True,True,True,False,,False,14,9,7
Eryth,cellstate,25,0.5,0.01,4000,10,1000,391,35,35,35,34,-0.0187109985345639,0.6515147198605772,0.3285714285714285,7.636134453781513,1.6907563025210084,False,True,True,True,True,True,True,True,True,False,,False,14,9,7
Eryth,cellstate,25,0.5,0.01,4000,25,100,200,71,71,55,70,0.0733252599243856,0.1111020848800467,0.0402414486921529,1.3919517102615695,2.83158953722334,False,True,True,True,True,True,True,True,True,False,,False,16,3,3
Eryth,cellstate,25,0.5,0.01,4000,25,250,500,72,72,66,72,0.0089958238782631,0.2698056883750757,0.0978090766823161,4.167449139280126,2.192488262910798,False,True,True,True,True,True,True,True,True,False,,False,16,6,6
Eryth,cellstate,25,0.5,0.01,4000,25,500,1000,73,73,73,73,-0.0172502239638855,0.4637921754840035,0.1902587519025875,8.876712328767123,2.013888888888889,False,True,True,True,True,True,True,True,True,False,,False,16,7,6
Eryth,cellstate,25,0.5,0.01,4000,25,1000,1346,72,72,72,72,-0.0233154525942953,0.5940882888873891,0.263302034428795,12.25802034428795,1.844092331768388,False,True,True,True,True,True,True,True,True,False,,False,16,9,6
Eryth,cellstate,25,0.5,0.01,4000,50,100,199,110,110,73,99,0.0283795013850415,0.0481654204381477,0.0165971643035863,0.4472894078398665,1.6589658048373646,False,True,True,True,True,True,True,True,True,False,,False,18,1,1
Eryth,cellstate,25,0.5,0.01,4000,50,250,500,126,126,102,126,0.0412919667590027,0.114661241205543,0.0317460317460317,2.063492063492064,2.908952380952381,False,True,True,True,True,True,True,True,True,False,,True,20,4,4
Eryth,cellstate,25,0.5,0.01,4000,50,500,1000,127,127,117,126,0.0096930280957335,0.1890268961869086,0.0624921884764404,4.55618047744032,2.4624421947256594,False,True,True,True,True,True,True,True,True,False,,False,19,6,6
Eryth,cellstate,25,0.5,0.01,4000,50,1000,2000,127,127,125,127,-0.0020711819881703,0.3455632274965005,0.1249843769528809,9.82777152855893,2.141169853768279,False,True,True,True,True,True,True,True,True,False,,False,19,10,6
Eryth,cellstate,25,0.5,0.01,4000,75,100,195,115,115,72,104,0.0012417823228634,0.0356421356421356,0.0148741418764302,0.3987795575896262,1.9371472158657512,False,True,True,True,True,True,True,True,True,False,,False,20,2,2
Eryth,cellstate,25,0.5,0.01,4000,75,250,500,149,149,118,144,0.0378791222371301,0.08675617273898,0.0226736803918011,1.5726011246145477,2.9888445492472338,False,True,True,True,True,True,True,True,True,False,,True,22,5,5
Eryth,cellstate,25,0.5,0.01,4000,75,500,1000,152,152,138,152,0.0465825657380553,0.1609050909176102,0.043569187870338,3.604043220634368,2.6327988846287904,False,True,True,True,True,True,True,True,True,False,,True,22,8,7
Eryth,cellstate,25,0.5,0.01,4000,75,1000,2000,154,154,152,153,0.0127210050872654,0.2565555281682164,0.0848824378236142,7.825184619302266,2.341906459553518,False,True,True,True,True,True,True,True,True,False,,True,22,10,7
Eryth,cellstate,25,0.5,0.01,4000,100,100,195,114,114,73,103,0.0146530314097882,0.0380509354193564,0.0151374010246856,0.2745691662785282,1.136624747709983,False,True,True,True,True,True,True,True,True,False,,False,20,2,2
Eryth,cellstate,25,0.5,0.01,4000,100,250,500,153,153,121,146,0.042371191135734,0.0858819177843193,0.0214998280013759,1.5195218438252494,2.932232542139663,False,True,True,True,True,True,True,True,True,False,,True,22,5,5
Eryth,cellstate,25,0.5,0.01,4000,100,500,1000,157,157,144,154,0.0444639693003012,0.1466431814202564,0.0408296586640535,3.383921280418096,2.740160052261963,False,True,True,True,True,True,True,True,True,False,,True,22,7,7
Eryth,cellstate,25,0.5,0.01,4000,100,1000,2000,157,157,155,156,0.0136741100642947,0.2541636203661406,0.0816593173281071,7.6004817899722354,2.377796831618488,False,True,True,True,True,True,True,True,True,False,,True,22,10,7
Eryth,cellstate,25,0.5,0.02,2000,10,100,200,37,37,35,37,0.0618166089965397,0.3479515129669928,0.1501501501501501,3.464714714714715,2.219219219219219,False,True,True,True,False,False,True,True,False,False,,False,13,8,4
Eryth,cellstate,25,0.5,0.02,2000,10,250,449,36,36,36,36,-0.0074575784207679,0.611087424590973,0.3563492063492063,9.278571428571428,1.703968253968254,False,True,True,True,False,False,True,True,False,False,,False,13,10,5
Eryth,cellstate,25,0.5,0.02,2000,10,500,419,37,37,37,37,-0.0101848964134551,0.5540641751329598,0.3145645645645645,8.21096096096096,1.7785285285285286,False,True,True,True,True,False,True,True,True,False,,True,15,13,5
Eryth,cellstate,25,0.5,0.02,2000,10,1000,417,37,37,37,37,-0.0101269770550233,0.5535168717824527,0.3130630630630631,8.162162162162161,1.786036036036036,False,True,True,True,True,False,True,True,True,False,,True,15,13,5
Eryth,cellstate,25,0.5,0.02,2000,25,100,200,80,80,57,75,0.0780106900773388,0.1204437494694847,0.0316455696202531,0.9025316455696204,2.357120253164557,False,True,True,True,True,True,True,True,True,False,,True,17,5,3
Eryth,cellstate,25,0.5,0.02,2000,25,250,500,82,82,76,82,0.0923978551693691,0.2232262029444111,0.0752785305630834,3.6243601324902137,2.487353206865402,False,True,True,True,True,True,True,True,True,False,,True,17,6,3
Eryth,cellstate,25,0.5,0.02,2000,25,500,1000,81,81,81,81,0.0362596765417612,0.3540246013403412,0.1543209876543209,8.396296296296295,2.0975308641975308,False,True,True,True,True,True,True,True,True,False,,True,17,11,5
Eryth,cellstate,25,0.5,0.02,2000,25,1000,1463,81,81,81,81,0.0075692266786544,0.4684757651394282,0.2257716049382716,12.52283950617284,1.8973765432098768,False,True,True,True,False,True,True,True,True,False,,True,16,13,5
Eryth,cellstate,25,0.5,0.02,2000,50,100,197,110,110,70,93,0.0596932067202337,0.0466517573335755,0.0164303586321934,0.3904920767306088,1.4331109257714765,False,True,True,True,True,True,True,True,True,False,,True,19,4,3
Eryth,cellstate,25,0.5,0.02,2000,50,250,500,130,130,108,126,0.0711996603986583,0.1090063907563674,0.0298151460942158,1.8891472868217047,2.7862254025044724,False,True,True,True,True,True,True,True,True,False,,True,21,6,4
Eryth,cellstate,25,0.5,0.02,2000,50,500,1000,133,133,125,132,0.0532990489456225,0.1873350029914499,0.0569605832763727,4.356801093643199,2.512645249487355,False,True,True,True,True,True,True,True,True,False,,True,21,8,4
Eryth,cellstate,25,0.5,0.02,2000,50,1000,2000,133,133,133,132,0.0153224290280127,0.3010986100633267,0.1139211665527455,9.793574846206424,2.1762360446570974,False,True,True,True,True,True,True,True,True,False,,True,21,12,5
Eryth,cellstate,25,0.5,0.02,2000,75,100,198,117,117,78,100,0.090849932095971,0.0340274286352717,0.0145888594164456,0.3305334512231064,1.7945033893309756,False,True,True,True,True,True,True,True,True,False,,True,21,3,2
Eryth,cellstate,25,0.5,0.02,2000,75,250,500,147,147,113,142,0.1013674197384067,0.1036192081099518,0.0232969900288882,1.4233994967850154,2.7257478333799274,False,True,True,True,True,True,True,True,True,False,,True,21,6,4
Eryth,cellstate,25,0.5,0.02,2000,75,500,1000,154,154,143,152,0.0720318293986461,0.1552355009989002,0.0424412189118071,3.5557253204312027,2.75621763857058,False,True,True,True,True,True,True,True,True,False,,True,22,6,4
Eryth,cellstate,25,0.5,0.02,2000,75,1000,2000,154,154,151,154,0.0246034714193713,0.2454825744113177,0.0848824378236142,8.067226890756302,2.302902979373568,False,True,True,True,True,True,True,True,True,False,,True,22,11,5
Eryth,cellstate,25,0.5,0.02,2000,100,100,197,117,117,77,100,0.0823729589064599,0.0526002138747236,0.0145151783082817,0.3590480400825228,2.293398172708517,False,True,True,True,True,True,True,True,True,False,,True,21,3,2
Eryth,cellstate,25,0.5,0.02,2000,100,250,493,147,147,114,144,0.0841330075802616,0.1085655063446179,0.0229708321684838,1.3933463796477494,2.6787811014816887,False,True,True,True,True,True,True,True,True,False,,True,22,4,2
Eryth,cellstate,25,0.5,0.02,2000,100,500,1000,159,159,147,156,0.0805459438677431,0.136561854313586,0.0398057479500039,3.4441923413740945,2.778759652893878,False,True,True,True,True,True,True,True,True,False,,True,22,6,4
Eryth,cellstate,25,0.5,0.02,2000,100,1000,2000,159,159,155,159,0.039433399068454,0.2369700354910584,0.0796114959000079,7.70181514210652,2.332616829870233,False,True,True,True,True,True,True,True,True,False,,True,22,10,5
Eryth,cellstate,25,0.5,0.02,3000,10,100,200,38,38,35,38,0.067938633786848,0.3472387076468875,0.1422475106685633,3.2709815078236133,2.120910384068279,False,True,True,True,False,False,True,True,True,False,,False,14,7,4
Eryth,cellstate,25,0.5,0.02,3000,10,250,467,38,38,38,38,0.0080636034404708,0.5756808733323876,0.3321479374110953,8.919630156472262,1.7489331436699858,False,True,True,True,True,False,True,True,True,False,,False,14,12,5
Eryth,cellstate,25,0.5,0.02,3000,10,500,518,38,38,38,38,-0.0075951667653559,0.6269538366180559,0.3684210526315789,9.953769559032716,1.698435277382646,False,True,True,True,True,False,True,True,True,False,,False,14,12,5
Eryth,cellstate,25,0.5,0.02,3000,10,1000,518,38,38,38,38,-0.0079996951380379,0.624609683952104,0.3684210526315789,9.972972972972974,1.698435277382646,False,True,True,True,True,False,True,True,True,False,,False,14,12,5
Eryth,cellstate,25,0.5,0.02,3000,25,100,200,77,77,61,74,0.0803703703703703,0.1370612156708413,0.0341763499658236,1.1457621326042378,3.1657552973342447,False,True,True,True,True,True,True,True,True,False,,True,17,2,2
Eryth,cellstate,25,0.5,0.02,3000,25,250,500,81,81,74,81,0.0904355510667844,0.2135481416314852,0.0771604938271604,3.770679012345679,2.3901234567901235,False,True,True,True,True,True,True,True,True,False,,True,17,6,4
Eryth,cellstate,25,0.5,0.02,3000,25,500,1000,81,81,80,81,0.0580895994364115,0.3488414946799165,0.1543209876543209,8.391358024691359,2.0169753086419755,False,True,True,True,True,True,True,True,True,False,,True,17,9,5
Eryth,cellstate,25,0.5,0.02,3000,25,1000,1799,80,80,80,80,-0.0053056946422555,0.5481900171171514,0.2846518987341772,16.129113924050632,1.767721518987342,False,True,True,True,True,True,True,True,True,False,,True,17,15,7
Eryth,cellstate,25,0.5,0.02,3000,50,100,200,113,113,76,101,0.0621407532385827,0.047071217867678,0.0158027812895069,0.3380214917825537,1.2329329962073323,False,True,True,True,True,True,True,True,True,False,,True,21,2,2
Eryth,cellstate,25,0.5,0.02,3000,50,250,500,134,134,106,133,0.072258064516129,0.1098466122578967,0.0280552126585119,1.661990797890248,2.655089215576254,False,True,True,True,True,True,True,True,True,False,,True,22,7,5
Eryth,cellstate,25,0.5,0.02,3000,50,500,1000,136,136,124,136,0.0485735614679447,0.174183599401484,0.0544662309368191,4.22859477124183,2.573093681917211,False,True,True,True,True,True,True,True,True,False,,True,22,9,6
Eryth,cellstate,25,0.5,0.02,3000,50,1000,2000,136,136,136,136,0.0235768243507092,0.2720156266998826,0.1089324618736383,9.665141612200436,2.207897603485838,False,True,True,True,True,True,True,True,True,False,,True,22,13,7
Eryth,cellstate,25,0.5,0.02,3000,75,100,198,121,121,78,108,0.108148340848653,0.034054834054834,0.0136363636363636,0.1707300275482093,0.6080578512396694,False,True,True,True,True,True,True,True,True,False,,True,22,3,3
Eryth,cellstate,25,0.5,0.02,3000,75,250,495,150,150,116,149,0.0759418267428007,0.0978347819652167,0.0221476510067114,1.4097986577181207,2.579060402684564,False,True,True,True,True,True,True,True,True,False,,True,22,4,3
Eryth,cellstate,25,0.5,0.02,3000,75,500,992,154,154,137,154,0.0674262595895534,0.1519089729431587,0.0421016891605126,3.543799337916985,2.6200237670825905,False,True,True,True,True,True,True,True,True,False,,True,22,8,5
Eryth,cellstate,25,0.5,0.02,3000,75,1000,1982,155,155,152,155,0.0364470189931441,0.2251367514806114,0.0830330959363217,8.140050272308336,2.3240469208211145,False,True,True,True,True,True,True,True,True,False,,True,22,12,7
Eryth,cellstate,25,0.5,0.02,3000,100,100,199,120,120,76,107,0.1030032373684819,0.0344973544973544,0.0139355742296918,0.2026610644257703,0.7415266106442577,False,True,True,True,True,True,True,True,True,False,,True,22,4,3
Eryth,cellstate,25,0.5,0.02,3000,100,250,494,154,154,114,151,0.0916363839920884,0.074522173543021,0.0209659621424327,1.2950089126559714,2.5233851116204056,False,True,True,True,True,True,True,True,True,False,,True,22,6,5
Eryth,cellstate,25,0.5,0.02,3000,100,500,992,155,155,139,155,0.070456386039061,0.155594980251728,0.0415584415584415,3.4948889819857563,2.620695433598659,False,True,True,True,True,True,True,True,True,False,,True,22,8,5
Eryth,cellstate,25,0.5,0.02,3000,100,1000,1983,158,158,156,158,0.0385597665686181,0.2185247219080707,0.0799403370152382,7.943965169717004,2.3622107554623883,False,True,True,True,True,True,True,True,True,False,,True,22,12,7
Eryth,cellstate,25,0.5,0.02,4000,10,100,200,38,38,36,38,0.0833829347711914,0.3416138138742831,0.1422475106685633,3.37624466571835,2.2197724039829305,False,True,True,True,False,False,True,True,True,False,,False,14,7,4
Eryth,cellstate,25,0.5,0.02,4000,10,250,478,37,37,37,37,0.0002550404037692,0.6306609913919392,0.3588588588588589,9.463213213213214,1.71021021021021,False,True,True,True,True,False,True,True,True,False,,False,14,11,4
Eryth,cellstate,25,0.5,0.02,4000,10,500,605,38,38,38,38,-0.0035087478997735,0.7256874500666435,0.4302987197724039,11.92460881934566,1.6109530583214793,False,True,True,True,False,False,True,True,True,False,,False,14,10,5
Eryth,cellstate,25,0.5,0.02,4000,10,1000,534,37,37,37,37,-0.0158726222751217,0.6983300634967767,0.4009009009009009,10.51051051051051,1.6584084084084083,False,True,True,True,True,False,True,True,True,False,,False,14,12,5
Eryth,cellstate,25,0.5,0.02,4000,25,100,200,72,72,61,71,0.0840633680290589,0.1701519749313867,0.0391236306729264,1.4082550860719876,3.2055946791862286,False,True,True,True,False,True,True,True,True,False,,False,15,4,4
Eryth,cellstate,25,0.5,0.02,4000,25,250,500,77,77,72,77,0.070255135058013,0.2143598142586413,0.0854408749145591,4.061688311688312,2.407552973342447,False,True,True,True,False,True,True,True,True,False,,False,15,7,4
Eryth,cellstate,25,0.5,0.02,4000,25,500,1000,79,79,79,79,0.0282543242536895,0.3509588424192455,0.1622849724115546,8.786432976306394,2.0597208698474523,False,True,True,True,True,True,True,True,True,False,,True,17,8,4
Eryth,cellstate,25,0.5,0.02,4000,25,1000,1901,77,77,77,77,0.0023566753859037,0.6172754784635076,0.3248462064251537,17.896787423103213,1.7142857142857142,False,True,True,True,False,True,True,True,True,False,,False,15,10,5
Eryth,cellstate,25,0.5,0.02,4000,50,100,200,111,111,75,98,0.0500277008310249,0.0531159531159531,0.0163800163800163,0.3398034398034398,1.2995085995085995,False,True,True,True,True,True,True,True,True,False,,True,21,2,2
Eryth,cellstate,25,0.5,0.02,4000,50,250,500,131,131,114,129,0.0579030742876089,0.1143482803832074,0.0293599530240751,1.8709923664122137,3.052436876100998,False,True,True,True,True,True,True,True,True,False,,True,22,6,5
Eryth,cellstate,25,0.5,0.02,4000,50,500,1000,131,131,121,131,0.0461393313339462,0.1717160039367324,0.0587199060481503,4.521726365237815,2.4800352319436287,False,True,True,True,True,True,True,True,True,False,,True,21,7,4
Eryth,cellstate,25,0.5,0.02,4000,50,1000,2000,132,132,132,132,0.0172316446987491,0.2806472021307158,0.1156604210039324,10.017985195466112,2.1838422391857506,False,True,True,True,True,True,True,True,True,False,,True,22,13,8
Eryth,cellstate,25,0.5,0.02,4000,75,100,196,126,126,80,108,0.0845640359168242,0.0612239171762981,0.0124444444444444,0.2036825396825397,0.9474920634920636,False,True,True,True,True,True,True,True,True,False,,True,21,3,3
Eryth,cellstate,25,0.5,0.02,4000,75,250,493,151,151,121,150,0.070231772205372,0.1099036339454015,0.021766004415011,1.4837969094922738,3.0024282560706403,False,True,True,True,True,True,True,True,True,False,,True,22,7,6
Eryth,cellstate,25,0.5,0.02,4000,75,500,996,152,152,139,151,0.0526704475858288,0.1306805087511272,0.0433949111188567,3.617680376437783,2.620294527710004,False,True,True,True,True,True,True,True,True,False,,True,22,6,4
Eryth,cellstate,25,0.5,0.02,4000,75,1000,1990,152,152,150,152,0.0386904643413105,0.2302354750169801,0.0867026838619728,8.380315440920182,2.3083391425583826,False,True,True,True,True,True,True,True,True,False,,True,22,12,6
Eryth,cellstate,25,0.5,0.02,4000,100,100,199,122,122,80,108,0.1105817174515235,0.0384116339034371,0.0134805581899471,0.2656821568893104,1.4172198889039425,False,True,True,True,True,True,True,True,True,False,,True,22,3,3
Eryth,cellstate,25,0.5,0.02,4000,100,250,500,153,153,117,148,0.0831703087062088,0.0763868025690401,0.0214998280013759,1.2923546611627108,2.293988648090816,False,True,True,True,True,True,True,True,True,False,,True,22,5,4
Eryth,cellstate,25,0.5,0.02,4000,100,500,986,157,157,145,155,0.051596517934059,0.1246024720612166,0.0402580434427568,3.468969459415319,2.8495427078229625,False,True,True,True,True,True,True,True,True,False,,True,22,7,6
Eryth,cellstate,25,0.5,0.02,4000,100,1000,1990,155,155,153,155,0.0444531550760444,0.2253131949245495,0.0833682446585672,8.205069124423963,2.3257645580226227,False,True,True,True,True,True,True,True,True,False,,True,22,12,6
Eryth,cellstate,25,0.5,0.03,2000,10,100,200,34,34,32,34,0.0413195000801153,0.4514075235050466,0.17825311942959,3.4607843137254903,2.089126559714795,False,True,True,False,False,False,True,True,False,False,,False,10,4,2
Eryth,cellstate,25,0.5,0.03,2000,10,250,399,34,34,34,34,-0.0064440742283307,0.6165349919357465,0.355614973262032,8.397504456327987,1.7477718360071302,False,True,True,False,False,False,True,True,False,False,,False,11,7,5
Eryth,cellstate,25,0.5,0.03,2000,10,500,416,35,35,35,35,-0.0127919969640748,0.6114014858090073,0.3495798319327731,8.564705882352941,1.749579831932773,False,True,True,False,False,False,True,True,False,False,,False,11,7,5
Eryth,cellstate,25,0.5,0.03,2000,10,1000,421,35,35,35,35,-0.004068872341094,0.6220044286871301,0.353781512605042,8.58235294117647,1.7478991596638656,False,True,True,False,False,False,True,True,False,False,,False,11,7,4
Eryth,cellstate,25,0.5,0.03,2000,25,100,200,77,77,58,75,0.0743592980684257,0.1266977554229775,0.0341763499658236,0.981032125768968,2.5888585099111414,False,True,True,True,False,True,True,True,True,False,,False,14,5,2
Eryth,cellstate,25,0.5,0.03,2000,25,250,500,80,80,74,80,0.0530671132706452,0.2673033095742894,0.0791139240506329,3.7112341772151898,2.4422468354430378,False,True,True,True,False,True,True,True,False,False,,False,14,7,3
Eryth,cellstate,25,0.5,0.03,2000,25,500,1000,80,80,80,80,0.0330077579872523,0.3779023089809467,0.1582278481012658,8.382753164556963,2.098101265822785,False,True,True,True,False,True,True,True,False,False,,False,14,9,5
Eryth,cellstate,25,0.5,0.03,2000,25,1000,1505,80,80,80,80,0.006423708682977,0.4898260215214661,0.238132911392405,13.078639240506329,1.8656645569620247,False,True,True,True,False,True,True,True,False,False,,False,14,12,7
Eryth,cellstate,25,0.5,0.03,2000,50,100,199,110,110,70,101,0.0644051275992438,0.0377326431738196,0.0165971643035863,0.2715596330275229,0.9716430358632192,False,True,True,True,True,True,True,True,True,False,,True,20,4,2
Eryth,cellstate,25,0.5,0.03,2000,50,250,500,126,126,102,123,0.0925142944233312,0.1042258233647583,0.0317460317460317,1.797904761904762,2.681460317460317,False,True,True,True,True,True,True,True,True,False,,True,20,5,2
Eryth,cellstate,25,0.5,0.03,2000,50,500,1000,128,128,121,128,0.0492242141143794,0.2103383427571878,0.061515748031496,4.573142224409449,2.519992618110236,False,True,True,True,True,True,True,True,True,False,,True,20,9,4
Eryth,cellstate,25,0.5,0.03,2000,50,1000,2000,126,126,124,126,0.0303826405917905,0.3279703209089104,0.1269841269841269,10.35320634920635,2.085206349206349,False,True,True,True,True,True,True,True,True,False,,True,21,15,10
Eryth,cellstate,25,0.5,0.03,2000,75,100,199,115,115,70,104,0.119476606805293,0.0634406656145786,0.0151792524790236,0.4123569794050343,1.86933638443936,False,True,True,True,True,True,True,True,True,False,,False,20,3,2
Eryth,cellstate,25,0.5,0.03,2000,75,250,500,147,147,117,141,0.0777321579519381,0.125032019728174,0.0232969900288882,1.3768987046873544,2.671885192433137,False,True,True,True,True,True,True,True,True,False,,True,22,5,2
Eryth,cellstate,25,0.5,0.03,2000,75,500,990,152,152,137,152,0.0633113822914391,0.1697739863231618,0.0431334959916347,3.5303677239456257,2.620076681770652,False,True,True,True,True,True,True,True,True,False,,True,22,8,3
Eryth,cellstate,25,0.5,0.03,2000,75,1000,2000,152,152,151,152,0.0311274899985892,0.2470067937473375,0.0871383757406761,8.244248867201115,2.3485535029627047,False,True,True,True,True,True,True,True,True,False,,True,22,11,6
Eryth,cellstate,25,0.5,0.03,2000,100,100,199,116,116,73,105,0.0975894813732652,0.0613224419258902,0.0149175412293853,0.4389055472263868,1.939955022488756,False,True,True,True,True,True,True,True,True,False,,False,20,3,2
Eryth,cellstate,25,0.5,0.03,2000,100,250,500,152,152,118,148,0.0757324369036626,0.1079400384942201,0.021784593935169,1.3726472638550018,2.8312129661903103,False,True,True,True,True,True,True,True,True,False,,True,22,7,3
Eryth,cellstate,25,0.5,0.03,2000,100,500,993,157,157,145,154,0.0611454074467089,0.1736784113528689,0.0405438510534051,3.4706843050792093,2.7382410583047525,False,True,True,True,True,True,True,True,True,False,,True,22,9,4
Eryth,cellstate,25,0.5,0.03,2000,100,1000,1953,156,156,153,156,0.0352442116483008,0.2368141429945366,0.0807692307692307,7.727543424317618,2.336559139784946,False,True,True,True,True,True,True,True,True,False,,True,22,13,8
Eryth,cellstate,25,0.5,0.03,3000,10,100,200,35,35,33,35,0.0521319323299119,0.3552591339566129,0.1680672268907563,3.8436974789915967,2.0428571428571427,False,True,True,False,False,False,True,True,True,False,,False,11,3,1
Eryth,cellstate,25,0.5,0.03,3000,10,250,480,35,35,35,35,-0.0109734135099661,0.671855363052606,0.4033613445378151,10.301680672268908,1.63109243697479,False,True,True,False,False,False,True,True,True,False,,False,11,7,5
Eryth,cellstate,25,0.5,0.03,3000,10,500,526,35,35,35,35,-0.0139992294611542,0.711678844090447,0.442016806722689,11.469747899159664,1.584033613445378,False,True,True,False,False,False,True,True,True,False,,False,11,7,5
Eryth,cellstate,25,0.5,0.03,3000,10,1000,525,35,35,35,35,-0.0117075406525667,0.7098317649310942,0.4411764705882353,11.45126050420168,1.584873949579832,False,True,True,False,False,False,True,True,True,False,,False,11,7,5
Eryth,cellstate,25,0.5,0.03,3000,25,100,200,81,81,60,78,0.0733019820729705,0.1317431882246696,0.0308641975308641,0.9208333333333332,2.6546296296296297,False,True,True,True,False,True,True,True,True,False,,False,15,5,2
Eryth,cellstate,25,0.5,0.03,3000,25,250,500,81,81,73,81,0.0632467765334898,0.2191700689732288,0.0771604938271604,3.5975308641975308,2.310956790123457,False,True,True,True,False,True,True,True,True,False,,False,15,6,2
Eryth,cellstate,25,0.5,0.03,3000,25,500,1000,82,82,80,82,0.0338197708205212,0.3306927203389266,0.1505570611261668,8.186088527551941,2.0412526347485698,False,True,True,True,False,True,True,True,True,False,,False,15,9,5
Eryth,cellstate,25,0.5,0.03,3000,25,1000,1886,82,82,82,82,0.0075483723569557,0.529871236576717,0.2839506172839506,16.72041553748871,1.7699488105992172,False,True,True,True,False,True,True,True,True,False,,False,15,12,7
Eryth,cellstate,25,0.5,0.03,3000,50,100,200,110,110,72,100,0.136312618147448,0.0552368338731974,0.0166805671392827,0.5242702251876564,2.054295246038365,False,True,True,True,True,True,True,True,True,False,,False,18,2,2
Eryth,cellstate,25,0.5,0.03,3000,50,250,500,128,128,100,126,0.075256001983181,0.121044467953572,0.030757874015748,1.772822342519685,2.7489542322834644,False,True,True,True,True,True,True,True,True,False,,True,21,6,2
Eryth,cellstate,25,0.5,0.03,3000,50,500,1000,130,130,123,130,0.0739244937205202,0.1837249845726228,0.0596302921884317,4.604114490161002,2.566964818127609,False,True,True,True,True,True,True,True,True,False,,True,20,7,2
Eryth,cellstate,25,0.5,0.03,3000,50,1000,2000,132,132,132,132,0.0309910204081632,0.2802649070766184,0.1156604210039324,10.086109183437427,2.182165163081194,False,True,True,True,True,True,True,True,True,False,,True,20,11,6
Eryth,cellstate,25,0.5,0.03,3000,75,100,188,113,113,75,98,0.1085224489795918,0.0533377635147546,0.0148546144121365,0.2696744627054361,1.1549462705436158,False,True,True,True,False,True,True,True,True,False,,False,18,3,2
Eryth,cellstate,25,0.5,0.03,3000,75,250,496,150,150,118,150,0.1082857225300092,0.0778425170672444,0.0221923937360178,1.4482774049217002,2.8370917225950785,False,True,True,True,True,True,True,True,True,False,,False,21,6,3
Eryth,cellstate,25,0.5,0.03,3000,75,500,967,153,153,142,153,0.0852984684998259,0.1389157696756267,0.0415806673546611,3.594642242862057,2.876762985896113,False,True,True,True,True,True,True,True,True,False,,True,22,9,4
Eryth,cellstate,25,0.5,0.03,3000,75,1000,1958,154,154,152,154,0.0573892380628949,0.2174110298717248,0.0830999066293183,8.302605890841185,2.323444529326882,False,True,True,True,True,True,True,True,True,False,,True,22,10,5
Eryth,cellstate,25,0.5,0.03,3000,100,100,192,114,114,76,101,0.1201868450953162,0.0513366750208855,0.0149045179319981,0.2700667598199037,1.19919267194535,False,True,True,True,True,True,True,True,True,False,,False,19,3,2
Eryth,cellstate,25,0.5,0.03,3000,100,250,489,150,150,119,147,0.1098412170099459,0.0777903334532086,0.0218791946308724,1.2886353467561522,2.604563758389262,False,True,True,True,True,True,True,True,True,False,,True,22,6,3
Eryth,cellstate,25,0.5,0.03,3000,100,500,967,154,154,144,153,0.0770919358796214,0.1332843342484266,0.0410406586877175,3.514302690773279,2.878660555131144,False,True,True,True,True,True,True,True,True,False,,True,22,9,4
Eryth,cellstate,25,0.5,0.03,3000,100,1000,1962,156,156,155,156,0.0428747954742569,0.2156688896880013,0.0811414392059553,8.183167907361456,2.3581885856079405,False,True,True,True,True,True,True,True,True,False,,True,22,11,6
Eryth,cellstate,25,0.5,0.03,4000,10,100,200,35,35,35,35,0.0576696823400543,0.3347514974582643,0.1680672268907563,3.94873949579832,2.2058823529411766,False,True,True,False,False,False,True,True,True,False,,False,11,4,2
Eryth,cellstate,25,0.5,0.03,4000,10,250,500,35,35,35,35,0.0025951557093425,0.6694325149536435,0.4201680672268907,11.03781512605042,1.63109243697479,False,True,True,False,False,False,True,True,True,False,,False,11,7,5
Eryth,cellstate,25,0.5,0.03,4000,10,500,572,35,35,35,35,-0.0081700281586959,0.7436470258065326,0.480672268907563,12.621848739495798,1.5647058823529412,False,True,True,False,False,False,True,True,True,False,,False,11,7,5
Eryth,cellstate,25,0.5,0.03,4000,10,1000,572,35,35,35,35,-0.0036285799317781,0.740402897182396,0.480672268907563,12.64873949579832,1.5638655462184874,False,True,True,False,False,False,True,True,True,False,,False,11,7,5
Eryth,cellstate,25,0.5,0.03,4000,25,100,200,78,78,57,77,0.0656019804371452,0.1217797160104852,0.0333000333000333,0.9851814851814852,2.534965034965035,False,True,True,True,False,True,True,True,True,False,,False,15,5,2
Eryth,cellstate,25,0.5,0.03,4000,25,250,500,81,81,76,81,0.0462453918038408,0.1996225900880912,0.0771604938271604,3.867901234567901,2.455864197530864,False,True,True,True,False,True,True,True,True,False,,False,15,6,2
Eryth,cellstate,25,0.5,0.03,4000,25,500,1000,80,80,79,80,0.0316708605796627,0.327817527742385,0.1582278481012658,8.855537974683545,2.0058544303797468,False,True,True,True,False,True,True,True,True,False,,False,15,7,3
Eryth,cellstate,25,0.5,0.03,4000,25,1000,2000,81,81,81,81,0.0058973219152735,0.5692033966987893,0.3086419753086419,18.264814814814816,1.7162037037037037,False,True,True,True,False,True,True,True,True,False,,False,15,12,7
Eryth,cellstate,25,0.5,0.03,4000,50,100,200,115,115,72,102,0.09962134350792,0.0457661662009488,0.015255530129672,0.2736842105263158,1.0627765064836003,False,True,True,True,True,True,True,True,True,False,,False,19,2,2
Eryth,cellstate,25,0.5,0.03,4000,50,250,500,130,130,108,128,0.0801927070193483,0.1130173845463251,0.0298151460942158,1.7347644603458556,2.9246273106738223,False,True,True,True,True,True,True,True,True,False,,True,21,5,2
Eryth,cellstate,25,0.5,0.03,4000,50,500,982,131,131,125,131,0.0525474649882472,0.1830288961863658,0.0576629477392836,4.536112742219612,2.6260129183793306,False,True,True,True,True,True,True,True,True,False,,True,21,6,2
Eryth,cellstate,25,0.5,0.03,4000,50,1000,2000,131,131,131,131,0.0276939964775349,0.2853717893372616,0.1174398120963006,10.264063417498532,2.164826776277158,False,True,True,True,True,True,True,True,True,False,,True,21,10,5
Eryth,cellstate,25,0.5,0.03,4000,75,100,196,124,124,73,107,0.1450911725637,0.0378092785350849,0.012850773669027,0.2277734067663257,1.0338971938106478,False,True,True,True,True,True,True,True,True,False,,False,19,2,2
Eryth,cellstate,25,0.5,0.03,4000,75,250,487,148,148,118,145,0.1190962962962963,0.0863850270483061,0.0223846295274866,1.401866151866152,2.8346203346203347,False,True,True,True,True,True,True,True,True,False,,True,21,5,3
Eryth,cellstate,25,0.5,0.03,4000,75,500,990,154,154,148,154,0.0718886079903662,0.1304855571623315,0.042016806722689,3.792419998302351,2.98943213649096,False,True,True,True,True,True,True,True,True,False,,True,22,8,4
Eryth,cellstate,25,0.5,0.03,4000,75,1000,1935,151,151,151,151,0.0470949922819533,0.2145016524137388,0.0854304635761589,8.406313465783665,2.356423841059603,False,True,True,True,True,True,True,True,True,False,,True,22,10,5
Eryth,cellstate,25,0.5,0.03,4000,100,100,196,121,121,76,107,0.1376040905770636,0.0473698019152564,0.0134986225895316,0.3168732782369146,1.5172865013774104,False,True,True,True,True,True,True,True,True,False,,False,19,2,2
Eryth,cellstate,25,0.5,0.03,4000,100,250,493,152,152,121,149,0.0992674858223062,0.0825802603962606,0.0214796096200766,1.3358748692924365,2.701376786336702,False,True,True,True,True,True,True,True,True,False,,True,22,6,3
Eryth,cellstate,25,0.5,0.03,4000,100,500,978,155,155,148,155,0.0643124296174757,0.1268280314532004,0.0409719312945119,3.672098868873064,2.973355676581483,False,True,True,True,True,True,True,True,True,False,,True,22,8,4
Eryth,cellstate,25,0.5,0.03,4000,100,1000,1916,154,154,154,154,0.0455578492472834,0.207211963670694,0.0813173754350224,8.133265427383074,2.38422035480859,False,True,True,True,True,True,True,True,True,False,,True,22,9,5
Eryth,cellstate,25,0.75,0.005,2000,10,100,200,34,34,33,29,-0.0547918367346938,0.4509319655536192,0.17825311942959,3.408199643493761,1.731729055258467,False,True,True,True,False,True,True,True,True,False,,False,11,4,2
Eryth,cellstate,25,0.75,0.005,2000,10,250,263,34,34,34,30,-0.0298316877475919,0.5433605576348048,0.2344028520499108,4.562388591800357,1.6934046345811051,False,True,True,True,False,True,True,True,True,False,,False,11,4,2
Eryth,cellstate,25,0.75,0.005,2000,10,500,263,34,34,34,30,-0.0298316877475919,0.5433605576348048,0.2344028520499108,4.562388591800357,1.6934046345811051,False,True,True,True,False,True,True,True,True,False,,False,11,4,2
Eryth,cellstate,25,0.75,0.005,2000,10,1000,318,37,37,37,33,-0.0392315164881327,0.558919012355545,0.2387387387387387,4.952702702702703,1.7515015015015014,False,True,True,False,False,True,True,True,True,False,,False,12,5,4
Eryth,cellstate,25,0.75,0.005,2000,25,100,200,66,66,52,62,0.007168458781362,0.1790303972122154,0.0466200466200466,1.412820512820513,2.327505827505828,False,True,True,True,True,True,True,True,True,False,,False,16,2,2
Eryth,cellstate,25,0.75,0.005,2000,25,250,500,71,71,66,69,0.0087174544578357,0.3716572196892188,0.1006036217303823,3.799195171026157,2.2678068410462777,False,True,True,True,True,True,True,True,True,False,,False,17,5,4
Eryth,cellstate,25,0.75,0.005,2000,25,500,752,70,70,70,67,-0.0244262101135749,0.4562429404684756,0.1556935817805383,6.014906832298137,2.1296066252588,False,True,True,True,True,True,True,True,True,False,,False,16,6,4
Eryth,cellstate,25,0.75,0.005,2000,25,1000,783,73,73,73,71,-0.0118186285139084,0.4686342787340361,0.148972602739726,6.01103500761035,2.169520547945205,False,True,True,True,True,True,True,True,True,False,,False,17,7,5
Eryth,cellstate,25,0.75,0.005,2000,50,100,199,99,99,68,88,0.0178172255095331,0.0510823219825002,0.020511234796949,0.6658420944135229,2.346835703978561,False,True,True,True,True,True,True,True,True,False,,False,17,2,2
Eryth,cellstate,25,0.75,0.005,2000,50,250,500,118,118,94,114,0.0275691790046242,0.1701816445391269,0.0362161379110531,1.7981312472837896,2.299652325076054,False,True,True,True,True,True,True,True,True,False,,True,20,2,2
Eryth,cellstate,25,0.75,0.005,2000,50,500,1000,119,119,113,115,0.0015938726295083,0.2611759566190202,0.0712149266486255,4.451645064805583,2.455348240991312,False,True,True,True,True,True,True,True,True,False,,True,20,6,5
Eryth,cellstate,25,0.75,0.005,2000,50,1000,1727,119,119,119,116,-0.0128932028061268,0.3753170111911419,0.1229881783221763,7.996083179034326,2.204600484261501,False,True,True,True,True,True,True,True,True,False,,True,19,9,6
Eryth,cellstate,25,0.75,0.005,2000,75,100,192,108,108,78,91,-1.4298378563833268e-05,0.0473942270510898,0.0166147455867082,0.4485981308411215,1.7818449290411906,False,True,True,True,True,True,True,True,True,False,,False,20,2,2
Eryth,cellstate,25,0.75,0.005,2000,75,250,485,137,137,111,127,0.0133452448930722,0.12219467112766,0.0260304851867754,1.4142335766423355,3.009070416487763,False,True,True,True,True,True,True,True,True,False,,True,22,2,2
Eryth,cellstate,25,0.75,0.005,2000,75,500,968,140,140,128,134,-0.0107003787838597,0.2065621216789124,0.0497430626927029,3.308016443987667,2.5840698869475847,False,True,True,True,True,True,True,True,True,False,,True,22,5,3
Eryth,cellstate,25,0.75,0.005,2000,75,1000,1936,142,142,141,140,-0.0108417272405427,0.3213045942954641,0.0966936369993007,7.426081310558386,2.355708720407552,False,True,True,True,True,True,True,True,True,False,,True,22,9,6
Eryth,cellstate,25,0.75,0.005,2000,100,100,193,107,107,76,92,0.0213756224535989,0.0436167216815925,0.0170163992241227,0.4696702521601129,1.865191324281432,False,True,True,True,True,True,True,True,True,False,,False,19,2,2
Eryth,cellstate,25,0.75,0.005,2000,100,250,484,137,137,111,127,0.0363287222089189,0.1166827978612727,0.0259768140832975,1.405055817947617,2.9941498497209103,False,True,True,True,True,True,True,True,True,False,,True,22,2,2
Eryth,cellstate,25,0.75,0.005,2000,100,500,967,141,141,129,135,0.0036631674046329,0.2038487831825806,0.0489868287740628,3.265957446808511,2.613779128672746,False,True,True,True,True,True,True,True,True,False,,True,22,5,3
Eryth,cellstate,25,0.75,0.005,2000,100,1000,1936,142,142,141,140,-0.0046411686071225,0.3220450239820848,0.0966936369993007,7.431275596843472,2.352961742083708,False,True,True,True,True,True,True,True,True,False,,True,22,9,6
Eryth,cellstate,25,0.75,0.005,3000,10,100,200,36,36,33,33,-0.0111887893636278,0.3759981666844412,0.1587301587301587,3.0253968253968253,1.8309523809523809,False,True,True,False,False,True,True,True,True,False,,False,12,4,3
Eryth,cellstate,25,0.75,0.005,3000,10,250,263,34,34,34,30,-0.0298316877475919,0.5433605576348048,0.2344028520499108,4.562388591800357,1.6934046345811051,False,True,True,True,False,True,True,True,True,False,,False,11,4,2
Eryth,cellstate,25,0.75,0.005,3000,10,500,318,37,37,37,33,-0.0392315164881327,0.558919012355545,0.2387387387387387,4.952702702702703,1.7515015015015014,False,True,True,False,False,True,True,True,True,False,,False,12,5,4
Eryth,cellstate,25,0.75,0.005,3000,10,1000,263,34,34,34,30,-0.0298316877475919,0.5433605576348048,0.2344028520499108,4.562388591800357,1.6934046345811051,False,True,True,True,False,True,True,True,True,False,,False,11,4,2
Eryth,cellstate,25,0.75,0.005,3000,25,100,200,71,71,58,68,0.0077240832956088,0.1326255512875231,0.0402414486921529,1.3235412474849095,2.477867203219316,False,True,True,True,True,True,True,True,True,False,,False,17,2,2
Eryth,cellstate,25,0.75,0.005,3000,25,250,500,71,71,66,69,0.0071544670903645,0.3656778281148545,0.1006036217303823,3.7806841046277664,2.276861167002012,False,True,True,True,True,True,True,True,True,False,,False,17,5,4
Eryth,cellstate,25,0.75,0.005,3000,25,500,742,69,69,69,66,-0.0255131786183552,0.4566696955821251,0.1581415174765558,6.033248081841432,2.115302642796249,False,True,True,True,True,True,True,True,True,False,,False,16,6,4
Eryth,cellstate,25,0.75,0.005,3000,25,1000,783,73,73,73,71,-0.0118186285139084,0.4686342787340361,0.148972602739726,6.01103500761035,2.169520547945205,False,True,True,True,True,True,True,True,True,False,,False,17,7,5
Eryth,cellstate,25,0.75,0.005,3000,50,100,199,97,97,68,86,0.0130966469428007,0.0542735766356142,0.0213702749140893,0.7012457044673539,2.4037800687285222,False,True,True,True,True,True,True,True,True,False,,False,17,2,2
Eryth,cellstate,25,0.75,0.005,3000,50,250,500,118,118,96,114,0.0289856651601065,0.1783198501554646,0.0362161379110531,1.8339127915399105,2.365058670143416,False,True,True,True,True,True,True,True,True,False,,True,20,2,2
Eryth,cellstate,25,0.75,0.005,3000,50,500,1000,119,119,113,115,0.0023939058171745,0.2603692207772327,0.0712149266486255,4.46111665004985,2.451858709585529,False,True,True,True,True,True,True,True,True,False,,True,20,6,5
Eryth,cellstate,25,0.75,0.005,3000,50,1000,1752,119,119,119,117,-0.0159462422758664,0.3901063180926598,0.1247685514883919,8.298105682951146,2.210796182879932,False,True,True,True,True,True,True,True,True,False,,True,20,9,6
Eryth,cellstate,25,0.75,0.005,3000,75,100,192,105,105,75,92,0.0047327633046412,0.0459441150197452,0.0175824175824175,0.4751831501831501,1.8444139194139195,False,True,True,True,True,True,True,True,True,False,,False,19,2,2
Eryth,cellstate,25,0.75,0.005,3000,75,250,488,137,137,109,129,0.047838025831852,0.130847035774156,0.0261914984972091,1.376073422069558,2.4696758265349934,False,True,True,True,True,True,True,True,True,False,,False,21,2,2
Eryth,cellstate,25,0.75,0.005,3000,75,500,988,141,141,128,136,0.0144940520462854,0.2140980150439052,0.0500506585612968,3.39564336372847,2.503951367781155,False,True,True,True,True,True,True,True,True,False,,True,22,4,4
Eryth,cellstate,25,0.75,0.005,3000,75,1000,1936,142,142,141,140,-0.0118235982954457,0.322462700305068,0.0966936369993007,7.414843671960843,2.3563580061931875,False,True,True,True,True,True,True,True,True,False,,True,22,9,6
Eryth,cellstate,25,0.75,0.005,3000,100,100,192,107,107,77,92,0.0259944522291172,0.0415855233887119,0.0169282313524951,0.4606771292540998,1.831423029448069,False,True,True,True,True,True,True,True,True,False,,False,19,2,2
Eryth,cellstate,25,0.75,0.005,3000,100,250,485,137,137,111,127,0.0425455657827452,0.1217107207015565,0.0260304851867754,1.4009768140832977,2.99237870330614,False,True,True,True,True,True,True,True,True,False,,True,22,2,2
Eryth,cellstate,25,0.75,0.005,3000,100,500,967,141,141,129,136,0.0043212954808834,0.2039244089576356,0.0489868287740628,3.2566869300911856,2.6529381965552177,False,True,True,True,True,True,True,True,True,False,,True,22,5,3
Eryth,cellstate,25,0.75,0.005,3000,100,1000,1936,142,142,141,140,-0.0064665252125068,0.3243055865886673,0.0966936369993007,7.411297572670063,2.359104984517032,False,True,True,True,True,True,True,True,True,False,,True,22,9,6
Eryth,cellstate,25,0.75,0.005,4000,10,100,200,36,36,33,33,-0.0097063137854623,0.3592827833023911,0.1587301587301587,3.0,1.838095238095238,False,True,True,False,False,True,True,True,True,False,,False,12,4,3
Eryth,cellstate,25,0.75,0.005,4000,10,250,318,37,37,37,33,-0.0392315164881327,0.558919012355545,0.2387387387387387,4.952702702702703,1.7515015015015014,False,True,True,False,False,True,True,True,True,False,,False,12,5,4
Eryth,cellstate,25,0.75,0.005,4000,10,500,263,34,34,34,30,-0.0298316877475919,0.5433605576348048,0.2344028520499108,4.562388591800357,1.6934046345811051,False,True,True,True,False,True,True,True,True,False,,False,11,4,2
Eryth,cellstate,25,0.75,0.005,4000,10,1000,318,37,37,37,33,-0.0392315164881327,0.558919012355545,0.2387387387387387,4.952702702702703,1.7515015015015014,False,True,True,False,False,True,True,True,True,False,,False,12,5,4
Eryth,cellstate,25,0.75,0.005,4000,25,100,200,71,71,58,68,0.0121329639889196,0.1402632969534377,0.0402414486921529,1.3331991951710265,2.468611670020121,False,True,True,True,True,True,True,True,True,False,,False,17,2,2
Eryth,cellstate,25,0.75,0.005,4000,25,250,500,68,68,66,65,-0.0121901939655172,0.3309989394594151,0.1097453906935908,3.9765144863915713,2.3667690956979808,False,True,True,True,True,True,True,True,True,False,,False,16,3,3
Eryth,cellstate,25,0.75,0.005,4000,25,500,759,72,72,72,69,-0.0116988615777731,0.4685704266258344,0.1484741784037558,5.858176838810642,2.129890453834116,False,True,True,True,True,True,True,True,True,False,,False,17,7,5
Eryth,cellstate,25,0.75,0.005,4000,25,1000,742,69,69,69,66,-0.0255131786183552,0.4566696955821251,0.1581415174765558,6.033248081841432,2.115302642796249,False,True,True,True,True,True,True,True,True,False,,False,16,6,4
Eryth,cellstate,25,0.75,0.005,4000,50,100,199,98,98,68,87,0.015042735042735,0.0555467924765643,0.0209341468546181,0.6857774037450032,2.399642331159268,False,True,True,True,True,True,True,True,True,False,,False,17,2,2
Eryth,cellstate,25,0.75,0.005,4000,50,250,500,117,117,96,113,0.0310275844334709,0.1693274291924597,0.0368405540819333,1.874078986147952,2.453728264073092,False,True,True,True,True,True,True,True,True,False,,True,20,2,2
Eryth,cellstate,25,0.75,0.005,4000,50,500,1000,118,118,115,113,0.0060476396440929,0.2447589348221725,0.0724322758221063,4.40475155729393,2.5289004780530204,False,True,True,True,True,True,True,True,True,False,,True,19,6,4
Eryth,cellstate,25,0.75,0.005,4000,50,1000,1752,119,119,119,117,-0.0159462422758664,0.3901063180926598,0.1247685514883919,8.298105682951146,2.210796182879932,False,True,True,True,True,True,True,True,True,False,,True,20,9,6
Eryth,cellstate,25,0.75,0.005,4000,75,100,191,109,109,73,95,0.0202335530119089,0.0416100718853012,0.0162249405368671,0.2273190621814475,0.7974855589534489,False,True,True,True,False,True,True,True,True,False,,False,19,2,2
Eryth,cellstate,25,0.75,0.005,4000,75,250,486,136,136,110,127,0.0121333735115786,0.1217702209840283,0.0264705882352941,1.4382897603485838,3.025054466230937,False,True,True,True,True,True,True,True,True,False,,True,22,2,2
Eryth,cellstate,25,0.75,0.005,4000,75,500,969,140,140,128,135,-0.008010297783025,0.2041182251128958,0.0497944501541623,3.2944501541623845,2.631654676258993,False,True,True,True,True,True,True,True,True,False,,True,22,5,3
Eryth,cellstate,25,0.75,0.005,4000,75,1000,1936,140,140,139,138,-0.0125915807208068,0.3389802799401146,0.0994861253854059,7.675796505652621,2.322045220966084,False,True,True,True,True,True,True,True,True,False,,True,22,9,6
Eryth,cellstate,25,0.75,0.005,4000,100,100,192,106,106,75,92,0.0278818381995481,0.0425906440334853,0.0172506738544474,0.4775381850853549,1.8884995507637017,False,True,True,True,True,True,True,True,True,False,,False,19,2,2
Eryth,cellstate,25,0.75,0.005,4000,100,250,485,137,137,111,127,0.0429806222254968,0.1183118362583232,0.0260304851867754,1.413482181193645,2.9281880635465867,False,True,True,True,True,True,True,True,True,False,,True,22,2,2
Eryth,cellstate,25,0.75,0.005,4000,100,500,988,142,142,129,137,0.0311124943413309,0.2120678093487064,0.0493457197083208,3.364998501648187,2.513635001498352,False,True,True,True,True,True,True,True,True,False,,True,22,4,4
Eryth,cellstate,25,0.75,0.005,4000,100,1000,1935,142,142,141,140,-0.0060464156318257,0.3207843377162528,0.0966436919388672,7.418939166916392,2.3547098191988813,False,True,True,True,True,True,True,True,True,False,,True,22,9,6
Eryth,cellstate,25,0.75,0.01,2000,10,100,200,35,35,32,33,0.0458752380634167,0.3391516326810443,0.1680672268907563,3.4378151260504204,1.8890756302521008,False,True,True,True,True,True,True,True,True,False,,False,15,7,5
Eryth,cellstate,25,0.75,0.01,2000,10,250,304,35,35,35,33,-0.0032339202299676,0.5062832616897767,0.2554621848739495,5.678991596638656,1.8260504201680672,False,True,True,True,True,True,True,True,False,False,,False,14,7,5
Eryth,cellstate,25,0.75,0.01,2000,10,500,327,35,35,35,33,-0.0068149943492054,0.5476623303161197,0.2747899159663866,6.063865546218487,1.7571428571428571,False,True,True,True,True,True,True,True,True,False,,False,15,7,5
Eryth,cellstate,25,0.75,0.01,2000,10,1000,311,35,35,35,33,-0.0055670895809304,0.5172330301064221,0.261344537815126,5.881512605042017,1.809243697478992,False,True,True,True,True,True,True,True,True,False,,False,15,7,5
Eryth,cellstate,25,0.75,0.01,2000,25,100,200,72,72,55,72,0.0366538266296395,0.0824716949716949,0.0391236306729264,1.2644757433489828,2.528755868544601,False,True,True,True,True,True,True,True,True,False,,False,16,2,2
Eryth,cellstate,25,0.75,0.01,2000,25,250,500,72,72,66,72,0.0211077410872361,0.2690090996404655,0.0978090766823161,4.148865414710485,2.272104851330204,False,True,True,True,True,True,True,True,True,False,,False,16,6,5
Eryth,cellstate,25,0.75,0.01,2000,25,500,964,72,72,71,72,-0.0036907082521117,0.4653107883728906,0.1885758998435054,8.622261345852895,2.007824726134585,False,True,True,True,True,True,True,True,True,False,,False,16,7,5
Eryth,cellstate,25,0.75,0.01,2000,25,1000,1041,72,72,72,72,-0.010467565584126,0.4944569176437405,0.2036384976525821,9.2466744913928,2.012323943661972,False,True,True,True,True,True,True,True,True,False,,False,16,7,5
Eryth,cellstate,25,0.75,0.01,2000,50,100,200,112,112,77,97,0.0408294728762917,0.0294836116264687,0.016087516087516,0.5006435006435006,2.0997425997426,False,True,True,True,True,True,True,True,True,False,,True,20,2,2
Eryth,cellstate,25,0.75,0.01,2000,50,250,500,126,126,102,124,0.0519696539413363,0.1280088987238894,0.0317460317460317,1.843873015873016,2.567238095238096,False,True,True,True,True,True,True,True,True,False,,True,20,3,3
Eryth,cellstate,25,0.75,0.01,2000,50,500,1000,128,128,122,128,0.0332494048348662,0.196365483439887,0.061515748031496,4.380474901574803,2.553949311023622,False,True,True,True,True,True,True,True,True,False,,True,20,7,5
Eryth,cellstate,25,0.75,0.01,2000,50,1000,2000,129,129,128,129,0.0111454046639231,0.3396822630960093,0.1211240310077519,9.401041666666666,2.2175387596899223,False,True,True,True,True,True,True,True,True,False,,True,20,9,5
Eryth,cellstate,25,0.75,0.01,2000,75,100,195,117,117,77,99,0.0896651319740341,0.0571650571650571,0.014367816091954,0.3983200707338638,1.7576628352490422,False,True,True,True,True,True,True,True,True,False,,True,22,2,2
Eryth,cellstate,25,0.75,0.01,2000,75,250,492,143,143,113,137,0.0604493523851955,0.0875761620776667,0.0242292918349256,1.5504776913227618,2.594060868708756,False,True,True,True,True,True,True,True,True,False,,True,22,4,4
Eryth,cellstate,25,0.75,0.01,2000,75,500,980,149,149,134,146,0.0283119435772921,0.1500702048115652,0.0444404135679303,3.3966080174133864,2.444222746236169,False,True,True,True,True,True,True,True,True,False,,True,22,6,5
Eryth,cellstate,25,0.75,0.01,2000,75,1000,1961,149,149,146,149,0.0156978604467322,0.2687778524888136,0.0889261744966442,7.797387992018865,2.3437783421004896,False,True,True,True,True,True,True,True,True,False,,True,22,10,6
Eryth,cellstate,25,0.75,0.01,2000,100,100,195,118,118,77,101,0.0930395493151077,0.0407134296964805,0.0141242937853107,0.362378675937998,1.5859771114008403,False,True,True,True,True,True,True,True,True,False,,True,22,2,2
Eryth,cellstate,25,0.75,0.01,2000,100,250,492,143,143,115,137,0.0563422363060208,0.0834818834272166,0.0242292918349256,1.555550083719098,2.6140549591253817,False,True,True,True,True,True,True,True,True,False,,True,22,4,4
Eryth,cellstate,25,0.75,0.01,2000,100,500,981,150,150,136,147,0.0296371042015877,0.155671615175328,0.0438926174496644,3.351454138702461,2.487158836689038,False,True,True,True,True,True,True,True,True,False,,True,22,6,5
Eryth,cellstate,25,0.75,0.01,2000,100,1000,1960,150,150,149,150,0.0089628947952235,0.2666221799363273,0.0876957494407158,7.74586129753915,2.4108724832214765,False,True,True,True,True,True,True,True,True,False,,True,22,10,6
Eryth,cellstate,25,0.75,0.01,3000,10,100,200,35,35,33,33,0.0690612244897959,0.3665247497600438,0.1680672268907563,3.612605042016807,1.919327731092437,False,True,True,True,True,True,True,True,True,False,,False,14,7,5
Eryth,cellstate,25,0.75,0.01,3000,10,250,398,35,35,35,33,-0.0158992043426531,0.6459409140918663,0.334453781512605,7.498319327731092,1.638655462184874,False,True,True,True,True,True,True,True,True,False,,False,14,9,7
Eryth,cellstate,25,0.75,0.01,3000,10,500,398,35,35,35,33,-0.0158992043426531,0.6459409140918663,0.334453781512605,7.498319327731092,1.638655462184874,False,True,True,True,True,True,True,True,True,False,,False,14,9,7
Eryth,cellstate,25,0.75,0.01,3000,10,1000,379,35,35,35,33,-0.0084489374262101,0.6160213203678968,0.3184873949579831,7.0815126050420165,1.6983193277310924,False,True,True,True,True,True,True,True,True,False,,False,14,9,7
Eryth,cellstate,25,0.75,0.01,3000,25,100,200,72,72,55,71,0.0394135802469135,0.0995718787385454,0.0391236306729264,1.3090766823161188,2.564358372456964,False,True,True,True,True,True,True,True,True,False,,False,16,2,2
Eryth,cellstate,25,0.75,0.01,3000,25,250,500,73,73,67,73,0.0076226082719589,0.2643126675773681,0.0951293759512937,4.12423896499239,2.2851978691019785,False,True,True,True,True,True,True,True,True,False,,False,16,5,5
Eryth,cellstate,25,0.75,0.01,3000,25,500,1000,72,72,71,72,-0.0155586419753086,0.4872896138640103,0.1956181533646322,8.877347417840376,1.972613458528952,False,True,True,True,True,True,True,True,True,False,,False,16,8,6
Eryth,cellstate,25,0.75,0.01,3000,25,1000,1308,73,73,73,73,-0.0123549553708833,0.5720646220546793,0.2488584474885844,11.645738203957382,1.8772831050228311,False,True,True,True,True,True,True,True,True,False,,False,16,9,7
Eryth,cellstate,25,0.75,0.01,3000,50,100,198,109,109,73,93,0.0488201674966048,0.0620450904854574,0.0168195718654434,0.2934080869860686,1.1390587835541963,False,True,True,True,True,True,True,True,True,False,,False,19,2,2
Eryth,cellstate,25,0.75,0.01,3000,50,250,500,123,123,97,122,0.0138421549253146,0.1097414565348567,0.0333200053312008,2.0381180860988937,2.5894975343196056,False,True,True,True,True,True,True,True,True,False,,False,19,4,4
Eryth,cellstate,25,0.75,0.01,3000,50,500,1000,127,127,115,127,0.0235145892779062,0.2145090451784778,0.0624921884764404,4.489001374828146,2.408511436070491,False,True,True,True,True,True,True,True,True,False,,False,19,6,5
Eryth,cellstate,25,0.75,0.01,3000,50,1000,2000,127,127,126,127,0.0113260037749429,0.3589077178761122,0.1249843769528809,9.640607424071993,2.1692913385826773,False,True,True,True,True,True,True,True,True,False,,False,19,10,6
Eryth,cellstate,25,0.75,0.01,3000,75,100,196,122,122,76,107,0.0372388604821037,0.0444913920323756,0.0132773336946213,0.3507654789323939,1.6770085354288038,False,True,True,True,True,True,True,True,True,False,,True,22,1,1
Eryth,cellstate,25,0.75,0.01,3000,75,250,499,148,148,117,143,0.0320797783933517,0.0886066163542943,0.02293620150763,1.569635962493105,2.9093583379297665,False,True,True,True,True,True,True,True,True,False,,True,22,2,2
Eryth,cellstate,25,0.75,0.01,3000,75,500,992,150,150,136,149,0.0192944735708129,0.1629099780302059,0.0443847874720357,3.558165548098434,2.727248322147651,False,True,True,True,True,True,True,True,True,False,,True,22,6,5
Eryth,cellstate,25,0.75,0.01,3000,75,1000,1986,151,151,149,151,0.0135212644380395,0.2712310792788828,0.087682119205298,7.867152317880794,2.34878587196468,False,True,True,True,True,True,True,True,True,False,,True,22,8,6
Eryth,cellstate,25,0.75,0.01,3000,100,100,196,121,121,77,105,0.0547552958363769,0.04894540720987,0.0134986225895316,0.4111570247933884,1.925757575757576,False,True,True,True,True,True,True,True,True,False,,True,22,1,1
Eryth,cellstate,25,0.75,0.01,3000,100,250,499,146,146,112,141,0.0430856080347205,0.0913136310348872,0.0235710911667453,1.50968351440718,2.4351440717997166,False,True,True,True,True,True,True,True,True,False,,True,22,3,3
Eryth,cellstate,25,0.75,0.01,3000,100,500,992,151,151,136,149,0.0195147815741147,0.1680807835759062,0.0437969094922737,3.4903311258278147,2.6819426048565123,False,True,True,True,True,True,True,True,True,False,,True,22,6,5
Eryth,cellstate,25,0.75,0.01,3000,100,1000,1987,152,152,150,152,0.0154714763770708,0.2703049821241131,0.0865719762983618,7.776620773788776,2.354043220634368,False,True,True,True,True,True,True,True,True,False,,True,22,9,6
Eryth,cellstate,25,0.75,0.01,4000,10,100,200,35,35,33,33,0.0637224489795918,0.3653249644846283,0.1680672268907563,3.612605042016807,1.919327731092437,False,True,True,True,True,True,True,True,True,False,,False,14,7,5
Eryth,cellstate,25,0.75,0.01,4000,10,250,398,35,35,35,33,-0.0158992043426531,0.6459409140918663,0.334453781512605,7.498319327731092,1.638655462184874,False,True,True,True,True,True,True,True,True,False,,False,14,9,7
Eryth,cellstate,25,0.75,0.01,4000,10,500,380,35,35,35,33,-0.0088027984625213,0.6196893955712668,0.3193277310924369,7.0966386554621845,1.6974789915966386,False,True,True,True,True,True,True,True,True,False,,False,14,9,7
Eryth,cellstate,25,0.75,0.01,4000,10,1000,380,35,35,35,33,-0.0088027984625213,0.6196893955712668,0.3193277310924369,7.0966386554621845,1.6974789915966386,False,True,True,True,True,True,True,True,True,False,,False,14,9,7
Eryth,cellstate,25,0.75,0.01,4000,25,100,200,72,72,54,71,0.0302112917824037,0.0977812311145644,0.0391236306729264,1.249413145539906,2.320226917057903,False,True,True,True,True,True,True,True,True,False,,False,16,2,2
Eryth,cellstate,25,0.75,0.01,4000,25,250,500,73,73,67,73,0.0059476958827608,0.2692814670538909,0.0951293759512937,4.139269406392694,2.2806316590563167,False,True,True,True,True,True,True,True,True,False,,False,16,5,5
Eryth,cellstate,25,0.75,0.01,4000,25,500,1000,73,73,73,73,-0.0057888757063282,0.4728000995871163,0.1902587519025875,8.73611111111111,2.0348173515981736,False,True,True,True,True,True,True,True,True,False,,False,16,8,6
Eryth,cellstate,25,0.75,0.01,4000,25,1000,1311,73,73,73,73,-0.0126985439156063,0.5731242333664458,0.2494292237442922,11.67123287671233,1.8765220700152208,False,True,True,True,True,True,True,True,True,False,,False,16,9,7
Eryth,cellstate,25,0.75,0.01,4000,50,100,199,111,111,75,101,0.0441962881409248,0.0384149884149884,0.0162981162981162,0.5,1.7803439803439804,False,True,True,True,True,True,True,True,True,False,,False,19,1,1
Eryth,cellstate,25,0.75,0.01,4000,50,250,500,127,127,101,125,0.0317549356587657,0.1221614449193006,0.0312460942382202,1.969066366704162,2.648418947631546,False,True,True,True,True,True,True,True,True,False,,False,19,3,3
Eryth,cellstate,25,0.75,0.01,4000,50,500,1000,127,127,115,127,0.0236515520942854,0.2084442124240023,0.0624921884764404,4.480627421572303,2.418947631546057,False,True,True,True,True,True,True,True,True,False,,False,19,6,5
Eryth,cellstate,25,0.75,0.01,4000,50,1000,2000,127,127,126,127,0.0139414493461309,0.3538894910756849,0.1249843769528809,9.658917635295587,2.1727909011373576,False,True,True,True,True,True,True,True,True,False,,False,19,10,6
Eryth,cellstate,25,0.75,0.01,4000,75,100,198,116,116,75,96,0.0373482086565609,0.0663034283723939,0.0148425787106446,0.2679910044977511,1.1911544227886055,False,True,True,True,True,True,True,True,True,False,,True,22,1,1
Eryth,cellstate,25,0.75,0.01,4000,75,250,499,147,147,117,142,0.0320665030718169,0.0903100784979852,0.0232503960488304,1.585453359425962,2.926614481409002,False,True,True,True,True,True,True,True,True,False,,True,22,2,2
Eryth,cellstate,25,0.75,0.01,4000,75,500,992,151,151,135,151,0.0221600155066015,0.1836549298360612,0.0437969094922737,3.515540838852097,2.688300220750552,False,True,True,True,True,True,True,True,True,False,,True,22,4,4
Eryth,cellstate,25,0.75,0.01,4000,75,1000,1986,151,151,149,151,0.0150159617241661,0.2694770585424202,0.087682119205298,7.87523178807947,2.3423399558498894,False,True,True,True,True,True,True,True,True,False,,True,22,7,5
Eryth,cellstate,25,0.75,0.01,4000,100,100,198,124,124,79,107,0.0462981497898138,0.0515694878598104,0.0129819040125885,0.3562811434565958,1.6732887490165225,False,True,True,True,True,True,True,True,True,False,,True,22,1,1
Eryth,cellstate,25,0.75,0.01,4000,100,250,499,146,146,112,141,0.047611172445235,0.0888167680626011,0.0235710911667453,1.509447331128956,2.4349078885214928,False,True,True,True,True,True,True,True,True,False,,True,22,3,3
Eryth,cellstate,25,0.75,0.01,4000,100,500,991,151,151,135,149,0.0272058591513742,0.1636378473303445,0.0437527593818984,3.479028697571744,2.6656953642384105,False,True,True,True,True,True,True,True,True,False,,True,22,6,5
Eryth,cellstate,25,0.75,0.01,4000,100,1000,1984,151,151,148,150,0.011325354413663,0.2797426083443055,0.0875938189845474,7.838454746136866,2.3304194260485653,False,True,True,True,True,True,True,True,True,False,,True,22,10,7
Eryth,cellstate,25,0.75,0.02,2000,10,100,200,37,37,35,37,0.0660716117779829,0.3827991721180576,0.1501501501501501,3.5983483483483485,2.1493993993994,False,True,True,True,False,False,True,True,True,False,,True,15,7,4
Eryth,cellstate,25,0.75,0.02,2000,10,250,429,37,37,37,37,0.0071944404122514,0.5850403897956826,0.322072072072072,8.368618618618619,1.756006006006006,False,True,True,True,False,False,True,True,True,False,,True,15,12,5
Eryth,cellstate,25,0.75,0.02,2000,10,500,460,38,38,38,38,-0.0158763468758584,0.584708164040683,0.3271692745376955,8.703413940256045,1.7688477951635846,False,True,True,True,True,False,True,True,True,False,,False,15,12,7
Eryth,cellstate,25,0.75,0.02,2000,10,1000,460,38,38,38,38,-0.0131482555477549,0.5833179787579288,0.3271692745376955,8.704836415362731,1.763869132290185,False,True,True,True,True,False,True,True,True,False,,False,15,12,7
Eryth,cellstate,25,0.75,0.02,2000,25,100,200,77,77,61,75,0.0694723738389351,0.1031105258377985,0.0341763499658236,1.2351332877648666,3.102187286397813,False,True,True,True,True,True,True,True,True,False,,True,17,2,2
Eryth,cellstate,25,0.75,0.02,2000,25,250,500,78,78,73,78,0.0568506304168593,0.2111362562809957,0.0832500832500832,3.895770895770896,2.4683649683649684,False,True,True,True,True,True,True,True,True,False,,True,17,5,2
Eryth,cellstate,25,0.75,0.02,2000,25,500,1000,79,79,79,79,0.0066725489477349,0.3640941085383876,0.1622849724115546,8.635183382018825,2.073839662447257,False,True,True,True,True,True,True,True,True,False,,True,17,12,4
Eryth,cellstate,25,0.75,0.02,2000,25,1000,1515,80,80,80,80,0.0079614473727444,0.492154026344141,0.2397151898734177,13.187974683544304,1.859493670886076,False,True,True,True,True,True,True,True,True,False,,True,17,15,6
Eryth,cellstate,25,0.75,0.02,2000,50,100,200,108,108,76,95,0.0956468955948665,0.055762807151696,0.017307026652821,0.4396850121149186,1.6304949809622706,False,True,True,True,True,True,True,True,True,False,,True,19,2,2
Eryth,cellstate,25,0.75,0.02,2000,50,250,500,122,122,105,120,0.086875418286414,0.1531504639483969,0.0338707492209727,2.072483403332882,2.9145102289662645,False,True,True,True,True,True,True,True,True,False,,True,21,4,3
Eryth,cellstate,25,0.75,0.02,2000,50,500,1000,125,125,120,125,0.0464505518149295,0.1998495522879327,0.064516129032258,4.78341935483871,2.5516774193548386,False,True,True,True,True,True,True,True,True,False,,True,21,5,2
Eryth,cellstate,25,0.75,0.02,2000,50,1000,2000,130,130,129,130,0.0224705618814831,0.308746610251635,0.1192605843768634,9.838103756708408,2.1631484794275493,False,True,True,True,True,True,True,True,True,False,,True,21,14,6
Eryth,cellstate,25,0.75,0.02,2000,75,100,198,118,118,83,100,0.1098173849525201,0.0271871254922102,0.014341590612777,0.3414457482254092,1.5509198899029408,False,True,True,True,True,True,True,True,True,False,,True,21,3,3
Eryth,cellstate,25,0.75,0.02,2000,75,250,495,142,142,117,139,0.1201059854736459,0.123475870892284,0.0247228049145939,1.5654280291679152,2.837328938168015,False,True,True,True,True,True,True,True,True,False,,True,22,4,4
Eryth,cellstate,25,0.75,0.02,2000,75,500,984,148,148,135,147,0.0625660640803142,0.1717285417166802,0.0452289023717595,3.6598179812465528,2.5925261996690567,False,True,True,True,True,True,True,True,True,False,,True,22,7,4
Eryth,cellstate,25,0.75,0.02,2000,75,1000,1988,151,151,148,151,0.0390231294399939,0.2497917873689495,0.0877704194260485,8.22719646799117,2.2852097130242828,False,True,True,True,True,True,True,True,True,False,,True,22,12,6
Eryth,cellstate,25,0.75,0.02,2000,100,100,196,117,117,79,99,0.1343134887090931,0.0687781354448021,0.0144414972001178,0.1618037135278514,0.5640288829944002,False,True,True,True,True,True,True,True,True,False,,True,22,3,3
Eryth,cellstate,25,0.75,0.02,2000,100,250,495,145,145,113,142,0.0896555176293358,0.1106437207147145,0.0237068965517241,1.3857758620689655,2.363793103448276,False,True,True,True,True,True,True,True,True,False,,True,22,3,3
Eryth,cellstate,25,0.75,0.02,2000,100,500,988,150,150,138,150,0.0704345327408433,0.1491976588662484,0.0442058165548098,3.6864429530201344,2.724876957494407,False,True,True,True,True,True,True,True,True,False,,True,22,5,3
Eryth,cellstate,25,0.75,0.02,2000,100,1000,1981,152,152,149,152,0.0351243911434657,0.2316884398393087,0.0863105611711397,8.229783896828163,2.289647960962008,False,True,True,True,True,True,True,True,True,False,,True,22,13,5
Eryth,cellstate,25,0.75,0.02,3000,10,100,200,38,38,37,38,0.0550575495715156,0.3163194648488766,0.1422475106685633,3.352062588904694,2.3229018492176388,False,True,True,True,False,True,True,True,True,False,,False,15,3,3
Eryth,cellstate,25,0.75,0.02,3000,10,250,490,38,38,38,38,-0.0147336817524741,0.6066637839147643,0.3485064011379801,9.33854907539118,1.7446657183499288,False,True,True,True,False,False,True,True,True,False,,False,13,9,4
Eryth,cellstate,25,0.75,0.02,3000,10,500,541,38,38,38,38,-0.0141788083541516,0.6656550030957943,0.3847795163584637,10.369132290184922,1.689900426742532,False,True,True,True,False,False,True,True,True,False,,False,13,9,3
Eryth,cellstate,25,0.75,0.02,3000,10,1000,533,38,38,38,38,-0.0096609509855543,0.6571410417096782,0.3790896159317212,10.248221906116642,1.6770981507823612,False,True,True,True,False,True,True,True,True,False,,False,15,11,5
Eryth,cellstate,25,0.75,0.02,3000,25,100,200,76,76,60,76,0.0575668674510783,0.1276750661619082,0.0350877192982456,1.0482456140350878,2.7975438596491227,False,True,True,True,True,True,True,True,True,False,,False,16,2,2
Eryth,cellstate,25,0.75,0.02,3000,25,250,500,77,77,69,77,0.0397621878715814,0.2274259000201821,0.0854408749145591,3.886705399863295,2.164388243335612,False,True,True,True,True,True,True,True,True,False,,False,16,3,2
Eryth,cellstate,25,0.75,0.02,3000,25,500,1000,79,79,76,79,0.0356011263197337,0.344233961637184,0.1622849724115546,8.726874391431354,1.937520285621552,False,True,True,True,True,True,True,True,True,False,,False,16,10,6
Eryth,cellstate,25,0.75,0.02,3000,25,1000,1730,77,77,77,77,-0.0032644440754248,0.577599365100664,0.2956254272043745,15.976589200273413,1.764354066985646,False,True,True,True,True,True,True,True,True,False,,False,16,13,5
Eryth,cellstate,25,0.75,0.02,3000,50,100,199,115,115,72,103,0.0722337842525147,0.0633504176982437,0.0151792524790236,0.3608695652173913,1.440045766590389,False,True,True,True,True,True,True,True,True,False,,True,20,2,2
Eryth,cellstate,25,0.75,0.02,3000,50,250,500,126,126,106,122,0.0388502048120143,0.119614733664564,0.0317460317460317,1.9612063492063487,2.873015873015873,False,True,True,True,True,True,True,True,True,False,,True,21,2,2
Eryth,cellstate,25,0.75,0.02,3000,50,500,1000,132,132,127,132,0.0356600184692589,0.1717834791834735,0.0578302105019662,4.50618783252371,2.693152903076568,False,True,True,True,True,True,True,True,True,False,,True,22,7,6
Eryth,cellstate,25,0.75,0.02,3000,50,1000,2000,132,132,130,132,0.0234672348303488,0.2859915190649035,0.1156604210039324,10.102590793430489,2.1168748554244736,False,True,True,True,True,True,True,True,True,False,,True,22,11,7
Eryth,cellstate,25,0.75,0.02,3000,75,100,198,128,128,83,108,0.0848648648648648,0.0474550189393939,0.0121801181102362,0.2690083661417323,1.7166584645669292,False,True,True,True,True,True,True,True,True,False,,True,22,3,3
Eryth,cellstate,25,0.75,0.02,3000,75,250,500,151,151,124,145,0.0816969731489787,0.1049954844600447,0.0220750551876379,1.4956291390728478,2.990242825607064,False,True,True,True,True,True,True,True,True,False,,True,22,3,3
Eryth,cellstate,25,0.75,0.02,3000,75,500,1000,153,153,140,152,0.057437690892004,0.1425294920616737,0.0429996560027519,3.715944272445821,2.707000343997248,False,True,True,True,True,True,True,True,True,False,,True,22,7,5
Eryth,cellstate,25,0.75,0.02,3000,75,1000,2000,152,152,148,152,0.0428312651965083,0.2306041701577069,0.0871383757406761,8.423361798536074,2.244205298013245,False,True,True,True,True,True,True,True,True,False,,True,22,9,6
Eryth,cellstate,25,0.75,0.02,3000,100,100,195,119,119,78,106,0.1097151205259313,0.0605842336934773,0.0138869106964819,0.2399230878792194,1.0551915681526849,False,True,True,True,True,True,True,True,True,False,,True,21,3,3
Eryth,cellstate,25,0.75,0.02,3000,100,250,500,154,154,127,149,0.0920617288088523,0.1010288109399524,0.0212206094559035,1.4967744673627026,3.096426449367626,False,True,True,True,True,True,True,True,True,False,,True,22,3,3
Eryth,cellstate,25,0.75,0.02,3000,100,500,1000,154,154,144,153,0.063917152756458,0.1445023092103109,0.0424412189118071,3.702656820303879,2.842373312961548,False,True,True,True,True,True,True,True,True,False,,True,22,7,5
Eryth,cellstate,25,0.75,0.02,3000,100,1000,1965,149,149,146,149,0.0448069821791629,0.2336605740088365,0.0891075639397787,8.426038454561944,2.262878650462543,False,True,True,True,True,True,True,True,True,False,,True,22,10,5
Eryth,cellstate,25,0.75,0.02,4000,10,100,200,38,38,36,38,0.0792943148910226,0.3008445501866554,0.1422475106685633,3.3776671408250354,2.20199146514936,False,True,True,True,False,False,True,True,True,False,,False,13,4,2
Eryth,cellstate,25,0.75,0.02,4000,10,250,500,38,38,38,38,0.0064124339048229,0.627045365117762,0.3556187766714082,9.65362731152205,1.7304409672830725,False,True,True,True,False,True,True,True,True,False,,False,14,9,6
Eryth,cellstate,25,0.75,0.02,4000,10,500,604,38,38,38,38,-0.0288574847883203,0.7355606501148644,0.4295874822190612,11.5049786628734,1.635846372688478,False,True,True,True,False,False,True,True,True,False,,False,13,9,4
Eryth,cellstate,25,0.75,0.02,4000,10,1000,606,38,38,38,38,-0.0277140038461363,0.7361144877023882,0.4310099573257468,11.554765291607398,1.628022759601707,False,True,True,True,False,False,True,True,True,False,,False,13,9,4
Eryth,cellstate,25,0.75,0.02,4000,25,100,200,75,75,59,71,0.081753411423741,0.1546312206312206,0.036036036036036,1.1807207207207209,2.434414414414414,False,True,True,True,True,True,True,True,True,False,,False,16,2,2
Eryth,cellstate,25,0.75,0.02,4000,25,250,500,77,77,73,77,0.0389127066115702,0.2298466157820425,0.0854408749145591,4.258373205741627,2.414388243335612,False,True,True,True,True,True,True,True,True,False,,False,16,5,5
Eryth,cellstate,25,0.75,0.02,4000,25,500,1000,77,77,76,77,0.01449497143239,0.3762493433072864,0.1708817498291182,8.923615857826384,1.9647983595352017,False,True,True,True,True,True,True,True,True,False,,False,16,9,4
Eryth,cellstate,25,0.75,0.02,4000,25,1000,1947,77,77,77,77,0.0005485402069555,0.6505114276924883,0.3327067669172932,18.2957963089542,1.7055707450444293,False,True,True,True,True,True,True,True,True,False,,False,16,15,8
Eryth,cellstate,25,0.75,0.02,4000,50,100,199,120,120,77,110,0.0672993477226281,0.0627146464646464,0.0139355742296918,0.1618347338935574,0.6636554621848739,False,True,True,True,True,True,True,True,True,False,,True,22,3,3
Eryth,cellstate,25,0.75,0.02,4000,50,250,500,128,128,105,128,0.0446246016688463,0.1209337753792708,0.030757874015748,1.82523375984252,2.9860359251968505,False,True,True,True,True,True,True,True,True,False,,True,21,2,2
Eryth,cellstate,25,0.75,0.02,4000,50,500,1000,130,130,124,130,0.0409835661695415,0.174080989437194,0.0596302921884317,4.682349433512224,2.5961836612999405,False,True,True,True,True,True,True,True,True,False,,True,22,7,6
Eryth,cellstate,25,0.75,0.02,4000,50,1000,2000,130,130,128,130,0.022801145460388,0.2909633829852205,0.1192605843768634,10.277340488968395,2.099940369707812,False,True,True,True,True,True,True,True,True,False,,True,22,11,8
Eryth,cellstate,25,0.75,0.02,4000,75,100,197,126,126,78,112,0.074609203798393,0.0498751689227879,0.0125079365079365,0.0704126984126984,0.1779047619047619,False,True,True,True,True,True,True,True,True,False,,True,22,3,3
Eryth,cellstate,25,0.75,0.02,4000,75,250,496,146,146,115,141,0.0722048791767834,0.0963244975263084,0.023429381199811,1.458478979688238,2.7621162021728862,False,True,True,True,True,True,True,True,True,False,,True,22,3,3
Eryth,cellstate,25,0.75,0.02,4000,75,500,992,153,153,141,153,0.0487903205982271,0.1295232119626607,0.0426556587547299,3.648692810457516,2.769865841073272,False,True,True,True,True,True,True,True,True,False,,True,22,7,6
Eryth,cellstate,25,0.75,0.02,4000,75,1000,1977,150,150,149,150,0.0412290692538118,0.2390313993755886,0.0884563758389261,8.361118568232662,2.3308724832214764,False,True,True,True,True,True,True,True,True,False,,True,22,10,5
Eryth,cellstate,25,0.75,0.02,4000,100,100,196,132,132,78,115,0.0933528122717312,0.0523700205518387,0.0113347212583853,0.0617626648160999,0.153944020356234,False,True,True,True,True,True,True,True,True,False,,True,22,3,3
Eryth,cellstate,25,0.75,0.02,4000,100,250,495,148,148,115,144,0.0717238987166146,0.1001926762956174,0.0227523441809156,1.4125758411472698,2.7259146902004043,False,True,True,True,True,True,True,True,True,False,,True,22,3,3
Eryth,cellstate,25,0.75,0.02,4000,100,500,991,150,150,139,150,0.0591262802711338,0.1437562097743679,0.0443400447427293,3.486666666666667,2.6672035794183446,False,True,True,True,True,True,True,True,True,False,,True,22,4,4
Eryth,cellstate,25,0.75,0.02,4000,100,1000,1981,154,154,151,154,0.0438470301638064,0.2228005582298037,0.0840760546642899,8.171717171717171,2.300229182582124,False,True,True,True,True,True,True,True,True,False,,True,22,9,6
Eryth,cellstate,25,0.75,0.03,2000,10,100,200,36,36,34,36,-0.0093906432308329,0.3885276139791103,0.1587301587301587,3.6746031746031744,2.0650793650793653,False,True,True,False,False,False,True,True,True,False,,True,14,3,1
Eryth,cellstate,25,0.75,0.03,2000,10,250,448,36,36,36,36,-0.0225390266299357,0.6029035630799984,0.3555555555555555,8.988888888888889,1.7253968253968257,False,True,True,False,False,False,True,True,True,False,,True,14,7,3
Eryth,cellstate,25,0.75,0.03,2000,10,500,428,36,36,36,36,-0.0139507574654749,0.5804836855873708,0.3396825396825397,8.561111111111112,1.7523809523809524,False,True,True,False,False,False,True,True,True,False,,True,14,7,4
Eryth,cellstate,25,0.75,0.03,2000,10,1000,449,36,36,36,36,-0.0228229023101285,0.6042402344533451,0.3563492063492063,9.016666666666667,1.7246031746031747,False,True,True,False,False,False,True,True,True,False,,True,14,8,4
Eryth,cellstate,25,0.75,0.03,2000,25,100,200,76,76,61,74,0.0633119473969804,0.1082108680792891,0.0350877192982456,1.1250877192982456,2.809824561403509,False,True,True,True,False,True,True,True,True,False,,True,16,3,2
Eryth,cellstate,25,0.75,0.03,2000,25,250,500,80,80,74,80,0.0728841326463205,0.2334815401891422,0.0791139240506329,3.710443037974684,2.402848101265823,False,True,True,True,False,True,True,True,True,False,,True,16,6,2
Eryth,cellstate,25,0.75,0.03,2000,25,500,1000,78,78,77,78,0.0512322341244836,0.3697542653205434,0.1665001665001665,8.743756243756243,2.0196470196470195,False,True,True,True,False,True,True,True,True,False,,True,16,8,2
Eryth,cellstate,25,0.75,0.03,2000,25,1000,1558,79,79,79,79,0.0150518057167123,0.5151988399471187,0.2528399870172022,13.721843557286595,1.839662447257384,False,True,True,True,False,True,True,True,True,False,,True,16,14,4
Eryth,cellstate,25,0.75,0.03,2000,50,100,199,104,104,76,97,0.1267879005046433,0.0208943833943833,0.0185772964899178,0.4848767737117251,2.027445855115758,False,True,True,True,True,True,True,True,True,False,,True,20,3,2
Eryth,cellstate,25,0.75,0.03,2000,50,250,500,128,128,108,126,0.1093437403816559,0.1092046832918542,0.030757874015748,1.9071727362204725,2.907972440944882,False,True,True,True,True,True,True,True,True,False,,True,21,3,2
Eryth,cellstate,25,0.75,0.03,2000,50,500,1000,126,126,118,126,0.0783746914802605,0.1993859946442819,0.0634920634920634,4.739492063492063,2.455301587301588,False,True,True,True,True,True,True,True,True,False,,True,21,8,2
Eryth,cellstate,25,0.75,0.03,2000,50,1000,2000,126,126,125,126,0.0354328307039776,0.3105784135093742,0.1269841269841269,10.400380952380951,2.113460317460317,False,True,True,True,True,True,True,True,True,False,,True,21,11,4
Eryth,cellstate,25,0.75,0.03,2000,75,100,196,108,108,74,103,0.1805186571670088,0.0161982050870939,0.0169608861197646,0.3822256836275527,1.5064035998615437,False,True,True,True,True,True,True,True,True,False,,True,20,3,2
Eryth,cellstate,25,0.75,0.03,2000,75,250,495,145,145,116,139,0.1048241835695825,0.0766613243937894,0.0237068965517241,1.4696360153256705,2.709386973180077,False,True,True,True,True,True,True,True,True,False,,True,22,4,2
Eryth,cellstate,25,0.75,0.03,2000,75,500,973,149,149,140,148,0.0816029041362734,0.162650059298349,0.0441229820424451,3.6812987484128414,2.7748050063486307,False,True,True,True,True,True,True,True,True,False,,True,22,7,2
Eryth,cellstate,25,0.75,0.03,2000,75,1000,1946,150,150,148,150,0.0421179728416508,0.2355859459848076,0.087069351230425,8.251767337807607,2.300357941834452,False,True,True,True,True,True,True,True,True,False,,True,22,10,4
Eryth,cellstate,25,0.75,0.03,2000,100,100,196,111,111,75,107,0.1440737462226428,0.0145821645821645,0.016052416052416,0.4628992628992629,2.121048321048321,False,True,True,True,True,True,True,True,True,False,,True,20,3,2
Eryth,cellstate,25,0.75,0.03,2000,100,250,491,144,144,115,142,0.1127077742669927,0.0925651155603733,0.0238442113442113,1.5176767676767675,2.69740675990676,False,True,True,True,True,True,True,True,True,False,,True,21,3,2
Eryth,cellstate,25,0.75,0.03,2000,100,500,976,151,151,141,150,0.08192542587471,0.1590119644881459,0.0430905077262693,3.6567328918322297,2.781456953642384,False,True,True,True,True,True,True,True,True,False,,True,22,7,2
Eryth,cellstate,25,0.75,0.03,2000,100,1000,1963,151,151,149,150,0.0347209575878735,0.2382942836407363,0.0866666666666666,8.188123620309051,2.288918322295806,False,True,True,True,True,True,True,True,True,False,,True,22,10,3
Eryth,cellstate,25,0.75,0.03,3000,10,100,200,36,36,33,36,0.0599173553719008,0.3427570033929684,0.1587301587301587,3.765079365079365,1.988095238095238,False,True,True,False,False,False,True,True,True,False,,False,11,3,1
Eryth,cellstate,25,0.75,0.03,3000,10,250,500,36,36,36,36,-4.622222222222614e-05,0.6347652301977131,0.3968253968253968,10.562698412698412,1.6468253968253967,False,True,True,False,False,False,True,True,True,False,,False,12,5,2
Eryth,cellstate,25,0.75,0.03,3000,10,500,585,36,36,36,36,-0.0061029793940613,0.7088122400786951,0.4642857142857143,12.561904761904762,1.5682539682539682,False,True,True,False,False,False,True,True,True,False,,False,11,7,3
Eryth,cellstate,25,0.75,0.03,3000,10,1000,532,36,36,36,36,-0.0156716938753497,0.6735232931643624,0.4222222222222222,11.174603174603174,1.615873015873016,False,True,True,False,False,False,True,True,True,False,,False,12,7,4
Eryth,cellstate,25,0.75,0.03,3000,25,100,200,78,78,57,76,0.0620203648959359,0.0927743489960684,0.0333000333000333,1.1283716283716283,2.631535131535132,False,True,True,True,False,True,True,True,True,False,,True,16,3,2
Eryth,cellstate,25,0.75,0.03,3000,25,250,500,79,79,76,79,0.0802580069137611,0.2068933815114791,0.0811424862057773,4.089419019798767,2.472573839662448,False,True,True,True,False,True,True,True,True,False,,True,16,5,2
Eryth,cellstate,25,0.75,0.03,3000,25,500,1000,79,79,78,79,0.0352891821148122,0.3481042659489386,0.1622849724115546,8.856864654333009,2.016066212268744,False,True,True,True,False,True,True,True,True,False,,True,16,8,2
Eryth,cellstate,25,0.75,0.03,3000,25,1000,1893,79,79,79,79,0.0121094734189972,0.5644615448948458,0.307205452775073,17.639240506329113,1.7280103862382343,False,True,True,True,False,True,True,True,True,False,,True,16,13,4
Eryth,cellstate,25,0.75,0.03,3000,50,100,199,110,110,73,101,0.0952373995617239,0.0669627846900574,0.0165971643035863,0.4724770642201835,2.1472894078398665,False,True,True,True,True,True,True,True,True,False,,True,20,3,2
Eryth,cellstate,25,0.75,0.03,3000,50,250,500,128,128,108,127,0.0777086689048884,0.1236242765224619,0.030757874015748,2.006336122047244,2.8914247047244093,False,True,True,True,True,True,True,True,True,False,,True,21,3,2
Eryth,cellstate,25,0.75,0.03,3000,50,500,1000,129,129,124,129,0.0595971816411005,0.1793210684680493,0.0605620155038759,4.663941375968992,2.589450096899225,False,True,True,True,True,True,True,True,True,False,,True,21,8,2
Eryth,cellstate,25,0.75,0.03,3000,50,1000,2000,129,129,128,129,0.0288024981521314,0.2986644639188057,0.1211240310077519,10.25750968992248,2.120033914728682,False,True,True,True,True,True,True,True,True,False,,True,20,9,3
Eryth,cellstate,25,0.75,0.03,3000,75,100,193,112,112,75,99,0.1097968228207608,0.0515956761492475,0.015524453024453,0.3527992277992278,1.8553732303732304,False,True,True,True,True,True,True,True,True,False,,True,21,4,3
Eryth,cellstate,25,0.75,0.03,3000,75,250,489,146,146,115,145,0.1188057063502083,0.0849730088809719,0.0230987246102975,1.490930562116202,2.7863958431743034,False,True,True,True,True,True,True,True,True,False,,True,21,4,3
Eryth,cellstate,25,0.75,0.03,3000,75,500,981,150,150,140,150,0.0820966870349586,0.1384633089415369,0.0438926174496644,3.823400447427293,2.789485458612976,False,True,True,True,True,True,True,True,True,False,,True,22,8,3
Eryth,cellstate,25,0.75,0.03,3000,75,1000,1963,149,149,149,149,0.0472424382230424,0.2343932025686319,0.0890168692182115,8.584754217304553,2.3203337565753674,False,True,True,True,True,True,True,True,True,False,,True,22,9,3
Eryth,cellstate,25,0.75,0.03,3000,100,100,195,116,116,77,103,0.1167241537193614,0.0469329999502413,0.0146176911544227,0.2697151424287856,1.3475262368815593,False,True,True,True,True,True,True,True,True,False,,True,21,4,3
Eryth,cellstate,25,0.75,0.03,3000,100,250,489,147,147,116,146,0.1144222337372449,0.0837872103504672,0.0227844562482527,1.3958158605908118,2.67393532755568,False,True,True,True,True,True,True,True,True,False,,True,21,4,3
Eryth,cellstate,25,0.75,0.03,3000,100,500,982,152,152,144,151,0.080964905319563,0.1369963172809413,0.042784942488672,3.7521348902056464,2.8517340536772395,False,True,True,True,True,True,True,True,True,False,,True,22,10,3
Eryth,cellstate,25,0.75,0.03,3000,100,1000,1955,150,150,150,150,0.0347640920322349,0.2284626595631534,0.0874720357941834,8.450425055928411,2.33324384787472,False,True,True,True,True,True,True,True,True,False,,True,22,9,3
Eryth,cellstate,25,0.75,0.03,4000,10,100,200,36,36,34,36,0.0459247839668952,0.3246153050977612,0.1587301587301587,3.806349206349206,2.0793650793650795,False,True,True,False,False,False,True,True,True,False,,False,11,3,1
Eryth,cellstate,25,0.75,0.03,4000,10,250,500,36,36,36,36,0.00278518497222,0.6416655012992636,0.3968253968253968,10.52936507936508,1.665873015873016,False,True,True,False,False,False,True,True,True,False,,False,11,5,2
Eryth,cellstate,25,0.75,0.03,4000,10,500,619,37,37,37,37,-0.0104021253471802,0.734977202300812,0.4647147147147147,12.771771771771771,1.5645645645645645,False,True,True,False,False,False,True,True,True,False,,False,11,7,4
Eryth,cellstate,25,0.75,0.03,4000,10,1000,607,36,36,36,36,-0.0118383570031288,0.7426688710696031,0.4817460317460317,12.93968253968254,1.5484126984126985,False,True,True,False,False,False,True,True,True,False,,False,11,7,3
Eryth,cellstate,25,0.75,0.03,4000,25,100,200,77,77,60,73,0.0527623456790123,0.1479204353917875,0.0341763499658236,1.128673957621326,2.727956254272044,False,True,True,True,False,True,True,True,True,False,,True,16,3,2
Eryth,cellstate,25,0.75,0.03,4000,25,250,500,78,78,74,78,0.0732010801940871,0.2118778004078075,0.0832500832500832,4.119047619047619,2.4505494505494507,False,True,True,True,False,True,True,True,True,False,,True,16,6,2
Eryth,cellstate,25,0.75,0.03,4000,25,500,1000,78,78,78,78,0.0295257256235661,0.3450979037998131,0.1665001665001665,9.014485514485514,2.049117549117549,False,True,True,True,False,True,True,True,True,False,,True,16,8,3
Eryth,cellstate,25,0.75,0.03,4000,25,1000,2000,78,78,78,78,0.0031664568341454,0.6121718819841272,0.333000333000333,18.947052947052946,1.6923076923076923,False,True,True,True,False,True,True,True,True,False,,True,16,13,5
Eryth,cellstate,25,0.75,0.03,4000,50,100,199,111,111,77,104,0.1123811679492983,0.0396318396318396,0.0162981162981162,0.4876330876330876,2.552088452088452,False,True,True,True,True,True,True,True,True,False,,False,18,3,2
Eryth,cellstate,25,0.75,0.03,4000,50,250,500,126,126,110,126,0.0865064605723946,0.1091475352848894,0.0317460317460317,2.0539682539682538,2.933904761904762,False,True,True,True,True,True,True,True,True,False,,True,20,4,2
Eryth,cellstate,25,0.75,0.03,4000,50,500,1000,127,127,120,127,0.0607133402683787,0.1822483684191162,0.0624921884764404,4.8163354580677415,2.539307586551681,False,True,True,True,True,True,True,True,True,False,,True,21,7,2
Eryth,cellstate,25,0.75,0.03,4000,50,1000,2000,127,127,127,127,0.026185047512752,0.2881231544351428,0.1249843769528809,10.812710911136108,2.128108986376703,False,True,True,True,True,True,True,True,True,False,,True,21,8,2
Eryth,cellstate,25,0.75,0.03,4000,75,100,196,119,119,78,105,0.1657852447041636,0.033948964201065,0.0139581256231306,0.2183449651046859,0.8884774248682524,False,True,True,True,True,True,True,True,True,False,,False,19,2,2
Eryth,cellstate,25,0.75,0.03,4000,75,250,485,148,148,122,147,0.0917726428739445,0.0803948688388047,0.0222927008641294,1.491588527302813,3.390696819268248,False,True,True,True,True,True,True,True,True,False,,True,22,4,3
Eryth,cellstate,25,0.75,0.03,4000,75,500,970,148,148,140,148,0.0657421591654308,0.1333171764026814,0.0445854017282588,3.8946037874609294,2.888858246001103,False,True,True,True,True,True,True,True,True,False,,True,22,8,3
Eryth,cellstate,25,0.75,0.03,4000,75,1000,1938,148,148,147,148,0.0418477875422578,0.2257343463306401,0.0890788747931605,8.589308696451553,2.315039529325244,False,True,True,True,True,True,True,True,True,False,,True,22,8,3
Eryth,cellstate,25,0.75,0.03,4000,100,100,199,123,123,82,108,0.1813037573562698,0.0235594577057991,0.0132613621218179,0.2375049980007997,1.022724243635879,False,True,True,True,True,True,True,True,True,False,,False,19,2,2
Eryth,cellstate,25,0.75,0.03,4000,100,250,485,149,149,119,146,0.1093546162965461,0.076820409586953,0.0219934699800471,1.4484853981498276,3.160348267730818,False,True,True,True,True,True,True,True,True,False,,True,22,4,3
Eryth,cellstate,25,0.75,0.03,4000,100,500,971,149,149,141,149,0.0708308266617304,0.1329883013371017,0.0440322873208779,3.796299655360058,2.8467712679122075,False,True,True,True,True,True,True,True,True,False,,True,22,8,3
Eryth,cellstate,25,0.75,0.03,4000,100,1000,1938,149,149,148,149,0.035098559115468,0.2198745491532757,0.0878831851986214,8.556865590422637,2.324278976963541,False,True,True,True,True,True,True,True,True,False,,True,22,8,3
Eryth,cellstate,25,0.9,0.005,2000,10,100,199,32,32,32,30,0.0023323418063818,0.4702416866866363,0.2006048387096774,3.6774193548387095,2.0221774193548385,False,True,True,False,False,True,True,True,True,False,,False,10,3,3
Eryth,cellstate,25,0.9,0.005,2000,10,250,222,32,32,32,30,-0.0112528239297663,0.567481295901381,0.2237903225806451,4.065524193548387,1.91733870967742,False,True,True,False,False,True,True,True,True,False,,False,10,3,3
Eryth,cellstate,25,0.9,0.005,2000,10,500,217,32,32,32,30,-0.0107050341749633,0.5640845775956069,0.21875,3.796370967741936,1.9445564516129032,False,True,True,False,False,True,True,True,True,False,,False,10,3,3
Eryth,cellstate,25,0.9,0.005,2000,10,1000,217,32,32,32,30,-0.0107050341749633,0.5640845775956069,0.21875,3.796370967741936,1.9445564516129032,False,True,True,False,False,True,True,True,True,False,,False,10,3,3
Eryth,cellstate,25,0.9,0.005,2000,25,100,200,65,65,58,63,0.0425100081184737,0.1807948237098034,0.048076923076923,1.5540865384615383,3.1641826923076923,False,True,True,True,False,True,True,True,True,False,,False,15,1,1
Eryth,cellstate,25,0.9,0.005,2000,25,250,500,67,67,65,66,-0.001775147928994,0.3630977710847229,0.1130710085933966,4.22636815920398,2.347806422433288,False,True,True,True,False,True,True,True,True,False,,False,15,4,3
Eryth,cellstate,25,0.9,0.005,2000,25,500,671,67,67,67,67,-0.0263602071823576,0.4216248770966831,0.1517412935323383,5.903889642695613,2.2469470827679783,False,True,True,True,False,True,True,True,True,False,,False,15,4,3
Eryth,cellstate,25,0.9,0.005,2000,25,1000,663,67,67,67,67,-0.0254249999999999,0.425351463549612,0.1499321573948439,5.775667118950701,2.254862053369516,False,True,True,True,False,True,True,True,True,False,,False,15,4,3
Eryth,cellstate,25,0.9,0.005,2000,50,100,196,95,95,67,80,0.027571865097329,0.1214589504063188,0.0219484882418813,0.6124300111982083,1.9632698768197088,False,True,True,True,True,True,True,True,True,False,,False,19,1,1
Eryth,cellstate,25,0.9,0.005,2000,50,250,499,107,107,93,104,0.0095401662049861,0.2002463079097736,0.0439957679421618,2.2566566743078824,2.62237700581908,False,True,True,True,True,True,True,True,True,False,,True,20,1,1
Eryth,cellstate,25,0.9,0.005,2000,50,500,999,111,111,103,107,-0.0090365752523663,0.32176573537917,0.0818181818181818,4.693857493857494,2.2604422604422605,False,True,True,True,True,True,True,True,True,False,,True,20,4,3
Eryth,cellstate,25,0.9,0.005,2000,50,1000,1400,111,111,111,111,-0.0058883768561187,0.3848868122040406,0.1146601146601146,7.024242424242424,2.345945945945946,False,True,True,True,True,True,True,True,True,False,,True,20,7,4
Eryth,cellstate,25,0.9,0.005,2000,75,100,199,105,105,77,88,-0.0182555236382185,0.0958667787239215,0.0182234432234432,0.4414835164835164,2.132967032967033,False,True,True,True,False,True,True,True,True,False,,False,18,1,1
Eryth,cellstate,25,0.9,0.005,2000,75,250,498,125,125,105,119,0.0141992187499999,0.1535875680611284,0.0321290322580645,1.7356774193548388,2.6556129032258062,False,True,True,True,True,True,True,True,True,False,,False,20,1,1
Eryth,cellstate,25,0.9,0.005,2000,75,500,992,129,129,118,127,0.0056576853675936,0.2360088169270094,0.0600775193798449,3.905826065891473,2.555838178294574,False,True,True,True,True,True,True,True,True,False,,True,21,2,2
Eryth,cellstate,25,0.9,0.005,2000,75,1000,1774,130,130,130,130,-0.0094178863272035,0.3554147223816208,0.1057841383422778,7.440906380441264,2.3909958258795467,False,True,True,True,True,True,True,True,True,False,,True,21,7,5
Eryth,cellstate,25,0.9,0.005,2000,100,100,199,105,105,77,88,-0.0014631265268866,0.0820415034700748,0.0182234432234432,0.4610805860805861,2.177747252747253,False,True,True,True,False,True,True,True,True,False,,False,18,1,1
Eryth,cellstate,25,0.9,0.005,2000,100,250,497,124,124,100,118,0.0440156292547144,0.1663832085238058,0.0325858903750327,1.7254130605822189,2.4773144505638607,False,True,True,True,True,True,True,True,True,False,,True,21,1,1
Eryth,cellstate,25,0.9,0.005,2000,100,500,991,127,127,116,123,0.0074118589743589,0.2682119839974354,0.0619297587801524,3.90994875640545,2.417572803399575,False,True,True,True,True,True,True,True,True,False,,True,21,3,2
Eryth,cellstate,25,0.9,0.005,2000,100,1000,1774,130,130,130,130,-0.0058459716085906,0.3554147223816207,0.1057841383422778,7.440906380441264,2.3909958258795467,False,True,True,True,True,True,True,True,True,False,,True,21,7,5
Eryth,cellstate,25,0.9,0.005,3000,10,100,199,32,32,32,30,0.0030949693922916,0.4654341474121854,0.2006048387096774,3.668346774193549,2.021169354838709,False,True,True,False,False,True,True,True,True,False,,False,10,3,3
Eryth,cellstate,25,0.9,0.005,3000,10,250,217,32,32,32,30,-0.0107050341749633,0.5640845775956069,0.21875,3.796370967741936,1.9445564516129032,False,True,True,False,False,True,True,True,True,False,,False,10,3,3
Eryth,cellstate,25,0.9,0.005,3000,10,500,222,32,32,32,30,-0.0112528239297663,0.5674812959013811,0.2237903225806451,4.065524193548387,1.91733870967742,False,True,True,False,False,True,True,True,True,False,,False,10,3,3
Eryth,cellstate,25,0.9,0.005,3000,10,1000,217,32,32,32,30,-0.0107050341749633,0.5640845775956069,0.21875,3.796370967741936,1.9445564516129032,False,True,True,False,False,True,True,True,True,False,,False,10,3,3
Eryth,cellstate,25,0.9,0.005,3000,25,100,200,65,65,58,63,0.0406094182825484,0.1782307211457009,0.048076923076923,1.5663461538461538,3.168269230769231,False,True,True,True,False,True,True,True,True,False,,False,15,1,1
Eryth,cellstate,25,0.9,0.005,3000,25,250,500,67,67,65,66,-0.0051361957525392,0.3537778524828686,0.1130710085933966,4.234961555857078,2.347127996381728,False,True,True,True,False,True,True,True,True,False,,False,15,4,3
Eryth,cellstate,25,0.9,0.005,3000,25,500,663,67,67,67,67,-0.0254249999999999,0.425351463549612,0.1499321573948439,5.775667118950701,2.254862053369516,False,True,True,True,False,True,True,True,True,False,,False,15,4,3
Eryth,cellstate,25,0.9,0.005,3000,25,1000,658,66,66,66,66,-0.0389201463070882,0.4198654825929055,0.1533799533799534,5.730769230769231,2.265734265734266,False,True,True,True,False,True,True,True,True,False,,False,15,4,3
Eryth,cellstate,25,0.9,0.005,3000,50,100,200,94,94,66,81,0.0313449435763888,0.1248898560068773,0.022878059940517,0.6559139784946236,2.1091283459162664,False,True,True,True,True,True,True,True,True,False,,False,19,1,1
Eryth,cellstate,25,0.9,0.005,3000,50,250,499,107,107,93,104,0.0096110803324099,0.1982708425441269,0.0439957679421618,2.258420031740434,2.653412096631987,False,True,True,True,True,True,True,True,True,False,,True,20,1,1
Eryth,cellstate,25,0.9,0.005,3000,50,500,998,111,111,103,107,-0.0074050332629131,0.3216804077265836,0.0817362817362817,4.685012285012285,2.263144963144963,False,True,True,True,True,True,True,True,True,False,,True,20,4,3
Eryth,cellstate,25,0.9,0.005,3000,50,1000,1397,113,113,113,113,0.0027249826099401,0.364346299838673,0.110382427307206,6.741545512010114,2.401311630847029,False,True,True,True,True,True,True,True,True,False,,True,19,7,5
Eryth,cellstate,25,0.9,0.005,3000,75,100,195,101,101,73,85,0.0420760896951372,0.0904881696960904,0.0193069306930693,0.4423762376237624,1.8504950495049504,False,True,True,True,True,True,True,True,True,False,,False,19,1,1
Eryth,cellstate,25,0.9,0.005,3000,75,250,498,125,125,105,119,0.0272989570303476,0.1433236175559233,0.0321290322580645,1.7447741935483871,2.6449032258064515,False,True,True,True,True,True,True,True,True,False,,False,20,1,1
Eryth,cellstate,25,0.9,0.005,3000,75,500,991,127,127,117,123,-0.0023896447969368,0.2635166198674344,0.0619297587801524,3.926446694163229,2.467629046369204,False,True,True,True,True,True,True,True,True,False,,True,21,2,2
Eryth,cellstate,25,0.9,0.005,3000,75,1000,1774,130,130,130,130,-0.0094178863272035,0.3554147223816207,0.1057841383422778,7.440906380441264,2.3909958258795467,False,True,True,True,True,True,True,True,True,False,,True,21,7,5
Eryth,cellstate,25,0.9,0.005,3000,100,100,199,104,104,77,87,-0.0088056055196112,0.0860876836838375,0.0185772964899178,0.4543502613890963,2.1804518297236744,False,True,True,True,False,True,True,True,True,False,,False,18,1,1
Eryth,cellstate,25,0.9,0.005,3000,100,250,497,124,124,100,118,0.041701352417397,0.1672501642836438,0.0325858903750327,1.7051534225019669,2.456202465250459,False,True,True,True,True,True,True,True,True,False,,True,21,1,1
Eryth,cellstate,25,0.9,0.005,3000,100,500,992,129,129,117,127,0.0059193433936733,0.2435584219593036,0.0600775193798449,3.902797965116279,2.530704941860465,False,True,True,True,True,True,True,True,True,False,,True,21,2,2
Eryth,cellstate,25,0.9,0.005,3000,100,1000,1734,127,127,127,127,-0.0016254247640645,0.374345956071978,0.1083614548181477,7.569303837020373,2.3587051618547683,False,True,True,True,True,True,True,True,True,False,,True,21,7,4
Eryth,cellstate,25,0.9,0.005,4000,10,100,199,32,32,31,30,0.0037789405287096,0.470221397163638,0.2006048387096774,3.602822580645161,1.9223790322580645,False,True,True,False,False,True,True,True,True,False,,False,10,3,3
Eryth,cellstate,25,0.9,0.005,4000,10,250,217,32,32,32,30,-0.0107050341749633,0.5640845775956069,0.21875,3.796370967741936,1.9445564516129032,False,True,True,False,False,True,True,True,True,False,,False,10,3,3
Eryth,cellstate,25,0.9,0.005,4000,10,500,222,32,32,32,30,-0.0112528239297663,0.5674812959013811,0.2237903225806451,4.065524193548387,1.91733870967742,False,True,True,False,False,True,True,True,True,False,,False,10,3,3
Eryth,cellstate,25,0.9,0.005,4000,10,1000,217,32,32,32,30,-0.0107050341749633,0.5640845775956069,0.21875,3.796370967741936,1.9445564516129032,False,True,True,False,False,True,True,True,True,False,,False,10,3,3
Eryth,cellstate,25,0.9,0.005,4000,25,100,200,64,64,54,63,0.014753226393438,0.1827830155955155,0.0496031746031746,1.597470238095238,2.939236111111111,False,True,True,True,False,True,True,True,True,False,,False,15,1,1
Eryth,cellstate,25,0.9,0.005,4000,25,250,500,66,66,63,65,-0.0251592265593714,0.3401877107037246,0.1165501165501165,4.292540792540793,2.2815850815850816,False,True,True,True,False,True,True,True,True,False,,False,15,4,3
Eryth,cellstate,25,0.9,0.005,4000,25,500,663,67,67,67,67,-0.0254249999999999,0.425351463549612,0.1499321573948439,5.775667118950701,2.254862053369516,False,True,True,True,False,True,True,True,True,False,,False,15,4,3
Eryth,cellstate,25,0.9,0.005,4000,25,1000,658,66,66,66,66,-0.0389201463070882,0.4198654825929055,0.1533799533799534,5.730769230769231,2.265734265734266,False,True,True,True,False,True,True,True,True,False,,False,15,4,3
Eryth,cellstate,25,0.9,0.005,4000,50,100,200,94,94,67,84,-0.0111768573307034,0.1208444038231272,0.022878059940517,0.6842827728208648,1.9710592541752456,False,True,True,True,True,True,True,True,True,False,,False,17,1,1
Eryth,cellstate,25,0.9,0.005,4000,50,250,500,107,107,92,104,0.0117399901136925,0.1916420717544769,0.0440839358137894,2.244665843766532,2.5919590901075646,False,True,True,True,True,True,True,True,True,False,,True,20,1,1
Eryth,cellstate,25,0.9,0.005,4000,50,500,999,111,111,103,108,-0.0090949126369069,0.3203490921505537,0.0818181818181818,4.685995085995086,2.2900900900900902,False,True,True,True,True,True,True,True,True,False,,True,20,4,3
Eryth,cellstate,25,0.9,0.005,4000,50,1000,1391,110,110,110,110,-0.0091829465460098,0.3882830110861238,0.1160133444537114,7.053461217681401,2.334028356964137,False,True,True,True,True,True,True,True,True,False,,True,20,7,4
Eryth,cellstate,25,0.9,0.005,4000,75,100,195,100,100,73,84,0.0462333081380699,0.0912314352314352,0.0196969696969696,0.452020202020202,1.83989898989899,False,True,True,True,True,True,True,True,True,False,,False,19,1,1
Eryth,cellstate,25,0.9,0.005,4000,75,250,497,123,123,99,117,0.0267078993055555,0.168168801477674,0.0331200852992136,1.729908036785286,2.442889510862322,False,True,True,True,True,True,True,True,True,False,,True,21,1,1
Eryth,cellstate,25,0.9,0.005,4000,75,500,992,129,129,118,127,0.0031926210955183,0.2459092018131655,0.0600775193798449,3.897407945736434,2.5545058139534884,False,True,True,True,True,True,True,True,True,False,,True,21,2,2
Eryth,cellstate,25,0.9,0.005,4000,75,1000,1718,126,126,126,126,-0.0024045637153997,0.375238980853119,0.109079365079365,7.546222222222222,2.3605079365079367,False,True,True,True,True,True,True,True,True,False,,True,21,7,4
Eryth,cellstate,25,0.9,0.005,4000,100,100,195,102,102,73,86,0.0578371266201953,0.0960275563216739,0.0189283634245777,0.4298194525334886,1.833042127742186,False,True,True,True,True,True,True,True,True,False,,False,19,1,1
Eryth,cellstate,25,0.9,0.005,4000,100,250,498,125,125,106,119,0.0242262092573942,0.1461001779692316,0.0321290322580645,1.760967741935484,2.718387096774193,False,True,True,True,True,True,True,True,True,False,,False,20,1,1
Eryth,cellstate,25,0.9,0.005,4000,100,500,991,127,127,117,123,0.0094697577594468,0.263214664471148,0.0619297587801524,3.934820647419073,2.4511936007999,False,True,True,True,True,True,True,True,True,False,,True,21,3,2
Eryth,cellstate,25,0.9,0.005,4000,100,1000,1774,130,130,130,130,-0.0064270209293603,0.3554147223816207,0.1057841383422778,7.440906380441264,2.3909958258795467,False,True,True,True,True,True,True,True,True,False,,True,21,7,5
Eryth,cellstate,25,0.9,0.01,2000,10,100,200,34,34,33,34,-0.0017175320385784,0.377929633247426,0.17825311942959,3.939393939393939,2.121212121212121,False,True,True,True,False,True,True,True,True,False,,False,12,4,2
Eryth,cellstate,25,0.9,0.01,2000,10,250,361,34,34,34,34,-0.0116308867895956,0.6525172266584811,0.32174688057041,7.264705882352941,1.8128342245989304,False,True,True,True,False,True,True,True,True,False,,False,12,4,2
Eryth,cellstate,25,0.9,0.01,2000,10,500,361,34,34,34,34,-0.0116308867895956,0.6525172266584811,0.32174688057041,7.264705882352941,1.8128342245989304,False,True,True,True,False,True,True,True,True,False,,False,12,4,2
Eryth,cellstate,25,0.9,0.01,2000,10,1000,361,34,34,34,34,-0.0116308867895956,0.6525172266584811,0.32174688057041,7.264705882352941,1.8128342245989304,False,True,True,True,False,True,True,True,True,False,,False,12,4,2
Eryth,cellstate,25,0.9,0.01,2000,25,100,200,70,70,56,69,-0.008521833624067,0.1351896842653145,0.041407867494824,1.4076604554865424,2.8507246376811595,False,True,True,True,True,True,True,True,True,False,,False,16,1,1
Eryth,cellstate,25,0.9,0.01,2000,25,250,500,70,70,67,70,-0.004347105306784,0.3024937196985442,0.10351966873706,4.343478260869565,2.2993788819875776,False,True,True,True,True,True,True,True,True,False,,False,16,5,3
Eryth,cellstate,25,0.9,0.01,2000,25,500,978,70,70,70,70,-0.0246554464528585,0.5078012603331661,0.2024844720496894,8.7527950310559,2.015527950310559,False,True,True,True,True,True,True,True,True,False,,False,16,5,3
Eryth,cellstate,25,0.9,0.01,2000,25,1000,1020,70,70,70,70,-0.0226641975308642,0.5230008851399139,0.2111801242236025,9.136438923395444,1.988198757763976,False,True,True,True,True,True,True,True,True,False,,False,16,5,3
Eryth,cellstate,25,0.9,0.01,2000,50,100,199,103,103,71,96,0.0296884185773074,0.0613522399930166,0.0189415572054064,0.6978869217589948,2.661146011802779,False,True,True,True,True,True,True,True,True,False,,True,18,1,1
Eryth,cellstate,25,0.9,0.01,2000,50,250,500,120,120,100,119,0.0195973700324946,0.138088866396512,0.0350140056022409,1.9992296918767507,2.6366946778711484,False,True,True,True,True,True,True,True,True,False,,True,19,3,3
Eryth,cellstate,25,0.9,0.01,2000,50,500,1000,119,119,111,119,0.0119223985890652,0.2341778220339105,0.0712149266486255,4.695200113943883,2.419028628400513,False,True,True,True,True,True,True,True,True,False,,True,19,5,3
Eryth,cellstate,25,0.9,0.01,2000,50,1000,2000,121,121,121,121,-0.0048980251320128,0.3826575445409392,0.1377410468319559,10.128581267217632,2.1391873278236915,False,True,True,True,True,True,True,True,True,False,,True,19,5,3
Eryth,cellstate,25,0.9,0.01,2000,75,100,198,113,113,79,97,0.0693351800554016,0.0509909461236894,0.0156447534766118,0.3825853350189633,1.7752844500632112,False,True,True,True,True,True,True,True,True,False,,True,20,2,2
Eryth,cellstate,25,0.9,0.01,2000,75,250,497,136,136,115,131,0.0540254237288135,0.1025252680160315,0.0270697167755991,1.6482026143790849,2.8161220043572985,False,True,True,True,True,True,True,True,True,False,,True,21,2,2
Eryth,cellstate,25,0.9,0.01,2000,75,500,991,141,141,130,141,0.0293507313151407,0.1846198678079502,0.0502026342451874,3.763981762917933,2.5933637284701114,False,True,True,True,True,True,True,True,True,False,,True,21,5,3
Eryth,cellstate,25,0.9,0.01,2000,75,1000,1982,142,142,141,142,0.0148558532009861,0.3031050870537108,0.0989911097792428,8.404005593846769,2.30621316551793,False,True,True,True,True,True,True,True,True,False,,True,21,5,3
Eryth,cellstate,25,0.9,0.01,2000,100,100,196,113,113,81,98,0.0299694014698733,0.0545231071779744,0.0154867256637168,0.4796934260429835,2.2394911504424777,False,True,True,True,True,True,True,True,True,False,,True,21,1,1
Eryth,cellstate,25,0.9,0.01,2000,100,250,493,139,139,111,132,0.0267703246193622,0.0913830405596098,0.0257011781878844,1.519705974350954,2.554738817641539,False,True,True,True,True,True,True,True,True,False,,True,21,2,2
Eryth,cellstate,25,0.9,0.01,2000,100,500,984,142,142,132,141,0.0093986233383369,0.1626902681042646,0.0491459394665867,3.742932773948656,2.6182699031065826,False,True,True,True,True,True,True,True,True,False,,True,21,3,2
Eryth,cellstate,25,0.9,0.01,2000,100,1000,1977,142,142,141,142,0.0012843945630261,0.2965066274345486,0.0987413844770752,8.384826690640296,2.316352012785936,False,True,True,True,True,True,True,True,True,False,,True,21,4,2
Eryth,cellstate,25,0.9,0.01,3000,10,100,200,34,34,33,34,0.0118906064209274,0.3870814675722707,0.17825311942959,3.8877005347593583,2.122103386809269,False,True,True,True,False,True,True,True,True,False,,False,12,5,3
Eryth,cellstate,25,0.9,0.01,3000,10,250,371,34,34,34,34,-0.0086277777777777,0.6696847395509142,0.3306595365418895,7.422459893048129,1.7985739750445633,False,True,True,True,False,True,True,True,True,False,,False,12,5,3
Eryth,cellstate,25,0.9,0.01,3000,10,500,371,34,34,34,34,-0.0086277777777777,0.6696847395509142,0.3306595365418895,7.422459893048129,1.7985739750445633,False,True,True,True,False,True,True,True,True,False,,False,12,5,3
Eryth,cellstate,25,0.9,0.01,3000,10,1000,378,34,34,34,32,-0.0074938186887995,0.6604863715305853,0.3368983957219251,6.9171122994652405,1.6506238859180036,False,True,True,False,True,True,True,True,True,False,,False,13,4,3
Eryth,cellstate,25,0.9,0.01,3000,25,100,200,70,70,55,69,-0.0016872086705367,0.1863287133035032,0.041407867494824,1.396687370600414,2.832505175983437,False,True,True,True,True,True,True,True,True,False,,False,16,1,1
Eryth,cellstate,25,0.9,0.01,3000,25,250,500,70,70,67,70,-0.0005996889113772,0.3044825817510758,0.10351966873706,4.410351966873706,2.3236024844720498,False,True,True,True,True,True,True,True,True,False,,False,16,6,4
Eryth,cellstate,25,0.9,0.01,3000,25,500,1000,71,71,71,71,-0.0254460425506243,0.4879218898122123,0.2012072434607646,9.159557344064387,1.986317907444668,False,True,True,True,True,True,True,True,True,False,,False,16,5,3
Eryth,cellstate,25,0.9,0.01,3000,25,1000,1088,70,70,70,70,-0.0197088895589484,0.5384317751425026,0.2252587991718426,9.884265010351967,1.9424430641821944,False,True,True,True,True,True,True,True,True,False,,False,16,6,4
Eryth,cellstate,25,0.9,0.01,3000,50,100,199,103,103,76,93,0.0337256677229515,0.0741713518412547,0.0189415572054064,0.5570150390253189,2.21283076337331,False,True,True,True,True,True,True,True,True,False,,True,18,2,2
Eryth,cellstate,25,0.9,0.01,3000,50,250,500,122,122,103,120,0.017093602146741,0.1232911588403137,0.0338707492209727,1.9698550331933344,2.65912477984013,False,True,True,True,True,True,True,True,True,False,,True,19,2,2
Eryth,cellstate,25,0.9,0.01,3000,50,500,1000,123,123,113,123,0.0129721044280331,0.2165485125503995,0.0666400106624017,4.6387445021991205,2.398373983739837,False,True,True,True,True,True,True,True,True,False,,True,19,6,4
Eryth,cellstate,25,0.9,0.01,3000,50,1000,2000,123,123,123,123,-0.0080529703935928,0.3699997275160293,0.1332800213248034,9.9906037584966,2.1676662668266027,False,True,True,True,True,True,True,True,True,False,,True,17,6,4
Eryth,cellstate,25,0.9,0.01,3000,75,100,194,109,109,76,97,0.0161579373337958,0.0538874988416272,0.0164797825348284,0.5205572545022086,2.059548080190282,False,True,True,True,True,True,True,True,True,False,,True,20,1,1
Eryth,cellstate,25,0.9,0.01,3000,75,250,492,139,139,111,132,0.0066339974007014,0.0991930931827903,0.0256490459806068,1.4688249400479616,2.485715775205922,False,True,True,True,True,True,True,True,True,False,,True,20,2,2
Eryth,cellstate,25,0.9,0.01,3000,75,500,992,142,142,132,142,0.0217535903250188,0.1718653285768943,0.0495454999500549,3.8319348716411934,2.6878433722904806,False,True,True,True,True,True,True,True,True,False,,True,21,5,3
Eryth,cellstate,25,0.9,0.01,3000,75,1000,1983,142,142,140,142,0.0062381432429089,0.307793580892593,0.0990410548396763,8.326141244630906,2.2541204674857656,False,True,True,True,True,True,True,True,True,False,,True,21,6,4
Eryth,cellstate,25,0.9,0.01,3000,100,100,198,114,114,77,96,0.0422576177285318,0.0632474250895303,0.015370284117373,0.4085545722713864,1.9458934947989444,False,True,True,True,True,True,True,True,True,False,,True,20,2,2
Eryth,cellstate,25,0.9,0.01,3000,100,250,497,139,139,116,135,0.04783108302212,0.1218548516469313,0.0259097070169951,1.5786153685747055,2.67860494213325,False,True,True,True,True,True,True,True,True,False,,True,21,2,2
Eryth,cellstate,25,0.9,0.01,3000,100,500,991,142,142,132,142,0.022294015728239,0.1731397344999931,0.0494955548896214,3.8292877834382177,2.682499250824093,False,True,True,True,True,True,True,True,True,False,,True,21,5,3
Eryth,cellstate,25,0.9,0.01,3000,100,1000,1976,142,142,139,142,0.0039242310930982,0.2984804606021885,0.0986914394166417,8.274398162021775,2.24652881829987,False,True,True,True,True,True,True,True,True,False,,True,21,5,3
Eryth,cellstate,25,0.9,0.01,4000,10,100,200,34,34,32,32,0.0075716603569497,0.4059063771069781,0.17825311942959,3.436720142602496,1.9188948306595368,False,True,True,False,True,True,True,True,True,False,,False,13,4,3
Eryth,cellstate,25,0.9,0.01,4000,10,250,371,34,34,34,34,-0.0086277777777777,0.6696847395509142,0.3306595365418895,7.422459893048129,1.7985739750445633,False,True,True,True,False,True,True,True,True,False,,False,12,5,3
Eryth,cellstate,25,0.9,0.01,4000,10,500,371,34,34,34,34,-0.0086277777777777,0.6696847395509142,0.3306595365418895,7.422459893048129,1.7985739750445633,False,True,True,True,False,True,True,True,True,False,,False,12,5,3
Eryth,cellstate,25,0.9,0.01,4000,10,1000,371,34,34,34,34,-0.0086277777777777,0.6696847395509142,0.3306595365418895,7.422459893048129,1.7985739750445633,False,True,True,True,False,True,True,True,True,False,,False,12,5,3
Eryth,cellstate,25,0.9,0.01,4000,25,100,200,70,70,54,69,-0.0078927049672567,0.1876445519932914,0.041407867494824,1.379089026915114,2.779296066252588,False,True,True,True,True,True,True,True,True,False,,False,16,1,1
Eryth,cellstate,25,0.9,0.01,4000,25,250,500,71,71,68,71,-0.0109423054688403,0.2732557314840051,0.1006036217303823,4.26841046277666,2.340845070422535,False,True,True,True,True,True,True,True,True,False,,False,16,5,3
Eryth,cellstate,25,0.9,0.01,4000,25,500,1000,70,70,70,70,-0.0195476690108532,0.5133008630475497,0.2070393374741201,9.093167701863354,1.9853002070393373,False,True,True,True,True,True,True,True,True,False,,False,16,6,4
Eryth,cellstate,25,0.9,0.01,4000,25,1000,1088,70,70,70,70,-0.0197088895589484,0.5384317751425026,0.2252587991718426,9.884265010351967,1.9424430641821944,False,True,True,True,True,True,True,True,True,False,,False,16,6,4
Eryth,cellstate,25,0.9,0.01,4000,50,100,199,105,105,78,93,0.0287460389316432,0.0711336282764854,0.0182234432234432,0.590018315018315,2.528113553113553,False,True,True,True,True,True,True,True,True,False,,True,18,2,2
Eryth,cellstate,25,0.9,0.01,4000,50,250,500,122,122,104,119,0.0173253124779323,0.1306559851587754,0.0338707492209727,1.9756808020593413,2.643882942690692,False,True,True,True,True,True,True,True,True,False,,True,19,2,2
Eryth,cellstate,25,0.9,0.01,4000,50,500,1000,123,123,116,123,0.0086164683361444,0.1935537752626572,0.0666400106624017,4.66480074636812,2.477742236438758,False,True,True,True,True,True,True,True,True,False,,True,17,5,3
Eryth,cellstate,25,0.9,0.01,4000,50,1000,2000,123,123,123,123,-0.0066001678735525,0.3622322026443543,0.1332800213248034,10.03771824603492,2.163801146208183,False,True,True,True,True,True,True,True,True,False,,True,17,6,4
Eryth,cellstate,25,0.9,0.01,4000,75,100,199,115,115,76,98,0.0605383624352402,0.0588719493067319,0.0151792524790236,0.3364607170099161,1.4456140350877194,False,True,True,True,True,True,True,True,True,False,,True,20,2,2
Eryth,cellstate,25,0.9,0.01,4000,75,250,497,139,139,116,135,0.0429788494685435,0.1265768002289325,0.0259097070169951,1.5788760296110935,2.733187363152956,False,True,True,True,True,True,True,True,True,False,,True,21,2,2
Eryth,cellstate,25,0.9,0.01,4000,75,500,991,142,142,132,142,0.0180264291870152,0.171929235912276,0.0494955548896214,3.834831685146339,2.675556887423834,False,True,True,True,True,True,True,True,True,False,,True,21,4,3
Eryth,cellstate,25,0.9,0.01,4000,75,1000,1976,141,141,138,141,0.0034398716826156,0.3025731204558963,0.1001013171225937,8.355623100303951,2.255724417426545,False,True,True,True,True,True,True,True,True,False,,True,20,5,3
Eryth,cellstate,25,0.9,0.01,4000,100,100,198,113,113,76,97,0.0531994459833795,0.0598950705145395,0.0156447534766118,0.4190107458912768,1.8479772439949431,False,True,True,True,True,True,True,True,True,False,,True,20,2,2
Eryth,cellstate,25,0.9,0.01,4000,100,250,492,139,139,111,132,0.0026282290943402,0.1002100465805312,0.0256490459806068,1.4500052132207275,2.419195078719633,False,True,True,True,True,True,True,True,True,False,,True,21,2,2
Eryth,cellstate,25,0.9,0.01,4000,100,500,991,142,142,132,142,0.0205552238939959,0.174461067072044,0.0494955548896214,3.819798221955848,2.6845969433623016,False,True,True,True,True,True,True,True,True,False,,True,21,5,3
Eryth,cellstate,25,0.9,0.01,4000,100,1000,1983,142,142,140,142,0.0086448453297553,0.3068520157961361,0.0990410548396763,8.326840475476976,2.2550694236340028,False,True,True,True,True,True,True,True,True,False,,True,21,6,4
Eryth,cellstate,25,0.9,0.02,2000,10,100,200,37,37,33,37,0.0296951054624121,0.3514956823780354,0.1501501501501501,3.445945945945946,2.0112612612612613,False,True,True,True,True,True,True,True,True,False,,False,13,4,1
Eryth,cellstate,25,0.9,0.02,2000,10,250,447,37,37,37,37,-0.0330943166567835,0.5857610775634736,0.3355855855855856,8.647147147147146,1.7852852852852852,False,True,True,True,True,True,True,True,True,False,,False,13,8,3
Eryth,cellstate,25,0.9,0.02,2000,10,500,448,37,37,37,37,-0.0324835816679613,0.5815564904304977,0.3363363363363363,8.692942942942944,1.7837837837837838,False,True,True,True,True,True,True,True,True,False,,False,13,8,3
Eryth,cellstate,25,0.9,0.02,2000,10,1000,446,37,37,37,37,-0.032039041787653,0.5785119078812713,0.3348348348348348,8.61936936936937,1.786036036036036,False,True,True,True,True,True,True,True,True,False,,False,13,8,3
Eryth,cellstate,25,0.9,0.02,2000,25,100,200,69,69,57,68,0.0417609778180171,0.1251560034168729,0.0426257459505541,1.4011082693947143,2.89386189258312,False,True,True,True,True,True,True,True,True,False,,False,16,2,1
Eryth,cellstate,25,0.9,0.02,2000,25,250,500,71,71,68,71,0.0494701281873293,0.2605832452784021,0.1006036217303823,4.519718309859155,2.336217303822937,False,True,True,True,True,True,True,True,True,False,,False,15,4,1
Eryth,cellstate,25,0.9,0.02,2000,25,500,1000,71,71,71,71,0.0289199906108009,0.449372730459491,0.2012072434607646,9.545674044265594,1.955734406438632,False,True,True,True,True,True,True,True,True,False,,True,16,10,4
Eryth,cellstate,25,0.9,0.02,2000,25,1000,1332,72,72,72,72,0.0103953775068752,0.5331162820204182,0.2605633802816901,12.91001564945227,1.8225743348982784,False,True,True,True,True,True,True,True,True,False,,True,16,12,5
Eryth,cellstate,25,0.9,0.02,2000,50,100,199,112,112,75,97,0.1217483073380663,0.0550286023500309,0.0160070785070785,0.414494851994852,1.8556949806949807,False,True,True,True,True,True,True,True,True,False,,False,18,2,2
Eryth,cellstate,25,0.9,0.02,2000,50,250,500,129,129,99,125,0.0896401086464463,0.1127060027009626,0.0302810077519379,1.760719476744186,2.5285247093023258,False,True,True,True,True,True,True,True,True,False,,True,20,4,2
Eryth,cellstate,25,0.9,0.02,2000,50,500,1000,130,130,121,130,0.0683492629351282,0.1952675191946262,0.0596302921884317,4.370304114490161,2.538640429338104,False,True,True,True,True,True,True,True,True,False,,True,21,8,3
Eryth,cellstate,25,0.9,0.02,2000,50,1000,2000,130,130,128,130,0.0155047981106505,0.3097765291012946,0.1192605843768634,9.770065593321409,2.1316636851520574,False,True,True,True,True,True,True,True,True,False,,True,21,15,7
Eryth,cellstate,25,0.9,0.02,2000,75,100,195,111,111,79,97,0.0733929379809868,0.0582654082654082,0.0159705159705159,0.2912366912366912,1.4722358722358722,False,True,True,True,True,True,True,True,True,False,,False,18,1,1
Eryth,cellstate,25,0.9,0.02,2000,75,250,495,136,136,117,129,0.0577575614366729,0.0872354727720325,0.0269607843137254,1.7070806100217866,2.7107843137254903,False,True,True,True,True,True,True,True,True,False,,True,21,2,1
Eryth,cellstate,25,0.9,0.02,2000,75,500,990,141,141,130,141,0.0749238131937192,0.1751736963273289,0.0501519756838905,3.8048125633232015,2.613323201621074,False,True,True,True,True,True,True,True,True,False,,True,21,7,3
Eryth,cellstate,25,0.9,0.02,2000,75,1000,1978,141,141,139,141,0.0408646530465407,0.2696539896624452,0.1002026342451874,8.844832826747721,2.227558257345492,False,True,True,True,True,True,True,True,True,False,,True,21,14,7
Eryth,cellstate,25,0.9,0.02,2000,100,100,198,115,115,76,100,0.1399307479224377,0.0442995169082125,0.0151029748283752,0.3818459191456903,2.062013729977117,False,True,True,True,True,True,True,True,True,False,,False,19,2,2
Eryth,cellstate,25,0.9,0.02,2000,100,250,493,135,135,113,130,0.0830049461572715,0.0891052754657845,0.0272526257600884,1.678606965174129,2.643394140409066,False,True,True,True,True,True,True,True,True,False,,True,21,2,1
Eryth,cellstate,25,0.9,0.02,2000,100,500,974,137,137,131,137,0.0804117283950617,0.1639251833540256,0.0522756547874624,4.098969514813224,2.7038965221124944,False,True,True,True,True,True,True,True,True,False,,True,21,5,2
Eryth,cellstate,25,0.9,0.02,2000,100,1000,1943,140,140,138,140,0.0434773421423569,0.280505337536677,0.0998458376156217,8.814285714285715,2.234069886947585,False,True,True,True,True,True,True,True,True,False,,True,21,10,5
Eryth,cellstate,25,0.9,0.02,3000,10,100,200,37,37,34,37,0.0807362087614927,0.360378881431513,0.1501501501501501,3.483483483483484,2.114864864864865,False,True,True,True,False,True,True,True,True,False,,False,13,7,4
Eryth,cellstate,25,0.9,0.02,3000,10,250,498,37,37,37,37,-0.0265853281455332,0.6690522196426731,0.3738738738738739,9.70795795795796,1.7312312312312312,False,True,True,True,False,True,True,True,True,False,,False,13,7,2
Eryth,cellstate,25,0.9,0.02,3000,10,500,558,37,37,37,37,-0.0314629529475391,0.7176131401053305,0.4189189189189189,10.932432432432432,1.662912912912913,False,True,True,True,False,True,True,True,True,False,,False,13,7,2
Eryth,cellstate,25,0.9,0.02,3000,10,1000,625,37,37,37,37,-0.0096192888920274,0.7658784969756595,0.4692192192192192,12.815315315315315,1.5705705705705706,False,True,True,True,False,True,True,True,True,False,,False,13,10,5
Eryth,cellstate,25,0.9,0.02,3000,25,100,200,72,72,58,70,0.0272863914903457,0.1200643106893107,0.0391236306729264,1.3139671361502347,2.98141627543036,False,True,True,True,True,True,True,True,True,False,,False,15,3,1
Eryth,cellstate,25,0.9,0.02,3000,25,250,500,73,73,68,73,0.0247128437173685,0.2259695174752697,0.0951293759512937,4.358257229832573,2.269216133942161,False,True,True,True,True,True,True,True,True,False,,False,15,4,1
Eryth,cellstate,25,0.9,0.02,3000,25,500,1000,73,73,73,73,0.0042566490523189,0.412140713688165,0.1902587519025875,9.607876712328768,1.9678462709284628,False,True,True,True,True,True,True,True,True,False,,False,15,8,2
Eryth,cellstate,25,0.9,0.02,3000,25,1000,1679,73,73,73,73,-0.0041541818181818,0.6425540125707231,0.3194444444444444,16.05232115677321,1.7336377473363775,False,True,True,True,True,True,True,True,True,False,,False,15,12,6
Eryth,cellstate,25,0.9,0.02,3000,50,100,199,107,107,78,99,0.0426805115436849,0.1231642189586115,0.0175454064538882,0.3677481925586316,1.8254276141773933,False,True,True,True,True,True,True,True,True,False,,False,19,2,1
Eryth,cellstate,25,0.9,0.02,3000,50,250,500,128,128,106,126,0.0805667121947701,0.111079144763676,0.030757874015748,1.915169783464567,2.726685531496063,False,True,True,True,True,True,True,True,True,False,,True,21,4,2
Eryth,cellstate,25,0.9,0.02,3000,50,500,1000,128,128,120,127,0.0488010931122796,0.1890843168582757,0.061515748031496,4.537524606299213,2.490280511811024,False,True,True,True,True,True,True,True,True,False,,True,21,10,4
Eryth,cellstate,25,0.9,0.02,3000,50,1000,2000,128,128,128,128,0.025317615823111,0.3242226253500841,0.1230314960629921,9.989972933070868,2.15212844488189,False,True,True,True,True,True,True,True,True,False,,True,21,15,9
Eryth,cellstate,25,0.9,0.02,3000,75,100,199,116,116,74,103,0.0873480902777777,0.0714277580656891,0.0149175412293853,0.1646926536731634,0.5655172413793104,False,True,True,True,True,True,True,True,True,False,,False,18,3,2
Eryth,cellstate,25,0.9,0.02,3000,75,250,496,140,140,111,133,0.0857562738148187,0.0883170900766039,0.0254881808838643,1.5948098663926005,2.6411613566289827,False,True,True,True,True,True,True,True,True,False,,True,21,4,2
Eryth,cellstate,25,0.9,0.02,3000,75,500,990,142,142,132,141,0.0589712310783404,0.1701099779063358,0.0494456098291878,3.827739486564779,2.6368494655878534,False,True,True,True,True,True,True,True,True,False,,True,21,7,3
Eryth,cellstate,25,0.9,0.02,3000,75,1000,1978,142,142,142,142,0.0330916680397649,0.2793122956115477,0.0987913295375087,8.662671061831984,2.2833882728998103,False,True,True,True,True,True,True,True,True,False,,True,21,14,8
Eryth,cellstate,25,0.9,0.02,3000,100,100,196,114,114,76,104,0.0684587289992696,0.0973250433776749,0.015215028722248,0.3338767272162707,1.7818661698494025,False,True,True,True,True,True,True,True,True,False,,False,18,2,1
Eryth,cellstate,25,0.9,0.02,3000,100,250,492,138,138,116,132,0.0640940949382507,0.1022080924196311,0.0260234846080609,1.69295461758172,2.9525018512641488,False,True,True,True,True,True,True,True,True,False,,True,21,2,1
Eryth,cellstate,25,0.9,0.02,3000,100,500,990,143,143,133,142,0.059674341777379,0.1671565760033211,0.0487540628385698,3.7852358908696937,2.659361764995568,False,True,True,True,True,True,True,True,True,False,,True,21,9,4
Eryth,cellstate,25,0.9,0.02,3000,100,1000,1940,140,140,137,140,0.0332214801601113,0.2720567777309267,0.0996916752312435,8.649588900308325,2.2288283658787256,False,True,True,True,True,True,True,True,True,False,,True,21,11,6
Eryth,cellstate,25,0.9,0.02,4000,10,100,200,37,37,37,37,0.0337173068169881,0.3219414140466772,0.1501501501501501,3.5885885885885886,2.349099099099099,False,True,True,True,False,True,True,True,True,False,,False,13,3,1
Eryth,cellstate,25,0.9,0.02,4000,10,250,500,37,37,37,37,-0.0160219620446893,0.6678364324476087,0.3753753753753753,9.91891891891892,1.7087087087087087,False,True,True,True,False,True,True,True,True,False,,False,13,8,3
Eryth,cellstate,25,0.9,0.02,4000,10,500,644,37,37,37,37,-0.0155363263471371,0.7845830408614484,0.4834834834834834,13.11036036036036,1.5690690690690692,False,True,True,True,False,True,True,True,True,False,,False,13,11,6
Eryth,cellstate,25,0.9,0.02,4000,10,1000,571,37,37,37,37,-0.0293104338842975,0.7334942551502127,0.4286786786786787,11.211711711711713,1.647147147147147,False,True,True,True,False,True,True,True,True,False,,False,13,8,3
Eryth,cellstate,25,0.9,0.02,4000,25,100,200,73,73,58,70,0.0267056245434623,0.1176600416326444,0.0380517503805175,1.2446727549467276,2.7207001522070016,False,True,True,True,True,True,True,True,True,False,,False,15,3,1
Eryth,cellstate,25,0.9,0.02,4000,25,250,500,73,73,69,73,0.0385841836734694,0.2406706564200151,0.0951293759512937,4.266552511415525,2.328767123287671,False,True,True,True,True,True,True,True,True,False,,False,15,7,4
Eryth,cellstate,25,0.9,0.02,4000,25,500,1000,73,73,72,73,-0.0015375107910354,0.4153157980077707,0.1902587519025875,9.513698630136986,1.9330289193302888,False,True,True,True,True,True,True,True,True,False,,False,15,9,3
Eryth,cellstate,25,0.9,0.02,4000,25,1000,1813,73,73,73,73,-0.0116491923389934,0.6748856260059964,0.3449391171993912,17.505517503805176,1.6946347031963471,False,True,True,True,True,True,True,True,True,False,,False,15,13,7
Eryth,cellstate,25,0.9,0.02,4000,50,100,198,111,111,75,96,0.1024335840315708,0.0904443404443404,0.0162162162162162,0.2207207207207207,0.92997542997543,False,True,True,True,True,True,True,True,True,False,,True,19,3,2
Eryth,cellstate,25,0.9,0.02,4000,50,250,500,129,129,108,126,0.0558399815007515,0.1132676135527312,0.0302810077519379,1.89468265503876,2.833878391472868,False,True,True,True,True,True,True,True,True,False,,True,21,5,3
Eryth,cellstate,25,0.9,0.02,4000,50,500,1000,129,129,122,128,0.0473270621729763,0.1970518477276612,0.0605620155038759,4.438832364341085,2.5013929263565893,False,True,True,True,True,True,True,True,True,False,,True,21,7,3
Eryth,cellstate,25,0.9,0.02,4000,50,1000,2000,125,125,124,125,0.0107384074707836,0.3251287350127429,0.1290322580645161,10.402258064516127,2.1141290322580644,False,True,True,True,True,True,True,True,True,False,,True,21,14,7
Eryth,cellstate,25,0.9,0.02,4000,75,100,198,119,119,76,102,0.092335332729742,0.0558108091721537,0.0141005554764278,0.1739780658025922,0.692280301951289,False,True,True,True,True,True,True,True,True,False,,True,18,3,2
Eryth,cellstate,25,0.9,0.02,4000,75,250,500,143,143,114,136,0.065450643776824,0.0914765753417813,0.0246232640598837,1.5300403821530582,2.663744705998228,False,True,True,True,True,True,True,True,True,False,,True,21,3,2
Eryth,cellstate,25,0.9,0.02,4000,75,500,971,139,139,128,138,0.0561772560586734,0.167787812378518,0.0506203732666041,3.896830361797519,2.5511938275466584,False,True,True,True,True,True,True,True,True,False,,True,21,4,1
Eryth,cellstate,25,0.9,0.02,4000,75,1000,1938,138,138,134,138,0.0335424167733479,0.2794620771317559,0.1025071405902888,8.655030149158996,2.132180260234846,False,True,True,True,True,True,True,True,True,False,,True,21,10,5
Eryth,cellstate,25,0.9,0.02,4000,100,100,198,119,119,77,101,0.1058878451788139,0.0617320121521802,0.0141005554764278,0.1703461045435123,0.6844466600199401,False,True,True,True,True,True,True,True,True,False,,True,18,3,2
Eryth,cellstate,25,0.9,0.02,4000,100,250,500,144,144,115,137,0.0628926510336766,0.0944802154425477,0.0242812742812742,1.5147144522144522,2.7122668997669,False,True,True,True,True,True,True,True,True,False,,True,21,4,2
Eryth,cellstate,25,0.9,0.02,4000,100,500,971,140,140,129,139,0.0634674864495593,0.1657167494482903,0.0498972250770811,3.872045220966084,2.555755395683453,False,True,True,True,True,True,True,True,True,False,,True,21,4,1
Eryth,cellstate,25,0.9,0.02,4000,100,1000,2000,144,144,143,144,0.0307896218554316,0.2713607792142355,0.0971250971250971,8.62747668997669,2.2690850815850814,False,True,True,True,True,True,True,True,True,False,,True,21,14,8
Eryth,cellstate,25,0.9,0.03,2000,10,100,200,36,36,35,36,0.0493808109255044,0.3557085904673624,0.1587301587301587,3.5142857142857142,2.299206349206349,False,True,True,True,False,True,True,True,True,False,,False,12,5,1
Eryth,cellstate,25,0.9,0.03,2000,10,250,480,36,36,36,36,-0.0088570076271909,0.6272593796751189,0.3809523809523809,9.901587301587302,1.6944444444444444,False,True,True,True,False,True,True,True,True,False,,False,13,10,3
Eryth,cellstate,25,0.9,0.03,2000,10,500,541,36,36,36,36,-0.0200534933361099,0.6543308477994992,0.4293650793650793,11.645238095238096,1.6023809523809525,False,True,True,True,False,True,True,True,True,False,,False,12,9,2
Eryth,cellstate,25,0.9,0.03,2000,10,1000,527,36,36,36,36,-0.0211429884225256,0.652964365502654,0.4182539682539682,11.196031746031746,1.619047619047619,False,True,True,True,False,True,True,True,True,False,,False,12,9,2
Eryth,cellstate,25,0.9,0.03,2000,25,100,200,73,73,56,70,0.0454204081632653,0.1279289964221471,0.0380517503805175,1.1984398782343988,2.790905631659056,False,True,True,True,False,True,True,True,True,False,,False,14,2,1
Eryth,cellstate,25,0.9,0.03,2000,25,250,500,76,76,71,76,0.0205073696145124,0.2331291679579595,0.087719298245614,4.067017543859649,2.3110526315789475,False,True,True,True,False,True,True,True,True,False,,False,14,5,1
Eryth,cellstate,25,0.9,0.03,2000,25,500,1000,75,75,74,75,0.0175667826024597,0.3772948711026571,0.1801801801801801,9.268108108108107,1.956036036036036,False,True,True,True,False,True,True,True,True,False,,False,14,7,1
Eryth,cellstate,25,0.9,0.03,2000,25,1000,1602,77,77,77,77,0.0046810093620187,0.5306154960865386,0.2737525632262474,14.52323991797676,1.8022898154477105,False,True,True,True,True,True,True,True,True,False,,True,16,13,4
Eryth,cellstate,25,0.9,0.03,2000,50,100,200,104,104,67,95,0.1001299621928166,0.0423247692478461,0.0186706497386109,0.5620799103808812,2.3570761762509336,False,True,True,True,True,True,True,True,True,False,,False,17,2,1
Eryth,cellstate,25,0.9,0.03,2000,50,250,493,121,121,106,119,0.0725867945966418,0.1135520247089669,0.0339531680440771,2.121763085399449,2.8610881542699724,False,True,True,True,True,True,True,True,True,False,,True,19,5,1
Eryth,cellstate,25,0.9,0.03,2000,50,500,990,124,124,117,124,0.0653886205731595,0.1941653015851873,0.0649095200629425,4.744558090742197,2.4872803566745345,False,True,True,True,True,True,True,True,True,False,,True,19,7,1
Eryth,cellstate,25,0.9,0.03,2000,50,1000,1986,124,124,124,124,0.0221044897959183,0.3206861035941431,0.1302124311565696,10.52268554943614,2.129687909782324,False,True,True,True,True,True,True,True,True,False,,True,19,11,2
Eryth,cellstate,25,0.9,0.03,2000,75,100,198,115,115,78,107,0.1709334621422533,0.032993672993673,0.0151029748283752,0.3844393592677345,1.730129672006102,False,True,True,True,True,True,True,True,True,False,,True,20,2,1
Eryth,cellstate,25,0.9,0.03,2000,75,250,487,133,133,113,129,0.1233410975879392,0.108955193837488,0.0277398040555935,1.7652084757347914,2.905103668261563,False,True,True,True,True,True,True,True,True,False,,True,21,5,1
Eryth,cellstate,25,0.9,0.03,2000,75,500,982,141,141,134,141,0.074448648126714,0.1554315140757799,0.0497467071935157,4.087031408308004,2.777203647416413,False,True,True,True,True,True,True,True,True,False,,True,21,6,1
Eryth,cellstate,25,0.9,0.03,2000,75,1000,1945,140,140,140,140,0.0402428610082249,0.2587056455373971,0.0999486125385406,8.982065775950668,2.2736382322713258,False,True,True,True,True,True,True,True,True,False,,True,21,11,2
Eryth,cellstate,25,0.9,0.03,2000,100,100,198,112,112,69,103,0.1102221953870305,0.0184656613228041,0.0159266409266409,0.4113577863577863,1.6569337194337197,False,True,True,True,True,True,True,True,True,False,,False,18,2,1
Eryth,cellstate,25,0.9,0.03,2000,100,250,487,133,133,111,129,0.1071569973416426,0.0943624063860801,0.0277398040555935,1.7122351332877648,2.6713943950786057,False,True,True,True,True,True,True,True,True,False,,True,21,5,1
Eryth,cellstate,25,0.9,0.03,2000,100,500,982,141,141,134,141,0.0707422373246173,0.1553763548785678,0.0497467071935157,4.063373860182371,2.7429584599797368,False,True,True,True,True,True,True,True,True,False,,True,21,6,1
Eryth,cellstate,25,0.9,0.03,2000,100,1000,1945,140,140,140,140,0.0396663016395231,0.2510620708646131,0.0999486125385406,9.09820143884892,2.2754881808838645,False,True,True,True,True,True,True,True,True,False,,True,21,10,2
Eryth,cellstate,25,0.9,0.03,3000,10,100,200,37,37,35,37,0.0623757556087468,0.2956137271926746,0.1501501501501501,3.50975975975976,2.1156156156156154,False,True,True,True,False,True,True,True,True,False,,False,12,4,1
Eryth,cellstate,25,0.9,0.03,3000,10,250,500,37,37,37,37,0.0034888043695845,0.6010864928328179,0.3753753753753753,10.32807807807808,1.671921921921922,False,True,True,True,False,True,True,True,True,False,,False,12,8,2
Eryth,cellstate,25,0.9,0.03,3000,10,500,571,36,36,36,36,-0.0110666650956734,0.7297500883678829,0.4531746031746032,11.714285714285714,1.5928571428571427,False,True,True,False,False,True,True,True,True,False,,False,11,6,2
Eryth,cellstate,25,0.9,0.03,3000,10,1000,601,36,36,36,36,-0.0133367021478909,0.7438664702076031,0.476984126984127,12.707142857142856,1.5603174603174603,False,True,True,True,False,True,True,True,True,False,,False,12,10,2
Eryth,cellstate,25,0.9,0.03,3000,25,100,200,72,72,56,70,0.0640816326530612,0.116951759660093,0.0391236306729264,1.2926447574334898,2.496283255086072,False,True,True,True,False,True,True,True,True,False,,False,14,2,1
Eryth,cellstate,25,0.9,0.03,3000,25,250,500,74,74,71,74,0.0358941757543156,0.2272156425205306,0.0925583117363939,4.322658274713069,2.3885597926693816,False,True,True,True,True,True,True,True,True,False,,True,16,6,2
Eryth,cellstate,25,0.9,0.03,3000,25,500,1000,73,73,73,73,0.0102165399339856,0.3939879196835791,0.1902587519025875,9.720129375951291,1.968226788432268,False,True,True,True,False,True,True,True,True,False,,False,14,8,2
Eryth,cellstate,25,0.9,0.03,3000,25,1000,1865,74,74,74,74,-0.0056861856468306,0.6298327369366663,0.3452425027767493,18.41355053683821,1.6801184746390223,False,True,True,True,True,True,True,True,True,False,,False,15,13,5
Eryth,cellstate,25,0.9,0.03,3000,50,100,199,111,111,73,101,0.0858864265927977,0.0623480123480123,0.0162981162981162,0.404013104013104,1.749140049140049,False,True,True,True,True,True,True,True,True,False,,True,18,2,1
Eryth,cellstate,25,0.9,0.03,3000,50,250,500,122,122,101,120,0.0837052921655766,0.1003362528377651,0.0338707492209727,2.040848123560493,2.879216908278011,False,True,True,True,True,True,True,True,True,False,,True,18,4,1
Eryth,cellstate,25,0.9,0.03,3000,50,500,1000,123,123,116,123,0.0586839543561732,0.1859010451273085,0.0666400106624017,4.873783819805412,2.5099293615886977,False,True,True,True,True,True,True,True,True,False,,True,18,6,1
Eryth,cellstate,25,0.9,0.03,3000,50,1000,1992,122,122,121,122,0.0238262676439314,0.3114329450549038,0.1349410648963555,11.105067064083457,2.058393171656957,False,True,True,True,True,True,True,True,True,False,,True,19,8,2
Eryth,cellstate,25,0.9,0.03,3000,75,100,196,117,117,73,103,0.0993880293974663,0.0410102717795025,0.0144414972001178,0.2572944297082228,1.0335249042145591,False,True,True,True,True,True,True,True,True,False,,True,19,1,1
Eryth,cellstate,25,0.9,0.03,3000,75,250,489,136,136,113,133,0.1056609014013382,0.1315988857835743,0.0266339869281045,1.6155228758169935,2.664324618736384,False,True,True,True,True,True,True,True,True,False,,True,21,4,1
Eryth,cellstate,25,0.9,0.03,3000,75,500,967,138,138,129,138,0.0668840005284713,0.1443653213776317,0.0511477837723474,4.00211573045594,2.654977255897599,False,True,True,True,True,True,True,True,True,False,,True,21,6,2
Eryth,cellstate,25,0.9,0.03,3000,75,1000,1931,138,138,137,138,0.0389408141760479,0.2515432554819407,0.1021368877604993,9.246852850946787,2.237014704326669,False,True,True,True,True,True,True,True,True,False,,True,21,9,3
Eryth,cellstate,25,0.9,0.03,3000,100,100,197,120,120,80,105,0.1244624264373019,0.0172727272727272,0.0137955182072829,0.2388655462184874,1.005042016806723,False,True,True,True,True,True,True,True,True,False,,True,18,2,1
Eryth,cellstate,25,0.9,0.03,3000,100,250,497,140,140,111,137,0.124592399077058,0.0932733399849665,0.0255395683453237,1.545786228160329,2.692394655704008,False,True,True,True,True,True,True,True,True,False,,True,21,3,1
Eryth,cellstate,25,0.9,0.03,3000,100,500,987,141,141,132,141,0.0770086864489139,0.1503407821005475,0.05,3.9795845997973656,2.769452887537994,False,True,True,True,True,True,True,True,True,False,,True,21,6,1
Eryth,cellstate,25,0.9,0.03,3000,100,1000,1964,141,141,139,141,0.0390188004724057,0.2495428973887153,0.0994934143870314,9.144731509625126,2.239918946301925,False,True,True,True,True,True,True,True,True,False,,True,21,8,3
Eryth,cellstate,25,0.9,0.03,4000,10,100,200,36,36,34,36,0.0349102707899375,0.3351679683787528,0.1587301587301587,3.5984126984126985,2.1,False,True,True,True,False,True,True,True,True,False,,False,13,6,3
Eryth,cellstate,25,0.9,0.03,4000,10,250,500,37,37,36,37,0.0072125380907907,0.613774772892652,0.3753753753753753,10.304804804804805,1.59009009009009,False,True,True,True,False,True,True,True,True,False,,False,13,8,3
Eryth,cellstate,25,0.9,0.03,4000,10,500,720,37,37,37,37,-0.0238985766801772,0.8130048550038406,0.5405405405405406,14.904654654654657,1.4932432432432432,False,True,True,True,False,True,True,True,True,False,,False,13,11,4
Eryth,cellstate,25,0.9,0.03,4000,10,1000,665,36,36,36,36,-0.0236821834351639,0.8053682796692071,0.5277777777777778,13.992857142857142,1.5103174603174605,False,True,True,True,False,True,True,True,True,False,,False,13,12,4
Eryth,cellstate,25,0.9,0.03,4000,25,100,200,74,74,57,71,0.0597559400826446,0.1263792800557506,0.0370233246945575,1.1549426138467234,2.695483154387264,False,True,True,True,False,True,True,True,True,False,,False,14,2,1
Eryth,cellstate,25,0.9,0.03,4000,25,250,500,75,75,72,75,0.0276025450850625,0.225265500795242,0.09009009009009,4.24990990990991,2.4390990990991,False,True,True,True,True,True,True,True,True,False,,False,15,5,2
Eryth,cellstate,25,0.9,0.03,4000,25,500,1000,75,75,75,75,0.016611949352271,0.3752648607771773,0.1801801801801801,9.391171171171171,2.01009009009009,False,True,True,True,True,True,True,True,True,False,,False,15,7,3
Eryth,cellstate,25,0.9,0.03,4000,25,1000,2000,75,75,75,75,-0.009792130494613,0.6669359882917101,0.3603603603603603,19.629369369369368,1.6618018018018017,False,True,True,True,True,True,True,True,True,False,,False,15,12,5
Eryth,cellstate,25,0.9,0.03,4000,50,100,200,111,111,79,100,0.1148426889995473,0.063001813001813,0.0163800163800163,0.3894348894348894,1.8615069615069613,False,True,True,True,True,True,True,True,True,False,,True,18,2,1
Eryth,cellstate,25,0.9,0.03,4000,50,250,497,120,120,103,116,0.0628657322688974,0.1408791347684536,0.0348039215686274,2.141596638655462,2.8558823529411765,False,True,True,True,True,True,True,True,True,False,,True,19,3,1
Eryth,cellstate,25,0.9,0.03,4000,50,500,994,119,119,118,119,0.038330131618505,0.1781165695542816,0.0707876370887338,5.372169206665717,2.60724967953283,False,True,True,True,True,True,True,True,True,False,,True,19,6,2
Eryth,cellstate,25,0.9,0.03,4000,50,1000,2000,123,123,122,123,0.0208628949991648,0.3143498539842159,0.1332800213248034,10.992736238837798,2.0878315340530453,False,True,True,True,True,True,True,True,True,False,,True,19,9,3
Eryth,cellstate,25,0.9,0.03,4000,75,100,199,120,120,80,106,0.1153383163965174,0.0388719151219151,0.0139355742296918,0.2415266106442577,1.0912464985994397,False,True,True,True,True,True,True,True,True,False,,False,18,2,1
Eryth,cellstate,25,0.9,0.03,4000,75,250,486,137,137,119,131,0.0764131282197616,0.1193495669923321,0.0260841562902533,1.580613997423787,2.840113782739373,False,True,True,True,True,True,True,True,True,False,,True,21,3,1
Eryth,cellstate,25,0.9,0.03,4000,75,500,968,137,137,133,137,0.0644108766097129,0.1419351616162334,0.0519536281665951,4.254884070416487,2.868827823100043,False,True,True,True,True,True,True,True,True,False,,True,21,6,2
Eryth,cellstate,25,0.9,0.03,4000,75,1000,1964,141,141,141,141,0.0379809471946068,0.2551716847521847,0.0994934143870314,9.10871327254306,2.305369807497467,False,True,True,True,True,True,True,True,True,False,,True,21,8,3
Eryth,cellstate,25,0.9,0.03,4000,100,100,198,119,119,78,104,0.1056046941842987,0.0408251412453093,0.0141005554764278,0.274818401937046,1.3179746474861131,False,True,True,True,True,True,True,True,True,False,,False,17,2,1
Eryth,cellstate,25,0.9,0.03,4000,100,250,495,139,139,111,138,0.0991452616600636,0.0857259442490081,0.0258054426024397,1.624178917735377,2.842717130643311,False,True,True,True,True,True,True,True,True,False,,True,21,2,1
Eryth,cellstate,25,0.9,0.03,4000,100,500,963,138,138,132,138,0.054980870627572,0.1465962801455805,0.0509362107267534,4.131016608484079,2.811647096159949,False,True,True,True,True,True,True,True,True,False,,True,21,5,2
Eryth,cellstate,25,0.9,0.03,4000,100,1000,1911,138,138,137,138,0.0411854100210415,0.2550230348417582,0.1010790225325293,9.049825452237386,2.2259600126943826,False,True,True,True,True,True,True,True,True,False,,True,21,10,4
Eryth,cellstate,10,0.5,0.005,2000,10,100,200,33,33,33,29,-0.024945916711736,0.4272414553163217,0.1893939393939394,3.5104166666666665,1.805871212121212,False,True,True,True,False,True,True,True,True,False,,False,13,5,2
Eryth,cellstate,10,0.5,0.005,2000,10,250,290,33,33,33,29,-0.0323948354852145,0.60862568569436,0.2746212121212121,5.176136363636363,1.5625,False,True,True,True,False,True,True,True,True,False,,False,13,5,2
Eryth,cellstate,10,0.5,0.005,2000,10,500,267,32,32,32,28,-0.0424380165289256,0.6141118372632963,0.2691532258064516,4.984879032258065,1.595766129032258,False,True,True,True,False,True,True,True,True,False,,False,12,6,3
Eryth,cellstate,10,0.5,0.005,2000,10,1000,290,33,33,33,29,-0.0323948354852145,0.60862568569436,0.2746212121212121,5.176136363636363,1.5625,False,True,True,True,False,True,True,True,True,False,,False,13,5,2
Eryth,cellstate,10,0.5,0.005,2000,25,100,200,69,69,55,65,-0.0090562974160857,0.1450702276789233,0.0426257459505541,1.322463768115942,2.467604433077579,False,True,True,True,True,True,True,True,True,False,,False,17,2,2
Eryth,cellstate,10,0.5,0.005,2000,25,250,500,77,77,74,73,-0.0086533034160722,0.2932031637974389,0.0854408749145591,3.594155844155844,2.3918318523581683,False,True,True,True,True,True,True,True,True,False,,True,18,8,5
Eryth,cellstate,10,0.5,0.005,2000,25,500,902,76,76,76,73,-0.0236614966668245,0.4694819008783665,0.1582456140350877,6.815263157894737,2.0549122807017546,False,True,True,True,True,True,True,True,True,False,,False,17,8,5
Eryth,cellstate,10,0.5,0.005,2000,25,1000,902,76,76,76,73,-0.0236614966668245,0.4694819008783665,0.1582456140350877,6.815263157894737,2.0549122807017546,False,True,True,True,True,True,True,True,True,False,,False,17,8,5
Eryth,cellstate,10,0.5,0.005,2000,50,100,196,100,100,70,88,-0.0043038119477251,0.0751298701298701,0.0197979797979797,0.7016161616161616,2.3135353535353533,False,True,True,True,True,True,True,True,True,False,,True,21,3,3
Eryth,cellstate,10,0.5,0.005,2000,50,250,493,113,113,93,108,0.0212282672218569,0.2126946138661282,0.0389538558786346,1.9484829329962072,2.310287610619469,False,True,True,True,True,True,True,True,True,False,,True,22,4,4
Eryth,cellstate,10,0.5,0.005,2000,50,500,988,119,119,114,116,0.0116686229275318,0.2657618930689399,0.070360347528842,4.3745905141717705,2.5306936333855576,False,True,True,True,True,True,True,True,True,False,,True,22,8,5
Eryth,cellstate,10,0.5,0.005,2000,50,1000,1926,120,120,120,119,-0.0089600632460099,0.4265370578680489,0.1348739495798319,9.220728291316526,2.15609243697479,False,True,True,True,True,True,True,True,True,False,,True,22,10,7
Eryth,cellstate,10,0.5,0.005,2000,75,100,196,110,110,78,93,-0.002291760977818,0.0542443919716647,0.016346955796497,0.5508757297748124,2.1658048373644703,False,True,True,True,True,True,True,True,True,False,,True,21,3,3
Eryth,cellstate,10,0.5,0.005,2000,75,250,476,131,131,106,123,0.0330443183190436,0.1487440651319364,0.0279506752789195,1.41714621256606,2.487903699354081,False,True,True,True,True,True,True,True,True,False,,True,22,4,4
Eryth,cellstate,10,0.5,0.005,2000,75,500,970,142,142,127,135,0.0205741921894874,0.1909810141411702,0.0484467086205174,3.3228448706422933,2.489311757067226,False,True,True,True,True,True,True,True,True,False,,True,22,5,4
Eryth,cellstate,10,0.5,0.005,2000,75,1000,1919,139,139,137,137,0.0051754455583057,0.3374142355421015,0.1000417057658221,7.676832447085809,2.2863622145761653,False,True,True,True,True,True,True,True,True,False,,True,22,9,6
Eryth,cellstate,10,0.5,0.005,2000,100,100,196,114,114,79,97,0.0157452467179719,0.040937571200729,0.015215028722248,0.5018630647414998,2.012342803912436,False,True,True,True,True,True,True,True,True,False,,True,21,3,3
Eryth,cellstate,10,0.5,0.005,2000,100,250,477,135,135,105,127,0.0237356686672822,0.1444395176455569,0.0263681592039801,1.3407960199004976,2.3253178551686013,False,True,True,True,True,True,True,True,True,False,,True,22,4,4
Eryth,cellstate,10,0.5,0.005,2000,100,500,968,145,145,129,138,0.03005708882892,0.186824211440868,0.0463601532567049,3.189798850574713,2.5082375478927204,False,True,True,True,True,True,True,True,True,False,,True,22,5,4
Eryth,cellstate,10,0.5,0.005,2000,100,1000,1951,147,147,145,146,0.0109605873334566,0.3277443647223628,0.090904855092722,7.209393346379648,2.388407417761625,False,True,True,True,True,True,True,True,True,False,,True,22,7,5
Eryth,cellstate,10,0.5,0.005,3000,10,100,200,33,33,33,29,-0.0306415630070308,0.4288550773844892,0.1893939393939394,3.5009469696969697,1.808712121212121,False,True,True,True,False,True,True,True,True,False,,False,13,5,2
Eryth,cellstate,10,0.5,0.005,3000,10,250,290,33,33,33,29,-0.0323948354852145,0.60862568569436,0.2746212121212121,5.176136363636363,1.5625,False,True,True,True,False,True,True,True,True,False,,False,13,5,2
Eryth,cellstate,10,0.5,0.005,3000,10,500,290,33,33,33,29,-0.0323948354852145,0.60862568569436,0.2746212121212121,5.176136363636363,1.5625,False,True,True,True,False,True,True,True,True,False,,False,13,5,2
Eryth,cellstate,10,0.5,0.005,3000,10,1000,267,32,32,32,28,-0.0424380165289256,0.6141118372632963,0.2691532258064516,4.984879032258065,1.595766129032258,False,True,True,True,False,True,True,True,True,False,,False,12,6,3
Eryth,cellstate,10,0.5,0.005,3000,25,100,200,72,72,52,69,0.0124296632233139,0.1579978663311997,0.0391236306729264,1.2662363067292646,2.276212832550861,False,True,True,True,True,True,True,True,True,False,,False,17,3,3
Eryth,cellstate,10,0.5,0.005,3000,25,250,500,77,77,74,73,-0.007810992796006,0.2902542845899308,0.0854408749145591,3.632433356117567,2.370471633629528,False,True,True,True,True,True,True,True,True,False,,True,18,8,5
Eryth,cellstate,10,0.5,0.005,3000,25,500,923,77,77,77,74,-0.0234881695456524,0.4673190306176569,0.1577238550922761,6.879357484620643,2.059125085440875,False,True,True,True,True,True,True,True,True,False,,True,18,10,7
Eryth,cellstate,10,0.5,0.005,3000,25,1000,902,76,76,76,73,-0.0236614966668245,0.4694819008783665,0.1582456140350877,6.815263157894737,2.0549122807017546,False,True,True,True,True,True,True,True,True,False,,False,17,8,5
Eryth,cellstate,10,0.5,0.005,3000,50,100,197,103,103,70,89,0.0163573407202216,0.0532607629695008,0.0187511897963068,0.6029887683228631,1.9721111745669144,False,True,True,True,True,True,True,True,True,False,,True,20,2,2
Eryth,cellstate,10,0.5,0.005,3000,50,250,493,114,114,94,109,0.0241480385711154,0.2163560558652945,0.0382704548983077,1.8894581586710133,2.2987113802204626,False,True,True,True,True,True,True,True,True,False,,True,22,4,4
Eryth,cellstate,10,0.5,0.005,3000,50,500,990,121,121,113,118,0.0052690644645076,0.2656675521416158,0.0681818181818181,4.253719008264463,2.4052341597796145,False,True,True,True,True,True,True,True,True,False,,True,21,6,4
Eryth,cellstate,10,0.5,0.005,3000,50,1000,1982,124,124,124,123,-0.0081250375973939,0.4105912175020714,0.1299501704694466,9.117755048518228,2.185221610280619,False,True,True,True,True,True,True,True,True,False,,True,21,9,6
Eryth,cellstate,10,0.5,0.005,3000,75,100,198,120,120,82,97,0.0343740577286806,0.0541209716209716,0.0138655462184873,0.3732492997198879,1.6064425770308124,False,True,True,True,True,True,True,True,True,False,,True,21,1,1
Eryth,cellstate,10,0.5,0.005,3000,75,250,493,131,131,109,123,0.0247528886427664,0.1289876039496106,0.0289489136817381,1.712037580739871,2.725836758661186,False,True,True,True,True,True,True,True,True,False,,True,22,2,2
Eryth,cellstate,10,0.5,0.005,3000,75,500,951,135,135,126,129,0.0135956311495212,0.228990004168817,0.0525704809286898,3.570480928689884,2.571641791044776,False,True,True,True,True,True,True,True,True,False,,True,22,5,4
Eryth,cellstate,10,0.5,0.005,3000,75,1000,1928,143,143,142,141,0.003708015995771,0.3292887064127591,0.0949473062149118,7.29454348468433,2.35610164483404,False,True,True,True,True,True,True,True,True,False,,True,22,8,5
Eryth,cellstate,10,0.5,0.005,3000,100,100,198,122,122,83,96,0.0556454044571146,0.0512170889220069,0.0134128166915052,0.3669556970600189,1.648015174095651,False,True,True,True,True,True,True,True,True,False,,True,21,1,1
Eryth,cellstate,10,0.5,0.005,3000,100,250,487,131,131,109,122,0.0351629696695337,0.137041798352075,0.0285965942454492,1.6545507927187315,2.674633000587199,False,True,True,True,True,True,True,True,True,False,,True,22,2,2
Eryth,cellstate,10,0.5,0.005,3000,100,500,968,145,145,129,138,0.0273486427643646,0.1833234549368136,0.0463601532567049,3.18639846743295,2.5171934865900383,False,True,True,True,True,True,True,True,True,False,,True,22,5,4
Eryth,cellstate,10,0.5,0.005,3000,100,1000,1928,146,146,142,144,0.0114763955733664,0.3299771250108052,0.0910722720831365,7.008266414737837,2.320736891828058,False,True,True,True,True,True,True,True,True,False,,True,22,8,5
Eryth,cellstate,10,0.5,0.005,4000,10,100,200,32,32,32,28,-0.0380103806228373,0.4862681334188686,0.2016129032258064,3.664314516129033,1.8034274193548387,False,True,True,True,False,True,True,True,True,False,,False,12,6,3
Eryth,cellstate,10,0.5,0.005,4000,10,250,267,32,32,32,28,-0.0424380165289256,0.6141118372632963,0.2691532258064516,4.984879032258065,1.595766129032258,False,True,True,True,False,True,True,True,True,False,,False,12,6,3
Eryth,cellstate,10,0.5,0.005,4000,10,500,267,32,32,32,28,-0.0424380165289256,0.6141118372632963,0.2691532258064516,4.984879032258065,1.595766129032258,False,True,True,True,False,True,True,True,True,False,,False,12,6,3
Eryth,cellstate,10,0.5,0.005,4000,10,1000,290,33,33,33,29,-0.0323948354852145,0.60862568569436,0.2746212121212121,5.176136363636363,1.5625,False,True,True,True,False,True,True,True,True,False,,False,13,5,2
Eryth,cellstate,10,0.5,0.005,4000,25,100,200,72,72,52,69,0.0183785448335712,0.1520568937235604,0.0391236306729264,1.2609546165884191,2.27660406885759,False,True,True,True,True,True,True,True,True,False,,False,17,3,3
Eryth,cellstate,10,0.5,0.005,4000,25,250,500,76,76,73,72,-0.0030508142501947,0.2890646409949619,0.087719298245614,3.676842105263158,2.362456140350877,False,True,True,True,True,True,True,True,True,False,,False,17,7,4
Eryth,cellstate,10,0.5,0.005,4000,25,500,923,77,77,77,74,-0.0234881695456524,0.4673190306176569,0.1577238550922761,6.879357484620643,2.059125085440875,False,True,True,True,True,True,True,True,True,False,,True,18,10,7
Eryth,cellstate,10,0.5,0.005,4000,25,1000,902,76,76,76,73,-0.0236614966668245,0.4694819008783665,0.1582456140350877,6.815263157894737,2.0549122807017546,False,True,True,True,True,True,True,True,True,False,,False,17,8,5
Eryth,cellstate,10,0.5,0.005,4000,50,100,196,100,100,69,88,-0.0023124060585038,0.0842907647907648,0.0197979797979797,0.6955555555555556,2.33,False,True,True,True,True,True,True,True,True,False,,True,21,3,3
Eryth,cellstate,10,0.5,0.005,4000,50,250,500,114,114,95,110,0.0245709377058519,0.2190994861419515,0.0388138487812451,1.972131656575066,2.376339077782953,False,True,True,True,True,True,True,True,True,False,,True,22,4,4
Eryth,cellstate,10,0.5,0.005,4000,50,500,989,119,119,113,116,0.0099884379697074,0.2659587324793587,0.0704315624554906,4.39581256231306,2.449081327446233,False,True,True,True,True,True,True,True,True,False,,True,22,8,5
Eryth,cellstate,10,0.5,0.005,4000,50,1000,1936,120,120,120,119,-0.0088620950551991,0.4268590497478102,0.1355742296918767,9.31421568627451,2.1542717086834733,False,True,True,True,True,True,True,True,True,False,,True,22,10,7
Eryth,cellstate,10,0.5,0.005,4000,75,100,196,112,112,79,94,-0.0014995473064735,0.0576337353123067,0.0157657657657657,0.5246943371943372,2.075530888030888,False,True,True,True,True,True,True,True,True,False,,True,21,3,3
Eryth,cellstate,10,0.5,0.005,4000,75,250,488,130,130,109,121,0.0246618073304754,0.1327453442917269,0.0290995825879546,1.6677400119260584,2.6481216457960643,False,True,True,True,True,True,True,True,True,False,,True,22,2,2
Eryth,cellstate,10,0.5,0.005,4000,75,500,951,136,136,126,130,0.0173931983710549,0.2284697935534077,0.051797385620915,3.4983115468409585,2.545806100217865,False,True,True,True,True,True,True,True,True,False,,True,22,5,4
Eryth,cellstate,10,0.5,0.005,4000,75,1000,1938,140,140,137,139,0.0074446948827114,0.3337782758796569,0.0995889003083247,7.700308324768756,2.289876670092497,False,True,True,True,True,True,True,True,True,False,,True,22,9,6
Eryth,cellstate,10,0.5,0.005,4000,100,100,198,121,121,83,96,0.0510402675365258,0.0532998223080867,0.0136363636363636,0.3550964187327823,1.4609504132231406,False,True,True,True,True,True,True,True,True,False,,True,21,1,1
Eryth,cellstate,10,0.5,0.005,4000,100,250,476,134,134,106,126,0.0338641793831907,0.1460476190116033,0.0267085624509033,1.4156660307485132,2.431881943665133,False,True,True,True,True,True,True,True,True,False,,True,22,4,4
Eryth,cellstate,10,0.5,0.005,4000,100,500,977,146,146,130,140,0.0278831029341583,0.1862680415606624,0.0461502125649504,3.2439773264052905,2.577846008502598,False,True,True,True,True,True,True,True,True,False,,True,22,6,4
Eryth,cellstate,10,0.5,0.005,4000,100,1000,1928,146,146,143,144,0.0122293503200096,0.3285943703230934,0.0910722720831365,7.028058573453,2.3543221539914976,False,True,True,True,True,True,True,True,True,False,,True,22,8,5
Eryth,cellstate,10,0.5,0.01,2000,10,100,200,31,31,31,30,0.0117472042679798,0.3766345661506952,0.2150537634408602,4.552688172043011,1.9666666666666663,False,True,True,True,True,True,True,True,False,False,,False,11,4,3
Eryth,cellstate,10,0.5,0.01,2000,10,250,318,32,32,32,30,0.0003860770034368,0.5753454893979991,0.3205645161290322,6.988911290322581,1.6431451612903225,False,True,True,True,True,True,True,True,False,False,,False,12,7,5
Eryth,cellstate,10,0.5,0.01,2000,10,500,295,31,31,31,30,-0.0135590277777777,0.5572298427961067,0.3172043010752688,6.876344086021505,1.7150537634408602,False,True,True,True,True,True,True,True,False,False,,False,11,5,3
Eryth,cellstate,10,0.5,0.01,2000,10,1000,296,31,31,31,30,-0.0137996935314474,0.5592995483937259,0.3182795698924731,6.91505376344086,1.710752688172043,False,True,True,True,True,True,True,True,False,False,,False,11,5,3
Eryth,cellstate,10,0.5,0.01,2000,25,100,200,72,72,58,69,0.037374713198889,0.1180743639076972,0.0391236306729264,1.3300078247261349,2.51056338028169,False,True,True,True,True,True,True,True,True,False,,True,18,5,4
Eryth,cellstate,10,0.5,0.01,2000,25,250,500,72,72,69,71,0.0207234567901234,0.2577393730805752,0.0978090766823161,4.226721439749609,2.366001564945227,False,True,True,True,True,True,True,True,True,False,,True,18,7,5
Eryth,cellstate,10,0.5,0.01,2000,25,500,1000,73,73,72,72,-0.0044605488679846,0.4552959223879335,0.1902587519025875,8.784627092846272,1.9703196347031964,False,True,True,True,True,True,True,True,True,False,,True,18,9,6
Eryth,cellstate,10,0.5,0.01,2000,25,1000,1176,72,72,72,71,-0.0096259411210759,0.5154992494068388,0.2300469483568075,10.678990610328638,1.903755868544601,False,True,True,True,True,True,True,True,True,False,,True,18,11,7
Eryth,cellstate,10,0.5,0.01,2000,50,100,199,107,107,76,95,0.045193085905885,0.060158999878626,0.0175454064538882,0.5205431140892259,1.869423382119556,False,True,True,True,True,True,True,True,True,False,,True,20,4,4
Eryth,cellstate,10,0.5,0.01,2000,50,250,500,120,120,101,117,0.05763598519037,0.1041298388860307,0.0350140056022409,2.083403361344538,2.682703081232493,False,True,True,True,True,True,True,True,True,False,,True,21,7,5
Eryth,cellstate,10,0.5,0.01,2000,50,500,1000,120,120,115,120,0.0402232384428482,0.2022147197155634,0.0700280112044818,4.85203081232493,2.502871148459384,False,True,True,True,True,True,True,True,True,False,,True,21,8,6
Eryth,cellstate,10,0.5,0.01,2000,50,1000,2000,123,123,123,122,0.0092692050243326,0.3673597830705633,0.1332800213248034,10.02718912435026,2.130081300813008,False,True,True,True,True,True,True,True,True,False,,True,21,9,5
Eryth,cellstate,10,0.5,0.01,2000,75,100,197,120,120,84,106,0.0527084055960226,0.0478968253968253,0.0137955182072829,0.3607142857142857,1.5278011204481792,False,True,True,True,True,True,True,True,True,False,,True,21,2,2
Eryth,cellstate,10,0.5,0.01,2000,75,250,494,150,150,120,141,0.0494907329322913,0.0831345295571301,0.0221029082774049,1.5050111856823267,2.7779418344519016,False,True,True,True,True,True,True,True,True,False,,True,22,3,3
Eryth,cellstate,10,0.5,0.01,2000,75,500,970,152,152,139,149,0.0498608673684004,0.142590550234837,0.0422621122342279,3.3329993028929943,2.600906239107703,False,True,True,True,True,True,True,True,True,False,,True,22,7,5
Eryth,cellstate,10,0.5,0.01,2000,75,1000,1965,153,153,150,153,0.0228241932063279,0.2694985758121614,0.0844943240454076,7.536635706914344,2.347953216374269,False,True,True,True,True,True,True,True,True,False,,True,22,8,6
Eryth,cellstate,10,0.5,0.01,2000,100,100,195,118,118,81,102,0.0679620160701242,0.037032553134248,0.0141242937853107,0.4080110097059249,2.137621324062002,False,True,True,True,True,True,True,True,True,False,,False,20,2,2
Eryth,cellstate,10,0.5,0.01,2000,100,250,494,151,151,120,143,0.0471792323127229,0.0874471944105757,0.0218101545253863,1.451523178807947,2.8711699779249447,False,True,True,True,True,True,True,True,True,False,,True,22,4,4
Eryth,cellstate,10,0.5,0.01,2000,100,500,979,155,155,142,154,0.0437163931835919,0.1496390174305932,0.0410138248847926,3.336196062002513,2.66707163803938,False,True,True,True,True,True,True,True,True,False,,True,22,7,5
Eryth,cellstate,10,0.5,0.01,2000,100,1000,1937,156,156,152,156,0.0180266109544531,0.257020704429352,0.0801075268817204,7.292514474772539,2.34656741108354,False,True,True,True,True,True,True,True,True,False,,True,22,8,6
Eryth,cellstate,10,0.5,0.01,3000,10,100,200,32,32,31,30,0.0340657439446366,0.3779229655148773,0.2016129032258064,4.168346774193548,1.844758064516129,False,True,True,True,True,True,True,True,False,False,,False,12,5,4
Eryth,cellstate,10,0.5,0.01,3000,10,250,356,32,32,32,31,-0.0058336580815058,0.6698598859782651,0.3588709677419355,7.682459677419355,1.6673387096774193,False,True,True,True,True,True,True,True,False,False,,False,12,7,4
Eryth,cellstate,10,0.5,0.01,3000,10,500,351,32,32,32,30,-0.0050613651224787,0.6599026536509711,0.3538306451612903,7.29133064516129,1.6118951612903225,False,True,True,True,True,True,True,True,False,False,,False,12,8,6
Eryth,cellstate,10,0.5,0.01,3000,10,1000,356,32,32,32,31,-0.0058336580815058,0.6698598859782651,0.3588709677419355,7.682459677419355,1.6673387096774193,False,True,True,True,True,True,True,True,False,False,,False,12,7,5
Eryth,cellstate,10,0.5,0.01,3000,25,100,200,69,69,56,66,0.0385751417769376,0.1297737689042036,0.0426257459505541,1.3363171355498722,2.460144927536232,False,True,True,True,True,True,True,True,True,False,,False,17,2,2
Eryth,cellstate,10,0.5,0.01,3000,25,250,500,70,70,66,69,0.0171803481792124,0.2715564359238474,0.10351966873706,4.259006211180124,2.2873706004140786,False,True,True,True,True,True,True,True,True,False,,False,17,6,4
Eryth,cellstate,10,0.5,0.01,3000,25,500,1000,70,70,70,70,-0.0066049783992956,0.498261004447983,0.2070393374741201,9.033333333333331,2.0043478260869567,False,True,True,True,True,True,True,True,True,False,,False,17,8,6
Eryth,cellstate,10,0.5,0.01,3000,25,1000,1308,72,72,72,71,-0.0071641211744842,0.5955788652563094,0.2558685446009389,11.542840375586854,1.8362676056338028,False,True,True,True,True,True,True,True,True,False,,False,17,9,6
Eryth,cellstate,10,0.5,0.01,3000,50,100,198,105,105,75,94,0.0536761131287712,0.0463272177557891,0.0181318681318681,0.6633699633699633,2.5388278388278387,False,True,True,True,True,True,True,True,True,False,,False,19,2,2
Eryth,cellstate,10,0.5,0.01,3000,50,250,500,122,122,103,117,0.0474626527840651,0.1166082549766947,0.0338707492209727,2.067267307952852,2.788578783362688,False,True,True,True,True,True,True,True,True,False,,True,20,6,5
Eryth,cellstate,10,0.5,0.01,3000,50,500,1000,127,127,119,126,0.0277146027539215,0.1940735671712432,0.0624921884764404,4.441819772528434,2.437070366204225,False,True,True,True,True,True,True,True,True,False,,True,20,6,4
Eryth,cellstate,10,0.5,0.01,3000,50,1000,2000,122,122,121,122,0.0144863055647059,0.3758069052279557,0.135482996883891,10.253014496680668,2.112383145915188,False,True,True,True,True,True,True,True,True,False,,True,20,9,6
Eryth,cellstate,10,0.5,0.01,3000,75,100,192,117,117,83,100,0.0514636305363084,0.0377357210690544,0.0141467727674624,0.4120984379605069,1.910993221338049,False,True,True,True,True,True,True,True,True,False,,False,20,2,2
Eryth,cellstate,10,0.5,0.01,3000,75,250,475,143,143,111,136,0.0396753899974475,0.097454229132226,0.0233921008568895,1.4908401457697231,2.8262090022653403,False,True,True,True,True,True,True,True,True,False,,True,22,2,2
Eryth,cellstate,10,0.5,0.01,3000,75,500,966,150,150,140,148,0.0520427603093553,0.145584632643435,0.0432214765100671,3.4839373601789707,2.753914988814317,False,True,True,True,True,True,True,True,True,False,,True,22,7,5
Eryth,cellstate,10,0.5,0.01,3000,75,1000,1887,150,150,149,150,0.0204529228549607,0.2487618582728189,0.0844295302013422,7.502058165548099,2.420536912751678,False,True,True,True,True,True,True,True,True,False,,True,22,6,4
Eryth,cellstate,10,0.5,0.01,3000,100,100,190,115,115,80,100,0.0345026684560406,0.0424361628709454,0.0144927536231884,0.4077040427154844,1.98093058733791,False,True,True,True,True,True,True,True,True,False,,False,20,2,2
Eryth,cellstate,10,0.5,0.01,3000,100,250,474,144,144,111,137,0.0458336654974489,0.1094738148466218,0.023018648018648,1.405545843045843,2.6532148407148406,False,True,True,True,True,True,True,True,True,False,,True,22,2,2
Eryth,cellstate,10,0.5,0.01,3000,100,500,953,152,152,137,149,0.0479603923564884,0.1439992037219772,0.0415214360404322,3.273701638201464,2.6546706169397,False,True,True,True,True,True,True,True,True,False,,True,22,7,5
Eryth,cellstate,10,0.5,0.01,3000,100,1000,1922,154,154,149,154,0.0226449204923777,0.2537475113205322,0.0815720227484933,7.341651812240047,2.334691452338511,False,True,True,True,True,True,True,True,True,False,,True,22,8,6
Eryth,cellstate,10,0.5,0.01,4000,10,100,200,32,32,31,30,0.0347058823529411,0.3893938730795348,0.2016129032258064,4.136088709677419,1.8528225806451613,False,True,True,True,True,True,True,True,False,False,,False,12,5,4
Eryth,cellstate,10,0.5,0.01,4000,10,250,351,32,32,32,30,-0.0050613651224787,0.6599026536509711,0.3538306451612903,7.29133064516129,1.6118951612903225,False,True,True,True,True,True,True,True,False,False,,False,12,8,6
Eryth,cellstate,10,0.5,0.01,4000,10,500,356,32,32,32,31,-0.0058336580815058,0.669859885978265,0.3588709677419355,7.682459677419355,1.6673387096774193,False,True,True,True,True,True,True,True,False,False,,False,12,7,5
Eryth,cellstate,10,0.5,0.01,4000,10,1000,351,32,32,32,30,-0.0050613651224787,0.6599026536509711,0.3538306451612903,7.29133064516129,1.6118951612903225,False,True,True,True,True,True,True,True,False,False,,False,12,8,6
Eryth,cellstate,10,0.5,0.01,4000,25,100,200,70,70,54,66,0.0214732986767485,0.1048227962513676,0.041407867494824,1.3364389233954452,2.384472049689441,False,True,True,True,True,True,True,True,True,False,,False,17,5,4
Eryth,cellstate,10,0.5,0.01,4000,25,250,500,70,70,66,69,0.014813103180417,0.2707108466873865,0.10351966873706,4.25776397515528,2.283643892339545,False,True,True,True,True,True,True,True,True,False,,False,17,6,4
Eryth,cellstate,10,0.5,0.01,4000,25,500,1000,70,70,69,70,-0.0047359437139842,0.4924787246178822,0.2070393374741201,8.97080745341615,1.962111801242236,False,True,True,True,True,True,True,True,True,False,,False,17,7,5
Eryth,cellstate,10,0.5,0.01,4000,25,1000,1303,70,70,70,70,-0.0167822222222222,0.6061931461251268,0.2697722567287784,11.835610766045548,1.8556935817805384,False,True,True,True,True,True,True,True,True,False,,False,17,10,6
Eryth,cellstate,10,0.5,0.01,4000,50,100,199,109,109,82,94,0.0348476454293628,0.05570647497253,0.0169045191980971,0.5497791369351003,2.079510703363914,False,True,True,True,True,True,True,True,True,False,,True,20,3,3
Eryth,cellstate,10,0.5,0.01,4000,50,250,500,126,126,106,122,0.0555538099683998,0.1180149560880799,0.0317460317460317,1.9606984126984128,2.8243809523809524,False,True,True,True,True,True,True,True,True,False,,False,19,3,2
Eryth,cellstate,10,0.5,0.01,4000,50,500,1000,121,121,113,121,0.0399358103822866,0.2103539448590373,0.0688705234159779,4.678925619834711,2.3957300275482094,False,True,True,True,True,True,True,True,True,False,,True,20,7,5
Eryth,cellstate,10,0.5,0.01,4000,50,1000,2000,122,122,121,122,0.0137742594058084,0.3764480728809365,0.135482996883891,10.264462809917354,2.110418642460372,False,True,True,True,True,True,True,True,True,False,,True,20,9,6
Eryth,cellstate,10,0.5,0.01,4000,75,100,190,117,117,82,99,0.0523547954183702,0.0398317731651065,0.0139994105511346,0.4102564102564102,2.023872679045093,False,True,True,True,True,True,True,True,True,False,,False,20,2,2
Eryth,cellstate,10,0.5,0.01,4000,75,250,478,146,146,113,138,0.0435308641975308,0.1107331605348908,0.022579121398205,1.420831365139348,2.835427491733585,False,True,True,True,True,True,True,True,True,False,,True,22,2,2
Eryth,cellstate,10,0.5,0.01,4000,75,500,951,149,149,137,147,0.0290400988965243,0.1522036325050953,0.0431253401052058,3.40508797387992,2.692363504444041,False,True,True,True,True,True,True,True,True,False,,True,22,6,4
Eryth,cellstate,10,0.5,0.01,4000,75,1000,1888,150,150,149,150,0.0226088134085694,0.2477468864178156,0.0844742729306487,7.490201342281879,2.425145413870246,False,True,True,True,True,True,True,True,True,False,,True,22,6,4
Eryth,cellstate,10,0.5,0.01,4000,100,100,192,119,119,83,101,0.0413906779402338,0.0411431239162331,0.0136732659165361,0.3851303233157669,1.921165076199972,False,True,True,True,True,True,True,True,True,False,,False,20,2,2
Eryth,cellstate,10,0.5,0.01,4000,100,250,474,144,144,114,136,0.0456961398135219,0.1070386428777811,0.023018648018648,1.4615384615384617,2.9256021756021755,False,True,True,True,True,True,True,True,True,False,,True,22,2,2
Eryth,cellstate,10,0.5,0.01,4000,100,500,950,151,151,139,148,0.0285013771513621,0.154453541141396,0.0419426048565121,3.316777041942605,2.7031346578366446,False,True,True,True,True,True,True,True,True,False,,True,22,6,4
Eryth,cellstate,10,0.5,0.01,4000,100,1000,1923,154,154,149,154,0.0221932858836894,0.2557409320768256,0.0816144639674051,7.342670401493931,2.338298955946015,False,True,True,True,True,True,True,True,True,False,,True,22,8,6
Eryth,cellstate,10,0.5,0.02,2000,10,100,200,35,35,34,35,0.1016475540717085,0.3411134896849182,0.1680672268907563,3.865546218487395,2.197478991596639,False,True,True,True,False,True,True,True,False,False,,False,12,8,5
Eryth,cellstate,10,0.5,0.02,2000,10,250,451,35,35,35,35,-0.0090598599354685,0.6317859404691897,0.3789915966386554,9.626050420168069,1.6680672268907564,False,True,True,True,False,True,True,True,False,False,,False,12,11,7
Eryth,cellstate,10,0.5,0.02,2000,10,500,443,34,34,34,34,-0.0173858563708982,0.6498854218859881,0.3948306595365419,9.796791443850267,1.639928698752228,False,True,True,True,True,True,True,True,False,False,,False,14,13,6
Eryth,cellstate,10,0.5,0.02,2000,10,1000,455,35,35,35,35,-0.0062314759320531,0.6339899253260022,0.3823529411764705,9.67563025210084,1.665546218487395,False,True,True,True,False,True,True,True,False,False,,False,12,11,7
Eryth,cellstate,10,0.5,0.02,2000,25,100,200,74,74,58,72,0.1118128340649168,0.1324035199035198,0.0370233246945575,1.2430581266197704,2.98204368752314,False,True,True,True,True,True,True,True,True,False,,False,16,4,3
Eryth,cellstate,10,0.5,0.02,2000,25,250,500,76,76,70,76,0.0584222822359396,0.2516094150329118,0.087719298245614,3.9803508771929823,2.342982456140351,False,True,True,True,True,True,True,True,True,False,,False,16,10,5
Eryth,cellstate,10,0.5,0.02,2000,25,500,1000,77,77,75,77,0.0292398596030615,0.3732072228593547,0.1708817498291182,8.735475051264524,1.985645933014354,False,True,True,True,True,True,True,True,True,False,,False,16,12,6
Eryth,cellstate,10,0.5,0.02,2000,25,1000,1606,77,77,77,77,0.0053949259204201,0.5458854284472336,0.2744360902255639,14.596377306903625,1.8096377306903624,False,True,True,True,True,True,True,True,True,False,,False,16,15,8
Eryth,cellstate,10,0.5,0.02,2000,50,100,198,112,112,72,102,0.0405113221329437,0.0556727498691784,0.0159266409266409,0.3097651222651222,1.3980855855855856,False,True,True,True,True,True,True,True,True,False,,True,19,3,2
Eryth,cellstate,10,0.5,0.02,2000,50,250,500,126,126,106,124,0.0500122097783566,0.1195442289158196,0.0317460317460317,1.971492063492064,2.727428571428572,False,True,True,True,True,True,True,True,True,False,,True,20,7,2
Eryth,cellstate,10,0.5,0.02,2000,50,500,1000,127,127,118,127,0.0607218996264542,0.2045944479376914,0.0624921884764404,4.585364329458818,2.4083864516935383,False,True,True,True,True,True,True,True,True,False,,True,20,11,5
Eryth,cellstate,10,0.5,0.02,2000,50,1000,2000,127,127,126,127,0.0171635621393802,0.3246635855864614,0.1249843769528809,10.214285714285714,2.129108861392326,False,True,True,True,True,True,True,True,True,False,,True,20,12,5
Eryth,cellstate,10,0.5,0.02,2000,75,100,198,122,122,84,108,0.1123652542625936,0.0411399847875257,0.0134128166915052,0.4005554802872239,2.00833220430836,False,True,True,True,True,True,True,True,True,False,,True,20,1,1
Eryth,cellstate,10,0.5,0.02,2000,75,250,494,145,145,115,141,0.0775969085859196,0.0648238035004945,0.0236590038314176,1.5035919540229885,2.95426245210728,False,True,True,True,True,True,True,True,True,False,,True,22,9,5
Eryth,cellstate,10,0.5,0.02,2000,75,500,996,152,152,142,151,0.069646749678999,0.142912587133076,0.0433949111188567,3.747952248170094,2.737016382014639,False,True,True,True,True,True,True,True,True,False,,True,22,11,4
Eryth,cellstate,10,0.5,0.02,2000,75,1000,1992,154,154,153,154,0.0341246989779935,0.235829768424552,0.0845429080723198,8.31402257872846,2.339741957389016,False,True,True,True,True,True,True,True,True,False,,True,22,15,6
Eryth,cellstate,10,0.5,0.02,2000,100,100,195,119,119,80,104,0.0743055555555555,0.0300684376314628,0.0138869106964819,0.3265204386839481,1.5064093433983765,False,True,True,True,True,True,True,True,True,False,,False,19,2,1
Eryth,cellstate,10,0.5,0.02,2000,100,250,482,148,148,120,146,0.0586126807295541,0.0977958315032618,0.0221548078690935,1.403061224489796,2.680134215848501,False,True,True,True,True,True,True,True,True,False,,True,22,8,3
Eryth,cellstate,10,0.5,0.02,2000,100,500,970,156,156,143,155,0.0649276630856643,0.1320575157060006,0.0401157981803143,3.433374689826303,2.718238213399504,False,True,True,True,True,True,True,True,True,False,,True,22,10,5
Eryth,cellstate,10,0.5,0.02,2000,100,1000,1923,156,156,155,156,0.0364946419831813,0.2178108960421003,0.0795285359801488,7.877336641852771,2.3799834574028123,False,True,True,True,True,True,True,True,True,False,,True,22,15,6
Eryth,cellstate,10,0.5,0.02,3000,10,100,200,36,36,35,36,0.1046464646464646,0.3501160830817695,0.1587301587301587,3.683333333333333,2.2103174603174605,False,True,True,True,False,True,True,True,False,False,,False,12,9,5
Eryth,cellstate,10,0.5,0.02,3000,10,250,445,34,34,34,34,-0.0161714285714285,0.6668537154572503,0.3966131907308378,9.670231729055258,1.645276292335116,False,True,True,True,True,True,True,True,False,False,,False,14,13,5
Eryth,cellstate,10,0.5,0.02,3000,10,500,461,34,34,34,34,-0.0207555807295101,0.6813954668801391,0.410873440285205,10.016042780748664,1.6274509803921569,False,True,True,True,True,True,True,True,False,False,,False,14,13,6
Eryth,cellstate,10,0.5,0.02,3000,10,1000,550,36,36,36,36,-0.0040518865024674,0.7082076706777835,0.4365079365079365,11.657142857142857,1.5865079365079364,False,True,True,True,False,True,True,True,False,False,,False,12,11,7
Eryth,cellstate,10,0.5,0.02,3000,25,100,200,74,74,59,72,0.11319593485671,0.123025642878584,0.0370233246945575,1.1949278045168457,2.940022213994817,False,True,True,True,True,True,True,True,True,False,,False,16,5,4
Eryth,cellstate,10,0.5,0.02,3000,25,250,500,76,76,71,76,0.0565534079973792,0.2162306681661397,0.087719298245614,4.156666666666666,2.370175438596492,False,True,True,True,True,True,True,True,True,False,,False,16,9,5
Eryth,cellstate,10,0.5,0.02,3000,25,500,1000,76,76,74,76,0.0204446076076513,0.3632500355912227,0.175438596491228,9.080701754385965,1.9629824561403508,False,True,True,True,True,True,True,True,True,False,,False,16,12,6
Eryth,cellstate,10,0.5,0.02,3000,25,1000,1873,77,77,77,77,-0.000771895969475,0.6061832496799333,0.3200615174299385,17.29254955570745,1.7281271360218728,False,True,True,True,True,True,True,True,True,False,,False,16,16,9
Eryth,cellstate,10,0.5,0.02,3000,50,100,199,115,115,78,105,0.055086247637051,0.0492202483506831,0.0151792524790236,0.3215865751334859,1.4825324180015256,False,True,True,True,True,True,True,True,True,False,,True,20,4,3
Eryth,cellstate,10,0.5,0.02,3000,50,250,500,123,123,99,123,0.0613635040462652,0.1022291288765619,0.0333200053312008,2.0554444888711183,2.7225776356124216,False,True,True,True,True,True,True,True,True,False,,True,21,8,6
Eryth,cellstate,10,0.5,0.02,3000,50,500,1000,129,129,123,128,0.0535967128971833,0.1629636586850631,0.0605620155038759,4.796451065891473,2.536640019379845,False,True,True,True,True,True,True,True,True,False,,True,21,12,4
Eryth,cellstate,10,0.5,0.02,3000,50,1000,2000,127,127,127,127,0.021224232015698,0.309762007187457,0.1249843769528809,10.525559305086864,2.121172353455818,False,True,True,True,True,True,True,True,True,False,,True,21,16,9
Eryth,cellstate,10,0.5,0.02,3000,75,100,199,134,134,84,114,0.0915096228087735,0.0334517886756692,0.0111659746380877,0.2448658960834923,1.338009202109752,False,True,True,True,True,True,True,True,True,False,,False,20,2,1
Eryth,cellstate,10,0.5,0.02,3000,75,250,493,149,149,117,145,0.0763506822847482,0.0917429115438729,0.0223562488663159,1.4147469617268276,2.69435878831852,False,True,True,True,True,True,True,True,True,False,,True,22,8,5
Eryth,cellstate,10,0.5,0.02,3000,75,500,985,154,154,141,154,0.0615735665016396,0.1301476110696622,0.04180460062813,3.56552924199983,2.7133944486885664,False,True,True,True,True,True,True,True,True,False,,True,22,13,5
Eryth,cellstate,10,0.5,0.02,3000,75,1000,1967,152,152,147,152,0.0444509991605413,0.2355309286883332,0.085700592540955,8.210613454165214,2.235055768560474,False,True,True,True,True,True,True,True,True,False,,True,22,15,8
Eryth,cellstate,10,0.5,0.02,3000,100,100,200,135,135,87,117,0.0925389886578449,0.03564961787184,0.0110558319513543,0.110171365395246,0.4441127694859038,False,True,True,True,True,True,True,True,True,False,,False,20,1,1
Eryth,cellstate,10,0.5,0.02,3000,100,250,494,154,154,124,151,0.0754078177900893,0.087288462635252,0.0209659621424327,1.3510313216195569,2.924072659366777,False,True,True,True,True,True,True,True,True,False,,True,22,7,3
Eryth,cellstate,10,0.5,0.02,3000,100,500,982,157,157,137,156,0.0534430755011037,0.1235422115892168,0.0400947248081006,3.406581740976645,2.6756083619140942,False,True,True,True,True,True,True,True,True,False,,True,22,11,7
Eryth,cellstate,10,0.5,0.02,3000,100,1000,1958,156,156,152,156,0.0306303778526,0.2130765732957811,0.0809760132340777,7.971339950372208,2.3154673283705542,False,True,True,True,True,True,True,True,True,False,,True,22,15,7
Eryth,cellstate,10,0.5,0.02,4000,10,100,200,35,35,34,35,0.0155971148126115,0.3668820068820069,0.1680672268907563,3.803361344537815,2.160504201680672,False,True,True,True,True,True,True,True,False,False,,False,14,6,2
Eryth,cellstate,10,0.5,0.02,4000,10,250,479,35,35,35,35,-0.0155387389394393,0.687102621001328,0.4025210084033613,9.970588235294118,1.6487394957983192,False,True,True,True,True,True,True,True,False,False,,False,14,10,4
Eryth,cellstate,10,0.5,0.02,4000,10,500,576,37,37,37,36,-0.0141800277742709,0.7438352172788515,0.4324324324324324,11.123123123123124,1.5623123123123124,False,True,True,True,False,True,True,True,False,False,,False,11,10,6
Eryth,cellstate,10,0.5,0.02,4000,10,1000,578,37,37,37,36,-0.0150393625912746,0.7484546368506425,0.4339339339339339,11.15990990990991,1.5608108108108107,False,True,True,True,False,True,True,True,False,False,,False,11,10,6
Eryth,cellstate,10,0.5,0.02,4000,25,100,200,77,77,59,75,0.1236925361570248,0.1245823440628635,0.0341763499658236,1.0731373889268625,2.584928229665072,False,True,True,True,True,True,True,True,True,False,,False,15,6,5
Eryth,cellstate,10,0.5,0.02,4000,25,250,500,77,77,72,77,0.0652461923372857,0.2298246548445574,0.0854408749145591,3.8964456596035535,2.3749145591250853,False,True,True,True,True,True,True,True,True,False,,False,15,10,6
Eryth,cellstate,10,0.5,0.02,4000,25,500,1000,77,77,76,77,0.0314445429173057,0.3618291156426497,0.1708817498291182,8.892857142857142,2.0092276144907726,False,True,True,True,True,True,True,True,True,False,,False,15,12,6
Eryth,cellstate,10,0.5,0.02,4000,25,1000,1917,75,75,75,75,-0.0059292190940953,0.6577596933553912,0.3454054054054054,18.123423423423425,1.6976576576576576,False,True,True,True,True,True,True,True,True,False,,False,15,13,5
Eryth,cellstate,10,0.5,0.02,4000,50,100,199,118,118,79,104,0.1108400292184076,0.0627858488027979,0.0144140228885991,0.2109227871939736,0.7890047805302043,False,True,True,True,True,True,True,True,True,False,,True,21,2,2
Eryth,cellstate,10,0.5,0.02,4000,50,250,500,127,127,111,123,0.0728580158511725,0.0777009890174091,0.0312460942382202,1.860579927509061,2.786276715410574,False,True,True,True,True,True,True,True,True,False,,True,20,6,3
Eryth,cellstate,10,0.5,0.02,4000,50,500,1000,128,128,125,128,0.0343630821203763,0.1662346461122237,0.061515748031496,4.959522637795276,2.65046751968504,False,True,True,True,True,True,True,True,True,False,,True,20,10,4
Eryth,cellstate,10,0.5,0.02,4000,50,1000,2000,126,126,125,126,0.022451402720472,0.3113351817362701,0.1269841269841269,10.70463492063492,2.094095238095238,False,True,True,True,True,True,True,True,True,False,,True,21,17,10
Eryth,cellstate,10,0.5,0.02,4000,75,100,194,125,125,85,107,0.0776574927408155,0.0345333333333333,0.012516129032258,0.2654838709677419,1.2963870967741935,False,True,True,True,True,True,True,True,True,False,,False,19,1,1
Eryth,cellstate,10,0.5,0.02,4000,75,250,486,151,151,122,145,0.0497591777818562,0.0549786338988133,0.0214569536423841,1.2407505518763795,2.581942604856512,False,True,True,True,True,True,True,True,True,False,,True,22,7,4
Eryth,cellstate,10,0.5,0.02,4000,75,500,971,151,151,136,150,0.0432732912385127,0.1377637887924951,0.0428697571743929,3.3200441501103755,2.551699779249448,False,True,True,True,True,True,True,True,True,False,,True,22,11,6
Eryth,cellstate,10,0.5,0.02,4000,75,1000,1940,152,152,149,152,0.0427175878099173,0.2227543694184786,0.0845242244684559,8.199895433949111,2.311214708957825,False,True,True,True,True,True,True,True,True,False,,True,22,17,10
Eryth,cellstate,10,0.5,0.02,4000,100,100,192,124,124,84,107,0.0660919540229884,0.0216909882232462,0.012588512981904,0.3015342250196695,1.438303173354314,False,True,True,True,True,True,True,True,True,False,,False,19,1,1
Eryth,cellstate,10,0.5,0.02,4000,100,250,487,152,152,120,148,0.0497665243950192,0.0650262521187983,0.0212181944928546,1.2361449982572326,2.736493551760195,False,True,True,True,True,True,True,True,True,False,,True,22,6,3
Eryth,cellstate,10,0.5,0.02,4000,100,500,983,157,157,140,157,0.048741797061352,0.1260027210365072,0.0401355544667646,3.237465294790136,2.7627388535031847,False,True,True,True,True,True,True,True,True,False,,True,22,12,7
Eryth,cellstate,10,0.5,0.02,4000,100,1000,1925,156,156,154,156,0.0334515779159774,0.2083507492391366,0.0796112489660876,7.853928866832093,2.377791563275434,False,True,True,True,True,True,True,True,True,False,,True,22,14,6
Eryth,cellstate,10,0.5,0.03,2000,10,100,200,35,35,34,35,0.0396326545974632,0.3340725479248256,0.1680672268907563,3.852100840336135,2.269747899159664,False,True,True,True,False,True,True,True,False,False,,False,13,6,2
Eryth,cellstate,10,0.5,0.03,2000,10,250,464,35,35,35,35,-0.0037507440215678,0.6390786850324064,0.3899159663865546,10.036974789915966,1.6411764705882352,False,True,True,True,False,True,True,True,False,False,,False,13,11,7
Eryth,cellstate,10,0.5,0.03,2000,10,500,488,35,35,35,35,-0.0080112986095892,0.6568180484915811,0.4100840336134453,10.608403361344536,1.6176470588235294,False,True,True,True,False,True,True,True,False,False,,False,13,11,7
Eryth,cellstate,10,0.5,0.03,2000,10,1000,487,35,35,35,35,-0.011099747566984,0.6625808623460243,0.4092436974789916,10.50252100840336,1.6218487394957983,False,True,True,True,False,True,True,True,False,False,,False,13,11,7
Eryth,cellstate,10,0.5,0.03,2000,25,100,198,74,74,60,70,0.0876149269875608,0.1559661375450849,0.0366530914476119,1.1297667530544242,2.8039614957423176,False,True,True,True,True,True,True,True,True,False,,False,17,6,2
Eryth,cellstate,10,0.5,0.03,2000,25,250,500,78,78,75,78,0.0723432525951557,0.2471742589438942,0.0832500832500832,4.051781551781552,2.53962703962704,False,True,True,True,True,True,True,True,True,False,,False,17,8,3
Eryth,cellstate,10,0.5,0.03,2000,25,500,1000,78,78,78,78,0.0311425890884565,0.3868093800320613,0.1665001665001665,8.682484182484183,2.090742590742591,False,True,True,True,True,True,True,True,True,False,,False,17,14,9
Eryth,cellstate,10,0.5,0.03,2000,25,1000,1611,76,76,76,76,0.0116254907066175,0.5391367744447674,0.2826315789473684,15.24578947368421,1.7694736842105263,False,True,True,True,True,True,True,True,True,False,,False,16,14,10
Eryth,cellstate,10,0.5,0.03,2000,50,100,197,111,111,75,103,0.1103273930276832,0.0351653851653851,0.0161343161343161,0.4244062244062244,2.49000819000819,False,True,True,True,True,True,True,True,True,False,,False,19,4,1
Eryth,cellstate,10,0.5,0.03,2000,50,250,500,125,125,105,123,0.1029584864126696,0.1434117790284772,0.032258064516129,1.8978064516129032,2.8085161290322582,False,True,True,True,True,True,True,True,True,False,,True,20,6,2
Eryth,cellstate,10,0.5,0.03,2000,50,500,1000,127,127,123,127,0.069433928564495,0.1973046593406341,0.0624921884764404,4.653668291463567,2.609673790776153,False,True,True,True,True,True,True,True,True,False,,True,20,8,3
Eryth,cellstate,10,0.5,0.03,2000,50,1000,2000,127,127,127,127,0.0292980846505059,0.3186286498987371,0.1249843769528809,10.23015873015873,2.143669541307337,False,True,True,True,True,True,True,True,True,False,,True,20,17,11
Eryth,cellstate,10,0.5,0.03,2000,75,100,194,121,121,77,107,0.1585468618332761,0.0178528542164905,0.0133608815426997,0.2265151515151515,1.2821625344352616,False,True,True,True,True,True,True,True,True,False,,False,20,3,1
Eryth,cellstate,10,0.5,0.03,2000,75,250,490,150,150,118,146,0.1167114594437687,0.1153386522547512,0.0219239373601789,1.257986577181208,2.7841163310961967,False,True,True,True,True,True,True,True,True,False,,True,22,6,2
Eryth,cellstate,10,0.5,0.03,2000,75,500,983,154,154,141,154,0.0907221310440601,0.1515150078529207,0.0417197181903064,3.455946014769544,2.7167897462015107,False,True,True,True,True,True,True,True,True,False,,True,22,7,3
Eryth,cellstate,10,0.5,0.03,2000,75,1000,1960,153,153,152,153,0.0504339376624671,0.2338059310951331,0.0842793257653938,8.130374957000344,2.3495442036463707,False,True,True,True,True,True,True,True,True,False,,True,22,15,9
Eryth,cellstate,10,0.5,0.03,2000,100,100,194,123,123,76,111,0.1387851511379233,0.0269702294092538,0.0129281620685059,0.1398107423697187,0.5350526456084232,False,True,True,True,True,True,True,True,True,False,,False,20,2,1
Eryth,cellstate,10,0.5,0.03,2000,100,250,494,153,153,124,148,0.1143027057717911,0.094924261023838,0.0212418300653594,1.2469040247678018,2.756922944616443,False,True,True,True,True,True,True,True,True,False,,True,22,7,3
Eryth,cellstate,10,0.5,0.03,2000,100,500,976,156,156,144,156,0.0950081917309909,0.1611025411383371,0.0403639371381306,3.360132340777502,2.790570719602978,False,True,True,True,True,True,True,True,True,False,,True,22,7,3
Eryth,cellstate,10,0.5,0.03,2000,100,1000,1948,156,156,155,156,0.0455576447216444,0.2274817749545885,0.0805624483043837,7.790694789081886,2.389578163771712,False,True,True,True,True,True,True,True,True,False,,True,22,14,8
Eryth,cellstate,10,0.5,0.03,3000,10,100,200,35,35,32,35,0.0335165041966201,0.3583974662125923,0.1680672268907563,3.739495798319328,1.9899159663865549,False,True,True,True,False,True,True,True,False,False,,False,13,6,2
Eryth,cellstate,10,0.5,0.03,3000,10,250,496,35,35,35,35,-0.0281483420099592,0.6753650880047523,0.4168067226890756,11.053781512605042,1.6100840336134454,False,True,True,True,False,True,True,True,False,False,,False,12,12,8
Eryth,cellstate,10,0.5,0.03,3000,10,500,579,35,35,35,35,-0.0124275379394853,0.740545973129181,0.4865546218487395,13.05546218487395,1.5243697478991596,False,True,True,True,False,True,True,True,False,False,,False,13,12,8
Eryth,cellstate,10,0.5,0.03,3000,10,1000,578,35,35,35,35,-0.0117954546799983,0.7341224874150731,0.4857142857142857,13.042016806722687,1.5252100840336134,False,True,True,True,False,True,True,True,False,False,,False,13,12,8
Eryth,cellstate,10,0.5,0.03,3000,25,100,200,73,73,61,70,0.0487088639918286,0.1629450189885322,0.0380517503805175,1.229261796042618,3.139649923896499,False,True,True,True,True,True,True,True,True,False,,False,16,6,2
Eryth,cellstate,10,0.5,0.03,3000,25,250,500,75,75,73,75,0.0630976532591139,0.2372591645038362,0.09009009009009,4.293693693693694,2.521081081081081,False,True,True,True,True,True,True,True,True,False,,False,16,8,4
Eryth,cellstate,10,0.5,0.03,3000,25,500,1000,75,75,75,75,0.0230370469998397,0.3870565717530874,0.1801801801801801,9.313513513513511,2.0181981981981982,False,True,True,True,True,True,True,True,True,False,,False,16,9,5
Eryth,cellstate,10,0.5,0.03,3000,25,1000,1903,76,76,76,76,0.0034926457654665,0.6113060894291177,0.333859649122807,18.35456140350877,1.7,False,True,True,True,True,True,True,True,True,False,,False,17,17,12
Eryth,cellstate,10,0.5,0.03,3000,50,100,199,106,106,70,97,0.1265303140978816,0.0547979797979798,0.0178796046720575,0.4198562443845463,1.8991913746630729,False,True,True,True,True,True,True,True,True,False,,True,18,3,2
Eryth,cellstate,10,0.5,0.03,3000,50,250,500,128,128,103,124,0.0829532884395194,0.0998831982511597,0.030757874015748,1.902805118110236,2.7850639763779528,False,True,True,True,True,True,True,True,True,False,,True,20,6,2
Eryth,cellstate,10,0.5,0.03,3000,50,500,1000,127,127,122,127,0.0910289431291759,0.1559229246052866,0.0624921884764404,4.896637920259968,2.581427321584802,False,True,True,True,True,True,True,True,True,False,,True,20,7,2
Eryth,cellstate,10,0.5,0.03,3000,50,1000,2000,129,129,129,129,0.0373210781364915,0.2867381323020273,0.1211240310077519,10.375908430232558,2.1322068798449614,False,True,True,True,True,True,True,True,True,False,,True,20,13,7
Eryth,cellstate,10,0.5,0.03,3000,75,100,195,123,123,68,108,0.1495592319768144,0.0310081066178627,0.0129948020791683,0.1187524990003998,0.3705184592829534,False,True,True,True,True,True,True,True,True,False,,True,21,5,3
Eryth,cellstate,10,0.5,0.03,3000,75,250,499,148,148,120,143,0.1273991344679694,0.0722050668838594,0.02293620150763,1.383158668872955,2.510066188637617,False,True,True,True,True,True,True,True,True,False,,True,22,5,2
Eryth,cellstate,10,0.5,0.03,3000,75,500,987,151,151,144,150,0.0923795844106099,0.1180630191630468,0.0435761589403973,3.844944812362031,2.915187637969095,False,True,True,True,True,True,True,True,True,False,,True,22,8,4
Eryth,cellstate,10,0.5,0.03,3000,75,1000,1950,150,150,149,150,0.0583736366578093,0.2124303402726007,0.087248322147651,8.422326621923938,2.3269351230425057,False,True,True,True,True,True,True,True,True,False,,True,22,13,8
Eryth,cellstate,10,0.5,0.03,3000,100,100,195,122,122,75,109,0.1661121455389029,0.0290530507743622,0.0132095921961793,0.19150521609538,0.759991871020187,False,True,True,True,True,True,True,True,True,False,,False,19,2,1
Eryth,cellstate,10,0.5,0.03,3000,100,250,497,156,156,123,149,0.1191257094553798,0.069881787811652,0.0205541770057899,1.189454094292804,2.653308519437552,False,True,True,True,True,True,True,True,True,False,,True,22,5,2
Eryth,cellstate,10,0.5,0.03,3000,100,500,978,157,157,149,156,0.0851105634011499,0.1247610487457548,0.0399314061734443,3.541850400130655,2.980115956230606,False,True,True,True,True,True,True,True,True,False,,True,22,7,3
Eryth,cellstate,10,0.5,0.03,3000,100,1000,1964,159,159,159,159,0.0528708590118957,0.2043011555397198,0.0781784889738078,8.0128174508399,2.39535068863944,False,True,True,True,True,True,True,True,True,False,,True,22,10,6
Eryth,cellstate,10,0.5,0.03,4000,10,100,200,35,35,32,35,0.0243865264441396,0.393477866671144,0.1680672268907563,3.6705882352941175,1.9899159663865549,False,True,True,True,False,True,True,True,False,False,,False,13,6,2
Eryth,cellstate,10,0.5,0.03,4000,10,250,500,35,35,35,35,-0.0091340039310902,0.6910400929766377,0.4201680672268907,11.053781512605042,1.6067226890756303,False,True,True,True,False,True,True,True,False,False,,False,13,12,8
Eryth,cellstate,10,0.5,0.03,4000,10,500,630,35,35,35,35,-0.0316909478635204,0.7948414315000095,0.5294117647058824,13.98235294117647,1.484873949579832,False,True,True,True,False,True,True,True,False,False,,False,12,12,8
Eryth,cellstate,10,0.5,0.03,4000,10,1000,629,35,35,35,35,-0.0319201411033163,0.795351130437315,0.5285714285714286,13.926050420168067,1.4857142857142858,False,True,True,True,False,True,True,True,False,False,,False,12,12,8
Eryth,cellstate,10,0.5,0.03,4000,25,100,200,75,75,63,68,0.0814580739889559,0.1591740111740111,0.036036036036036,1.1297297297297295,2.684144144144144,False,True,True,True,True,True,True,True,True,False,,False,16,6,2
Eryth,cellstate,10,0.5,0.03,4000,25,250,500,78,78,74,78,0.0846190193038713,0.215300683127909,0.0832500832500832,4.05960705960706,2.5178155178155177,False,True,True,True,True,True,True,True,True,False,,False,16,5,1
Eryth,cellstate,10,0.5,0.03,4000,25,500,1000,77,77,77,77,0.0569348688964479,0.3698776114458916,0.1708817498291182,9.079801777170198,2.058783321941217,False,True,True,True,True,True,True,True,True,False,,False,16,8,4
Eryth,cellstate,10,0.5,0.03,4000,25,1000,1950,75,75,75,75,0.0029852125379774,0.6428410029091173,0.3513513513513513,19.085585585585587,1.6754954954954957,False,True,True,True,True,True,True,True,True,False,,False,16,17,13
Eryth,cellstate,10,0.5,0.03,4000,50,100,199,109,109,69,102,0.0918470132169347,0.0428399327481896,0.0169045191980971,0.3015630309208291,1.4334012911994565,False,True,True,True,True,True,True,True,True,False,,False,19,3,2
Eryth,cellstate,10,0.5,0.03,4000,50,250,500,122,122,103,121,0.0923065269536674,0.0878424841158942,0.0338707492209727,2.0504674163392496,2.958000270965994,False,True,True,True,True,True,True,True,True,False,,True,20,4,1
Eryth,cellstate,10,0.5,0.03,4000,50,500,1000,127,127,121,126,0.071580234123588,0.1827645597600206,0.0624921884764404,4.804899387576553,2.540682414698163,False,True,True,True,True,True,True,True,True,False,,True,21,10,5
Eryth,cellstate,10,0.5,0.03,4000,50,1000,1984,127,127,127,127,0.0425532273238816,0.2971262190990176,0.1239845019372578,10.584676915385575,2.132170978627672,False,True,True,True,True,True,True,True,True,False,,True,21,11,6
Eryth,cellstate,10,0.5,0.03,4000,75,100,185,113,113,74,94,0.0966553287981859,0.0259178383072188,0.0146175726927939,0.1797566371681415,0.8779235145385588,False,True,True,True,False,True,True,True,True,False,,False,18,2,2
Eryth,cellstate,10,0.5,0.03,4000,75,250,490,150,150,122,144,0.0986597357678618,0.069497579418632,0.0219239373601789,1.1991498881431768,2.694854586129754,False,True,True,True,True,True,True,True,True,False,,True,22,4,2
Eryth,cellstate,10,0.5,0.03,4000,75,500,975,147,147,139,145,0.0847732133167352,0.1296910924011014,0.0454291305563321,3.757291957879042,2.8964215823315627,False,True,True,True,True,True,True,True,True,False,,True,22,5,2
Eryth,cellstate,10,0.5,0.03,4000,75,1000,1969,154,154,154,154,0.0451866451853974,0.2145438768567,0.0835667600373482,8.311603429250487,2.3817163228927933,False,True,True,True,True,True,True,True,True,False,,True,22,11,7
Eryth,cellstate,10,0.5,0.03,4000,100,100,196,123,123,83,104,0.0696865175055706,0.0265207240816996,0.0130614420898307,0.1789284286285485,0.9529521524723444,False,True,True,True,False,True,True,True,True,False,,False,18,2,2
Eryth,cellstate,10,0.5,0.03,4000,100,250,480,151,151,127,144,0.1235590999365287,0.0641617807375501,0.0211920529801324,1.1316114790286975,2.695673289183223,False,True,True,True,True,True,True,True,True,False,,True,22,4,2
Eryth,cellstate,10,0.5,0.03,4000,100,500,952,155,155,147,153,0.0821651153818986,0.1214554427345125,0.039882697947214,3.3981566820276496,3.068370339338081,False,True,True,True,True,True,True,True,True,False,,True,22,5,2
Eryth,cellstate,10,0.5,0.03,4000,100,1000,1884,155,155,154,155,0.05164431811466,0.2053873620212629,0.0789275240888144,7.731797235023041,2.409593632174277,False,True,True,True,True,True,True,True,True,False,,True,22,9,5
Eryth,cellstate,10,0.75,0.005,2000,10,100,200,33,33,33,29,-0.0387889273356401,0.5076218998397438,0.1893939393939394,3.631628787878788,1.8598484848484849,False,True,True,True,False,True,True,True,True,False,,False,11,5,3
Eryth,cellstate,10,0.75,0.005,2000,10,250,260,31,31,31,28,-0.0335988206629676,0.586405708709214,0.2795698924731182,5.121505376344086,1.7010752688172044,False,True,True,False,False,True,True,True,True,False,,False,10,2,1
Eryth,cellstate,10,0.75,0.005,2000,10,500,260,31,31,31,28,-0.0335988206629676,0.586405708709214,0.2795698924731182,5.121505376344086,1.7010752688172044,False,True,True,False,False,True,True,True,True,False,,False,10,2,1
Eryth,cellstate,10,0.75,0.005,2000,10,1000,274,33,33,33,29,-0.0360118990865925,0.6031394687261132,0.2594696969696969,5.020833333333333,1.6543560606060606,False,True,True,True,False,True,True,True,True,False,,False,11,5,3
Eryth,cellstate,10,0.75,0.005,2000,25,100,200,66,66,52,60,0.0021644409234948,0.1625654648381921,0.0466200466200466,1.308857808857809,2.066666666666667,False,True,True,True,True,True,True,True,True,False,,False,16,1,1
Eryth,cellstate,10,0.75,0.005,2000,25,250,500,76,76,71,71,0.0095567026317399,0.31811059713753,0.087719298245614,3.4289473684210527,2.2663157894736843,False,True,True,True,True,True,True,True,True,False,,False,17,4,3
Eryth,cellstate,10,0.75,0.005,2000,25,500,831,76,76,76,72,-0.0147825048440198,0.4476663586138923,0.1457894736842105,6.115438596491228,2.095438596491228,False,True,True,True,True,True,True,True,True,False,,False,17,7,5
Eryth,cellstate,10,0.75,0.005,2000,25,1000,831,76,76,76,72,-0.0147825048440198,0.4476663586138923,0.1457894736842105,6.115438596491228,2.095438596491228,False,True,True,True,True,True,True,True,True,False,,False,17,7,5
Eryth,cellstate,10,0.75,0.005,2000,50,100,197,99,99,66,87,0.0160847668628338,0.0609587942921276,0.0203050917336631,0.6811997526283241,2.3426097711812,False,True,True,True,True,True,True,True,True,False,,False,19,3,3
Eryth,cellstate,10,0.75,0.005,2000,50,250,500,119,119,99,111,-0.0086536408052614,0.1464072737695187,0.0356074633243127,1.7570146702748897,2.552983905426577,False,True,True,True,True,True,True,True,True,False,,True,21,2,1
Eryth,cellstate,10,0.75,0.005,2000,50,500,1000,122,122,111,120,0.0004958448753462,0.2733751079381515,0.0677414984419455,4.258975748543558,2.4035361062186698,False,True,True,True,True,True,True,True,True,False,,True,22,4,2
Eryth,cellstate,10,0.75,0.005,2000,50,1000,1890,123,123,123,122,-0.011912,0.4162271640665515,0.1259496201519392,8.703451952552312,2.2227109156337463,False,True,True,True,True,True,True,True,True,False,,True,22,9,7
Eryth,cellstate,10,0.75,0.005,2000,75,100,195,113,113,80,92,-0.0031795583304428,0.0672242703216154,0.0154077117572692,0.4122155499367889,1.9352085967130213,False,True,True,True,True,True,True,True,True,False,,True,20,1,1
Eryth,cellstate,10,0.75,0.005,2000,75,250,486,134,134,108,124,0.0186409769934977,0.1296975912098827,0.0272696667040736,1.4354730108854226,2.612894175737852,False,True,True,True,True,True,True,True,True,False,,True,22,4,4
Eryth,cellstate,10,0.75,0.005,2000,75,500,980,139,139,124,134,0.0039662059377897,0.221603016866601,0.051089563132103,3.367479929100198,2.595349807110833,False,True,True,True,True,True,True,True,True,False,,True,22,4,2
Eryth,cellstate,10,0.75,0.005,2000,75,1000,1936,138,138,132,137,-0.0015920089389969,0.360303287009886,0.1024013540674918,7.616259388553898,2.1957579604358406,False,True,True,True,True,True,True,True,True,False,,True,22,8,7
Eryth,cellstate,10,0.75,0.005,2000,100,100,192,103,103,73,87,0.0297731568998109,0.0458769385953852,0.0182752712735579,0.5602512849800114,1.990005711022273,False,True,True,True,True,True,True,True,True,False,,False,19,3,3
Eryth,cellstate,10,0.75,0.005,2000,100,250,491,131,131,107,121,0.0116742382271467,0.170092909508101,0.0288314738696418,1.4407516147974164,2.377862595419847,False,True,True,True,True,True,True,True,True,False,,True,21,2,1
Eryth,cellstate,10,0.75,0.005,2000,100,500,980,140,140,124,135,0.0081283889327779,0.2146727478402746,0.0503597122302158,3.3036998972250773,2.605704008221994,False,True,True,True,True,True,True,True,True,False,,True,22,4,2
Eryth,cellstate,10,0.75,0.005,2000,100,1000,1936,139,139,133,138,-0.0009553495954594,0.3599055018163617,0.1009279532895422,7.558388072150975,2.2039933270774683,False,True,True,True,True,True,True,True,True,False,,True,22,8,7
Eryth,cellstate,10,0.75,0.005,3000,10,100,200,31,31,31,28,-0.0179680274805126,0.4546753583755481,0.2150537634408602,3.8634408602150536,1.9193548387096773,False,True,True,False,False,True,True,True,True,False,,False,10,2,1
Eryth,cellstate,10,0.75,0.005,3000,10,250,274,33,33,33,28,-0.0374730686365035,0.6046915393113953,0.2594696969696969,5.00094696969697,1.5672348484848484,False,True,True,True,False,True,True,True,True,False,,False,11,5,3
Eryth,cellstate,10,0.75,0.005,3000,10,500,274,33,33,33,28,-0.0374730686365035,0.6046915393113953,0.2594696969696969,5.00094696969697,1.5672348484848484,False,True,True,True,False,True,True,True,True,False,,False,11,5,3
Eryth,cellstate,10,0.75,0.005,3000,10,1000,260,31,31,31,28,-0.0335988206629676,0.586405708709214,0.2795698924731182,5.121505376344086,1.7010752688172044,False,True,True,False,False,True,True,True,True,False,,False,10,2,1
Eryth,cellstate,10,0.75,0.005,3000,25,100,200,66,66,53,60,-0.0032753842277652,0.1613580022670931,0.0466200466200466,1.3351981351981352,2.1344988344988347,False,True,True,True,True,True,True,True,True,False,,False,16,1,1
Eryth,cellstate,10,0.75,0.005,3000,25,250,500,76,76,71,71,0.0067256242568371,0.3178646881435374,0.087719298245614,3.4614035087719297,2.258947368421053,False,True,True,True,True,True,True,True,True,False,,False,17,4,3
Eryth,cellstate,10,0.75,0.005,3000,25,500,831,76,76,76,72,-0.0147825048440198,0.4476663586138923,0.1457894736842105,6.115438596491228,2.095438596491228,False,True,True,True,True,True,True,True,True,False,,False,17,7,5
Eryth,cellstate,10,0.75,0.005,3000,25,1000,735,70,70,70,64,-0.0355731708129646,0.4557010194653314,0.1521739130434782,5.760869565217392,1.9884057971014493,False,True,True,True,True,True,True,True,True,False,,False,16,4,3
Eryth,cellstate,10,0.75,0.005,3000,50,100,200,103,103,68,89,0.0194895973246347,0.073726866445313,0.0190367409099562,0.6274509803921569,2.1989339425090426,False,True,True,True,True,True,True,True,True,False,,True,20,3,3
Eryth,cellstate,10,0.75,0.005,3000,50,250,500,119,119,99,112,-0.0067663381243325,0.1450346718150781,0.0356074633243127,1.7547357926221336,2.507192707591511,False,True,True,True,True,True,True,True,True,False,,True,21,2,1
Eryth,cellstate,10,0.75,0.005,3000,50,500,1000,121,121,113,120,0.0120402497486354,0.282700978933169,0.0688705234159779,4.339669421487604,2.497038567493113,False,True,True,True,True,True,True,True,True,False,,True,22,5,4
Eryth,cellstate,10,0.75,0.005,3000,50,1000,1857,122,122,122,121,-0.009798973003615,0.4162200212286672,0.1257959626066928,8.606354152553854,2.229508196721312,False,True,True,True,True,True,True,True,True,False,,True,22,9,7
Eryth,cellstate,10,0.75,0.005,3000,75,100,192,104,104,73,87,0.0278305332359386,0.0432074869574869,0.0179238237490664,0.5546116504854369,2.070481702763256,False,True,True,True,True,True,True,True,True,False,,False,19,3,3
Eryth,cellstate,10,0.75,0.005,3000,75,250,487,134,134,108,124,0.0169288684894699,0.1307082684296075,0.0273257771293906,1.430142520480305,2.5147009314330604,False,True,True,True,True,True,True,True,True,False,,True,22,3,3
Eryth,cellstate,10,0.75,0.005,3000,75,500,966,135,135,121,131,0.0189715264650283,0.2415688858942764,0.0533996683250414,3.5240464344941955,2.513598673300166,False,True,True,True,True,True,True,True,True,False,,True,22,5,4
Eryth,cellstate,10,0.75,0.005,3000,75,1000,1936,138,138,132,137,0.0004558074069232,0.362119885327993,0.1024013540674918,7.613561832222575,2.1955463873902463,False,True,True,True,True,True,True,True,True,False,,True,22,8,7
Eryth,cellstate,10,0.75,0.005,3000,100,100,195,116,116,81,91,-0.0016186842409526,0.0615927176272003,0.0146176911544227,0.3723388305847076,1.7092203898050975,False,True,True,True,True,True,True,True,True,False,,True,20,1,1
Eryth,cellstate,10,0.75,0.005,3000,100,250,486,134,134,108,124,0.0244900017882607,0.1275269683696974,0.0272696667040736,1.4829985411289417,2.705869150488161,False,True,True,True,True,True,True,True,True,False,,True,22,3,3
Eryth,cellstate,10,0.75,0.005,3000,100,500,968,136,136,121,132,0.0163159136500811,0.2311735411587125,0.0527233115468409,3.463453159041394,2.495424836601307,False,True,True,True,True,True,True,True,True,False,,True,22,5,4
Eryth,cellstate,10,0.75,0.005,3000,100,1000,1946,142,142,140,141,-0.0014437229513782,0.3282974028713872,0.097193087603636,7.4475576865448,2.360703226450904,False,True,True,True,True,True,True,True,True,False,,True,22,6,4
Eryth,cellstate,10,0.75,0.005,4000,10,100,200,31,31,31,28,-0.0169275994186814,0.4486448591412139,0.2150537634408602,3.895698924731183,1.9172043010752688,False,True,True,False,False,True,True,True,True,False,,False,10,2,1
Eryth,cellstate,10,0.75,0.005,4000,10,250,274,33,33,33,29,-0.0360118990865925,0.6031394687261132,0.2594696969696969,5.020833333333333,1.6543560606060606,False,True,True,True,False,True,True,True,True,False,,False,11,5,3
Eryth,cellstate,10,0.75,0.005,4000,10,500,260,31,31,31,28,-0.0335988206629676,0.586405708709214,0.2795698924731182,5.121505376344086,1.7010752688172044,False,True,True,False,False,True,True,True,True,False,,False,10,2,1
Eryth,cellstate,10,0.75,0.005,4000,10,1000,260,31,31,31,28,-0.0335988206629676,0.586405708709214,0.2795698924731182,5.121505376344086,1.7010752688172044,False,True,True,False,False,True,True,True,True,False,,False,10,2,1
Eryth,cellstate,10,0.75,0.005,4000,25,100,200,66,66,53,60,0.0008818342151675,0.1627677036767945,0.0466200466200466,1.3305361305361303,2.1251748251748253,False,True,True,True,True,True,True,True,True,False,,False,16,1,1
Eryth,cellstate,10,0.75,0.005,4000,25,250,500,76,76,71,71,0.0051301512340473,0.3214379821484654,0.087719298245614,3.439824561403509,2.2601754385964914,False,True,True,True,True,True,True,True,True,False,,False,17,4,3
Eryth,cellstate,10,0.75,0.005,4000,25,500,831,76,76,76,72,-0.0147825048440198,0.4476663586138923,0.1457894736842105,6.115438596491228,2.095438596491228,False,True,True,True,True,True,True,True,True,False,,False,17,7,5
Eryth,cellstate,10,0.75,0.005,4000,25,1000,831,76,76,76,72,-0.0147825048440198,0.4476663586138923,0.1457894736842105,6.115438596491228,2.095438596491228,False,True,True,True,True,True,True,True,True,False,,False,17,7,5
Eryth,cellstate,10,0.75,0.005,4000,50,100,197,98,98,67,85,0.0091953372566772,0.0546161321671525,0.0207237534188933,0.6913528297917105,2.3757626762045025,False,True,True,True,True,True,True,True,True,False,,False,19,3,3
Eryth,cellstate,10,0.75,0.005,4000,50,250,500,118,118,98,111,-0.003506348037186,0.1424294166242006,0.0362161379110531,1.7777777777777777,2.5412139649427785,False,True,True,True,True,True,True,True,True,False,,True,21,2,1
Eryth,cellstate,10,0.75,0.005,4000,50,500,1000,120,120,113,118,0.015761221520186,0.2855104164941919,0.0700280112044818,4.388585434173669,2.4746498599439777,False,True,True,True,True,True,True,True,True,False,,True,22,5,4
Eryth,cellstate,10,0.75,0.005,4000,50,1000,1857,122,122,122,121,-0.009798973003615,0.4162200212286672,0.1257959626066928,8.606354152553854,2.229508196721312,False,True,True,True,True,True,True,True,True,False,,True,22,9,7
Eryth,cellstate,10,0.75,0.005,4000,75,100,195,113,113,79,91,-0.0032084634061741,0.0680881556987751,0.0154077117572692,0.3821902654867257,1.803176359039191,False,True,True,True,True,True,True,True,True,False,,True,20,1,1
Eryth,cellstate,10,0.75,0.005,4000,75,250,490,130,130,107,120,0.0014865851270273,0.17148434047308,0.0292188431723315,1.464102564102564,2.435837805605248,False,True,True,True,True,True,True,True,True,False,,True,21,2,1
Eryth,cellstate,10,0.75,0.005,4000,75,500,968,135,135,120,131,0.0159386814744802,0.2420299506647977,0.053510226644555,3.5037589828634603,2.488059701492537,False,True,True,True,True,True,True,True,True,False,,True,22,5,4
Eryth,cellstate,10,0.75,0.005,4000,75,1000,1945,140,140,138,139,-0.0026016972432789,0.3318610100436466,0.0999486125385406,7.599486125385406,2.34912641315519,False,True,True,True,True,True,True,True,True,False,,True,22,7,5
Eryth,cellstate,10,0.75,0.005,4000,100,100,195,115,115,80,92,-0.0009683200369984,0.0593815845989759,0.0148741418764302,0.3790999237223493,1.737757437070938,False,True,True,True,True,True,True,True,True,False,,True,20,1,1
Eryth,cellstate,10,0.75,0.005,4000,100,250,490,131,131,107,121,0.0020158316534736,0.1617201999902506,0.0287727539635936,1.4345273047563123,2.384908984145625,False,True,True,True,True,True,True,True,True,False,,True,21,2,1
Eryth,cellstate,10,0.75,0.005,4000,100,500,981,140,140,124,135,0.0079122945316778,0.2134974862376962,0.0504110996916752,3.306577595066804,2.595272353545735,False,True,True,True,True,True,True,True,True,False,,True,22,4,2
Eryth,cellstate,10,0.75,0.005,4000,100,1000,1936,139,139,132,138,-0.0005639879460449,0.357087589986038,0.1009279532895422,7.572307371494109,2.175633406318424,False,True,True,True,True,True,True,True,True,False,,True,22,8,7
Eryth,cellstate,10,0.75,0.01,2000,10,100,200,34,34,33,33,0.0211262844780962,0.3939364316959473,0.17825311942959,3.983957219251337,2.037433155080214,False,True,True,True,True,True,True,True,False,False,,False,13,5,3
Eryth,cellstate,10,0.75,0.01,2000,10,250,362,34,34,34,33,-0.0079219404531327,0.5939640760546119,0.3226381461675579,7.454545454545454,1.7513368983957218,False,True,True,True,True,True,True,True,False,False,,False,13,7,4
Eryth,cellstate,10,0.75,0.01,2000,10,500,320,32,32,32,30,0.0050813609467455,0.5873540241125255,0.3225806451612903,6.950604838709677,1.6431451612903225,False,True,True,True,True,True,True,True,False,False,,False,12,7,5
Eryth,cellstate,10,0.75,0.01,2000,10,1000,324,33,33,33,31,0.0153648985404058,0.59519971927368,0.3068181818181818,6.596590909090909,1.709280303030303,False,True,True,True,True,True,True,True,False,False,,False,13,8,6
Eryth,cellstate,10,0.75,0.01,2000,25,100,200,66,66,57,63,0.0746364477888262,0.1002211593120684,0.0466200466200466,1.6785547785547783,2.85034965034965,False,True,True,True,True,True,True,True,True,False,,False,16,4,2
Eryth,cellstate,10,0.75,0.01,2000,25,250,500,69,69,66,68,0.0140654894770408,0.2542188258814056,0.1065643648763853,4.615942028985507,2.3043478260869565,False,True,True,True,True,True,True,True,True,False,,False,16,6,5
Eryth,cellstate,10,0.75,0.01,2000,25,500,970,67,67,67,66,-0.0081969983775013,0.5061745589627962,0.2193577566711895,9.391677973767528,1.930348258706468,False,True,True,True,True,True,True,True,True,False,,False,16,7,4
Eryth,cellstate,10,0.75,0.01,2000,25,1000,976,66,66,66,65,-0.0081794213088155,0.518274169520781,0.2275058275058275,9.537529137529138,1.917948717948718,False,True,True,True,True,True,True,True,True,False,,False,16,7,4
Eryth,cellstate,10,0.75,0.01,2000,50,100,200,105,105,77,88,0.0594971483173579,0.0597609797609797,0.0183150183150183,0.5282967032967033,1.7375457875457876,False,True,True,True,True,True,True,True,True,False,,True,20,1,1
Eryth,cellstate,10,0.75,0.01,2000,50,250,500,120,120,102,117,0.0260816166264884,0.1082939824909638,0.0350140056022409,2.0629551820728294,2.7658963585434173,False,True,True,True,True,True,True,True,True,False,,True,20,6,4
Eryth,cellstate,10,0.75,0.01,2000,50,500,1000,120,120,113,118,0.0354235581424894,0.1992200564090088,0.0700280112044818,4.812605042016807,2.4367647058823527,False,True,True,True,True,True,True,True,True,False,,True,21,8,6
Eryth,cellstate,10,0.75,0.01,2000,50,1000,2000,119,119,119,118,0.0062884059665998,0.3957134202664724,0.1424298532972511,10.306152969662442,2.1073208944594786,False,True,True,True,True,True,True,True,True,False,,True,21,9,7
Eryth,cellstate,10,0.75,0.01,2000,75,100,193,111,111,79,93,0.0889173246777566,0.0347776347776347,0.0158067158067158,0.5167076167076167,2.2974610974610976,False,True,True,True,True,True,True,True,True,False,,False,20,1,1
Eryth,cellstate,10,0.75,0.01,2000,75,250,479,138,138,116,132,0.0754782962386099,0.088914166789722,0.0253358722098804,1.6336083782926054,2.949381148841637,False,True,True,True,True,True,True,True,True,False,,True,21,5,4
Eryth,cellstate,10,0.75,0.01,2000,75,500,959,147,147,135,145,0.0440337597531757,0.1407243705366523,0.0446836268754076,3.539558289069052,2.621936445811201,False,True,True,True,True,True,True,True,True,False,,True,22,7,6
Eryth,cellstate,10,0.75,0.01,2000,75,1000,1968,147,147,145,147,0.012107704364262,0.2861915312763492,0.0916969527537042,8.025719876991893,2.323641785481316,False,True,True,True,True,True,True,True,True,False,,True,22,8,6
Eryth,cellstate,10,0.75,0.01,2000,100,100,192,112,112,79,92,0.0692901234567901,0.0458262471655328,0.0154440154440154,0.4299388674388674,1.777429214929215,False,True,True,True,True,True,True,True,True,False,,False,20,1,1
Eryth,cellstate,10,0.75,0.01,2000,100,250,483,142,142,116,134,0.0465111179334239,0.089928659667682,0.0241234641893916,1.4985515932474278,2.7458795325142344,False,True,True,True,True,True,True,True,True,False,,True,21,4,3
Eryth,cellstate,10,0.75,0.01,2000,100,500,956,152,152,140,148,0.0432029257015306,0.1285029784692955,0.0416521436040432,3.337486929243639,2.66107528755664,False,True,True,True,True,True,True,True,True,False,,True,22,7,6
Eryth,cellstate,10,0.75,0.01,2000,100,1000,1906,152,152,148,152,0.023320128428909,0.2675235916265703,0.0830428720808644,7.332912164517253,2.353258975252701,False,True,True,True,True,True,True,True,True,False,,True,22,9,7
Eryth,cellstate,10,0.75,0.01,3000,10,100,200,34,34,33,32,0.0352724445646295,0.3648691564713236,0.17825311942959,4.0,1.940285204991088,False,True,True,True,True,True,True,True,False,False,,False,13,5,3
Eryth,cellstate,10,0.75,0.01,3000,10,250,362,33,33,33,31,-8.098477486233498e-05,0.6645009896385137,0.3428030303030303,7.165719696969697,1.652462121212121,False,True,True,True,True,True,True,True,False,False,,False,13,9,7
Eryth,cellstate,10,0.75,0.01,3000,10,500,395,34,34,34,33,-0.0167067641787038,0.6488052209969896,0.3520499108734403,8.023172905525847,1.692513368983957,False,True,True,True,True,True,True,True,False,False,,False,13,8,5
Eryth,cellstate,10,0.75,0.01,3000,10,1000,395,34,34,34,33,-0.0167067641787038,0.6488052209969896,0.3520499108734403,8.023172905525847,1.692513368983957,False,True,True,True,True,True,True,True,False,False,,False,13,8,5
Eryth,cellstate,10,0.75,0.01,3000,25,100,200,66,66,54,63,0.0392544896030245,0.1220199833836197,0.0466200466200466,1.5219114219114218,2.672727272727273,False,True,True,True,True,True,True,True,True,False,,False,16,4,3
Eryth,cellstate,10,0.75,0.01,3000,25,250,500,67,67,64,66,0.0085779035163286,0.292780938858975,0.1130710085933966,4.681818181818182,2.257123473541384,False,True,True,True,True,True,True,True,True,False,,False,16,6,4
Eryth,cellstate,10,0.75,0.01,3000,25,500,1000,67,67,67,66,-0.0110236230503085,0.5368519471540274,0.2261420171867933,9.38285843509724,1.9285391225689728,False,True,True,True,True,True,True,True,True,False,,False,16,8,5
Eryth,cellstate,10,0.75,0.01,3000,25,1000,1132,67,67,67,66,-0.0142858020947729,0.5855814592109398,0.25599276345545,10.783355947535052,1.846675712347354,False,True,True,True,True,True,True,True,True,False,,False,16,8,5
Eryth,cellstate,10,0.75,0.01,3000,50,100,198,107,107,81,89,0.0488531775018261,0.0660908146889455,0.0174572385822606,0.5862281784517722,2.305854346676071,False,True,True,True,True,True,True,True,True,False,,True,21,2,2
Eryth,cellstate,10,0.75,0.01,3000,50,250,500,122,122,103,120,0.0356817218957799,0.1065860259423421,0.0338707492209727,2.033803007722531,2.694350359029942,False,True,True,True,True,True,True,True,True,False,,True,21,6,4
Eryth,cellstate,10,0.75,0.01,3000,50,500,1000,121,121,112,120,0.0128975894813732,0.2096517572450322,0.0688705234159779,4.681542699724518,2.4103994490358125,False,True,True,True,True,True,True,True,True,False,,True,21,8,6
Eryth,cellstate,10,0.75,0.01,3000,50,1000,2000,122,122,120,122,0.0017300143062877,0.3745122278342532,0.135482996883891,10.16156347378404,2.108183173011787,False,True,True,True,True,True,True,True,True,False,,True,22,10,8
Eryth,cellstate,10,0.75,0.01,3000,75,100,195,119,119,87,98,0.0741084960965426,0.0374852971491627,0.0138869106964819,0.4114798461757584,2.038598490243555,False,True,True,True,True,True,True,True,True,False,,True,21,1,1
Eryth,cellstate,10,0.75,0.01,3000,75,250,480,137,137,117,130,0.0311945369000152,0.088603517576987,0.025762129669386,1.6545191069128382,2.851599398883641,False,True,True,True,True,True,True,True,True,False,,True,21,5,3
Eryth,cellstate,10,0.75,0.01,3000,75,500,957,148,148,137,146,0.0274176844621572,0.1562770974702521,0.0439878654164368,3.571566464423608,2.740715205000919,False,True,True,True,True,True,True,True,True,False,,True,22,6,5
Eryth,cellstate,10,0.75,0.01,3000,75,1000,1909,148,148,144,147,0.0083716623904464,0.2838136932798084,0.0877459091744806,7.628240485383342,2.3080529509100938,False,True,True,True,True,True,True,True,True,False,,True,22,10,8
Eryth,cellstate,10,0.75,0.01,3000,100,100,195,120,120,84,98,0.0314536157779401,0.0409325396825396,0.0136554621848739,0.1833333333333333,0.7137955182072829,False,True,True,True,True,True,True,True,True,False,,True,21,1,1
Eryth,cellstate,10,0.75,0.01,3000,100,250,481,140,140,117,132,0.0453629629629629,0.0894611235862701,0.0247173689619732,1.521120246659815,2.7295477903391574,False,True,True,True,True,True,True,True,True,False,,True,21,4,3
Eryth,cellstate,10,0.75,0.01,3000,100,500,957,150,150,138,147,0.0113243485895407,0.138375157594524,0.0428187919463087,3.342953020134228,2.6224608501118567,False,True,True,True,True,True,True,True,True,False,,True,21,6,4
Eryth,cellstate,10,0.75,0.01,3000,100,1000,1914,151,151,147,150,0.0049284223430916,0.2623288797987864,0.0845033112582781,7.376865342163355,2.340485651214128,False,True,True,True,True,True,True,True,True,False,,True,22,7,5
Eryth,cellstate,10,0.75,0.01,4000,10,100,200,34,34,33,32,0.0301514332071389,0.3930355703302342,0.17825311942959,3.940285204991088,1.9411764705882355,False,True,True,True,True,True,True,True,False,False,,False,13,5,3
Eryth,cellstate,10,0.75,0.01,4000,10,250,362,33,33,33,31,-8.098477486233498e-05,0.6645009896385137,0.3428030303030303,7.165719696969697,1.652462121212121,False,True,True,True,True,True,True,True,False,False,,False,13,9,7
Eryth,cellstate,10,0.75,0.01,4000,10,500,357,32,32,32,30,-0.0073215119550771,0.6712602579469545,0.3598790322580645,7.44758064516129,1.6118951612903225,False,True,True,True,True,True,True,True,False,False,,False,13,9,8
Eryth,cellstate,10,0.75,0.01,4000,10,1000,395,34,34,34,33,-0.0167067641787038,0.6488052209969896,0.3520499108734403,8.023172905525847,1.692513368983957,False,True,True,True,True,True,True,True,False,False,,False,13,8,5
Eryth,cellstate,10,0.75,0.01,4000,25,100,200,66,66,54,63,0.0383053323593864,0.1225468975468975,0.0466200466200466,1.5284382284382283,2.6818181818181817,False,True,True,True,True,True,True,True,True,False,,False,16,4,3
Eryth,cellstate,10,0.75,0.01,4000,25,250,500,69,69,65,68,0.0067013998368441,0.2588139537956062,0.1065643648763853,4.421781756180733,2.2653452685421995,False,True,True,True,True,True,True,True,True,False,,False,16,6,5
Eryth,cellstate,10,0.75,0.01,4000,25,500,1000,67,67,67,66,-0.0118861494775481,0.5360041555294381,0.2261420171867933,9.322478516508369,1.9425599276345544,False,True,True,True,True,True,True,True,True,False,,False,16,8,5
Eryth,cellstate,10,0.75,0.01,4000,25,1000,1244,69,69,69,69,-0.0152248063071036,0.5994495243303976,0.2651321398124467,11.61381074168798,1.8629582267689684,False,True,True,True,True,True,True,True,True,False,,False,16,9,8
Eryth,cellstate,10,0.75,0.01,4000,50,100,199,105,105,78,90,0.0505876633589751,0.0590844076558362,0.0182234432234432,0.5893772893772894,2.0671245421245423,False,True,True,True,True,True,True,True,True,False,,True,20,1,1
Eryth,cellstate,10,0.75,0.01,4000,50,250,500,120,120,106,116,0.0322750018262838,0.1165464274287803,0.0350140056022409,2.1509803921568627,3.0644257703081235,False,True,True,True,True,True,True,True,True,False,,True,20,4,3
Eryth,cellstate,10,0.75,0.01,4000,50,500,1000,121,121,112,120,0.0171232438332699,0.2122059022216626,0.0688705234159779,4.701928374655648,2.3977961432506887,False,True,True,True,True,True,True,True,True,False,,True,21,8,6
Eryth,cellstate,10,0.75,0.01,4000,50,1000,2000,125,125,125,125,-0.0061821228133133,0.3560007047282204,0.1290322580645161,9.994645161290322,2.1820645161290324,False,True,True,True,True,True,True,True,True,False,,True,21,8,5
Eryth,cellstate,10,0.75,0.01,4000,75,100,196,120,120,89,100,0.0766775846140925,0.034773606023606,0.0137254901960784,0.319047619047619,1.3507703081232494,False,True,True,True,True,True,True,True,True,False,,True,21,1,1
Eryth,cellstate,10,0.75,0.01,4000,75,250,480,138,138,115,132,0.0336987654320987,0.0887728349035388,0.0253887654712789,1.5527345816143023,2.719559928065165,False,True,True,True,True,True,True,True,True,False,,True,21,5,3
Eryth,cellstate,10,0.75,0.01,4000,75,500,958,148,148,137,146,0.0298576715445786,0.1558368590732393,0.0440338297481154,3.563706563706564,2.747609854752712,False,True,True,True,True,True,True,True,True,False,,True,22,6,5
Eryth,cellstate,10,0.75,0.01,4000,75,1000,1912,146,146,142,145,-0.0010322705795956,0.2752076623136816,0.09031648559282,7.740245630609353,2.290127538970241,False,True,True,True,True,True,True,True,True,False,,True,22,7,5
Eryth,cellstate,10,0.75,0.01,4000,100,100,190,114,114,84,95,0.0552318560560319,0.0388034480139743,0.0147492625368731,0.4134451172178233,2.054339388293743,False,True,True,True,True,True,True,True,True,False,,True,21,1,1
Eryth,cellstate,10,0.75,0.01,4000,100,250,480,140,140,116,132,0.0388666666666666,0.0873779007493071,0.0246659815005138,1.5024665981500511,2.63627954779034,False,True,True,True,True,True,True,True,True,False,,True,21,4,3
Eryth,cellstate,10,0.75,0.01,4000,100,500,957,150,150,139,147,0.0104144884750204,0.1429303670365205,0.0428187919463087,3.35248322147651,2.6491275167785235,False,True,True,True,True,True,True,True,True,False,,True,21,6,4
Eryth,cellstate,10,0.75,0.01,4000,100,1000,1908,150,150,146,149,0.0056031635211627,0.2636624731702531,0.0853691275167785,7.422550335570469,2.33592841163311,False,True,True,True,True,True,True,True,True,False,,True,22,7,5
Eryth,cellstate,10,0.75,0.02,2000,10,100,200,35,35,35,35,0.0175022956841138,0.3454269539983826,0.1680672268907563,4.03109243697479,2.227731092436975,False,False,True,True,True,True,True,True,False,False,,False,13,2,1
Eryth,cellstate,10,0.75,0.02,2000,10,250,448,35,35,35,35,-0.0096033161580129,0.6305940523626233,0.3764705882352941,9.730252100840335,1.6764705882352942,False,False,True,True,False,True,True,True,False,False,,False,12,7,5
Eryth,cellstate,10,0.75,0.02,2000,10,500,466,35,35,35,35,-0.0112080936322158,0.6428508350192871,0.3915966386554622,10.060504201680672,1.6588235294117648,False,False,True,True,False,True,True,True,False,False,,False,12,7,5
Eryth,cellstate,10,0.75,0.02,2000,10,1000,462,35,35,35,35,-0.0127157749440248,0.6421844561258637,0.388235294117647,9.795798319327732,1.6714285714285717,False,False,True,True,True,True,True,True,False,False,,False,13,9,5
Eryth,cellstate,10,0.75,0.02,2000,25,100,200,76,76,57,72,0.0721855150180344,0.1251478592198813,0.0350877192982456,1.135438596491228,2.5608771929824563,False,True,True,True,True,True,True,True,True,False,,False,17,8,5
Eryth,cellstate,10,0.75,0.02,2000,25,250,500,77,77,71,76,0.0597191167152783,0.2284675614603696,0.0854408749145591,3.8880724538619273,2.3255297334244704,False,True,True,True,True,True,True,True,True,False,,False,17,11,5
Eryth,cellstate,10,0.75,0.02,2000,25,500,1000,77,77,75,77,0.0264926848556741,0.3766795822899829,0.1708817498291182,8.588174982911825,1.9489063568010936,False,True,True,True,True,True,True,True,True,False,,False,17,11,5
Eryth,cellstate,10,0.75,0.02,2000,25,1000,1569,77,77,77,77,0.0005834421106759,0.5506611484499268,0.2681134654818865,14.03332194121668,1.8238209159261791,False,True,True,True,True,True,True,True,True,False,,False,17,13,6
Eryth,cellstate,10,0.75,0.02,2000,50,100,200,111,111,79,98,0.0593459609111592,0.0455459955459955,0.0163800163800163,0.500982800982801,2.5072891072891075,False,True,True,True,True,True,True,True,True,False,,False,17,1,1
Eryth,cellstate,10,0.75,0.02,2000,50,250,500,123,123,106,121,0.0778147762747138,0.1165828557714836,0.0333200053312008,2.179461548713848,2.8946421431427427,False,True,True,True,True,True,True,True,True,False,,True,20,4,1
Eryth,cellstate,10,0.75,0.02,2000,50,500,1000,124,124,118,124,0.0502185880529834,0.1947365311660711,0.06556517178075,5.031012326252295,2.465643849986887,False,True,True,True,True,True,True,True,True,False,,True,21,11,5
Eryth,cellstate,10,0.75,0.02,2000,50,1000,2000,127,127,126,127,0.0250588934262483,0.3245774619752404,0.1249843769528809,10.13429571303587,2.145481814773153,False,True,True,True,True,True,True,True,True,False,,True,21,13,6
Eryth,cellstate,10,0.75,0.02,2000,75,100,197,125,125,84,104,0.0837422219785641,0.0626799866799866,0.0127096774193548,0.1816129032258064,0.8806451612903226,False,True,True,True,False,True,True,True,True,False,,False,19,1,1
Eryth,cellstate,10,0.75,0.02,2000,75,250,499,142,142,113,135,0.0940294538855897,0.0959365694413216,0.024922585156328,1.581060833083608,2.773099590450504,False,True,True,True,True,True,True,True,True,False,,True,21,9,5
Eryth,cellstate,10,0.75,0.02,2000,75,500,1000,151,151,137,151,0.0665498062169917,0.1449720913731894,0.0441501103752759,3.726313465783664,2.675938189845475,False,True,True,True,True,True,True,True,True,False,,True,22,10,5
Eryth,cellstate,10,0.75,0.02,2000,75,1000,1958,151,151,146,151,0.0372025918478087,0.2362602572331639,0.0864459161147902,8.1521412803532,2.2611920529801326,False,True,True,True,True,True,True,True,True,False,,True,22,11,5
Eryth,cellstate,10,0.75,0.02,2000,100,100,196,123,123,81,105,0.0617143976932336,0.0479000222902662,0.0130614420898307,0.2394375583100093,1.314207650273224,False,True,True,True,False,True,True,True,True,False,,False,18,1,1
Eryth,cellstate,10,0.75,0.02,2000,100,250,483,141,141,114,140,0.0680594131143581,0.1015399536774939,0.0244680851063829,1.5923505572441743,2.893819655521783,False,True,True,True,True,True,True,True,True,False,,False,21,4,2
Eryth,cellstate,10,0.75,0.02,2000,100,500,968,150,150,137,149,0.0655816234016219,0.1353887154374397,0.04331096196868,3.627606263982103,2.649798657718121,False,True,True,True,True,True,True,True,True,False,,True,22,9,4
Eryth,cellstate,10,0.75,0.02,2000,100,1000,1992,156,156,155,156,0.0528806757626334,0.2345960989860006,0.0823821339950372,8.015591397849462,2.367990074441688,False,True,True,True,True,True,True,True,True,False,,True,22,12,6
Eryth,cellstate,10,0.75,0.02,3000,10,100,200,35,35,35,35,0.029527770805694,0.3419294197865627,0.1680672268907563,4.03781512605042,2.252941176470588,False,False,True,True,True,True,True,True,False,False,,False,13,2,1
Eryth,cellstate,10,0.75,0.02,3000,10,250,467,36,36,36,36,-1.107632325142785e-05,0.6526502761614331,0.3706349206349206,9.53968253968254,1.6952380952380952,False,False,True,True,False,True,True,True,False,False,,False,11,6,5
Eryth,cellstate,10,0.75,0.02,3000,10,500,484,35,35,35,35,-0.0162726678118868,0.6848097062657105,0.4067226890756302,10.382352941176473,1.6428571428571428,False,False,True,True,True,True,True,True,False,False,,False,13,7,2
Eryth,cellstate,10,0.75,0.02,3000,10,1000,500,36,36,36,36,-0.0107321521798032,0.6869644880429052,0.3968253968253968,10.2,1.6642857142857144,False,False,True,True,False,True,True,True,False,False,,False,11,6,5
Eryth,cellstate,10,0.75,0.02,3000,25,100,200,75,75,62,71,0.0977335841619636,0.1068707588707588,0.036036036036036,1.1677477477477478,2.620720720720721,False,True,True,True,True,True,True,True,True,False,,False,16,2,1
Eryth,cellstate,10,0.75,0.02,3000,25,250,500,78,78,72,77,0.0735063778382915,0.2589633545694513,0.0832500832500832,3.783549783549784,2.37962037962038,False,True,True,True,True,True,True,True,True,False,,False,16,11,6
Eryth,cellstate,10,0.75,0.02,3000,25,500,1000,75,75,74,75,0.015679357511577,0.3859184446076529,0.1801801801801801,9.190630630630633,1.9967567567567568,False,True,True,True,True,True,True,True,True,False,,False,16,10,4
Eryth,cellstate,10,0.75,0.02,3000,25,1000,1835,76,76,76,76,-0.0117319077976441,0.6183019734558194,0.3219298245614035,17.149298245614034,1.7357894736842103,False,True,True,True,True,True,True,True,True,False,,False,16,11,4
Eryth,cellstate,10,0.75,0.02,3000,50,100,199,114,114,75,99,0.0742556710775047,0.0428653704969494,0.0154479118149355,0.3646172954510169,1.5241422139419345,False,True,True,True,True,True,True,True,True,False,,True,20,7,4
Eryth,cellstate,10,0.75,0.02,3000,50,250,500,126,126,104,126,0.0766536012911665,0.1043673337943219,0.0317460317460317,1.9743492063492063,2.739174603174604,False,True,True,True,True,True,True,True,True,False,,True,22,7,3
Eryth,cellstate,10,0.75,0.02,3000,50,500,1000,126,126,120,126,0.0497779364804555,0.1873853471986476,0.0634920634920634,4.9375873015873015,2.5307936507936506,False,True,True,True,True,True,True,True,True,False,,True,22,12,6
Eryth,cellstate,10,0.75,0.02,3000,50,1000,2000,126,126,126,126,0.0277265687069152,0.3108465810904859,0.1269841269841269,10.615809523809524,2.1183492063492064,False,True,True,True,True,True,True,True,True,False,,True,21,17,10
Eryth,cellstate,10,0.75,0.02,3000,75,100,197,120,120,79,107,0.1053361249434133,0.0422540885040885,0.0137955182072829,0.3380952380952381,1.8698879551820728,False,True,True,True,True,True,True,True,True,False,,True,21,7,4
Eryth,cellstate,10,0.75,0.02,3000,75,250,493,149,149,118,148,0.0689369958620163,0.063214569441843,0.0223562488663159,1.4691637946671503,2.9993197895882457,False,True,True,True,True,True,True,True,True,False,,True,22,5,3
Eryth,cellstate,10,0.75,0.02,3000,75,500,991,153,153,141,152,0.0703613018238442,0.1328702552374225,0.0426126590987272,3.6726006191950464,2.6634416924664603,False,True,True,True,True,True,True,True,True,False,,True,22,11,7
Eryth,cellstate,10,0.75,0.02,3000,75,1000,1979,154,154,151,154,0.0363083186988959,0.2351124876268558,0.0839911722264663,8.182879212290977,2.287369493251846,False,True,True,True,True,True,True,True,True,False,,True,22,13,8
Eryth,cellstate,10,0.75,0.02,3000,100,100,197,123,123,80,107,0.0881638022248277,0.043520571569352,0.0131280821004931,0.1987871518059442,0.7563641210182593,False,True,True,True,True,True,True,True,True,False,,True,21,7,4
Eryth,cellstate,10,0.75,0.02,3000,100,250,494,149,149,121,142,0.0852314351517124,0.0844375058131369,0.0224015962270995,1.4565118810085254,2.8192907672773444,False,True,True,True,True,True,True,True,True,False,,True,22,9,5
Eryth,cellstate,10,0.75,0.02,3000,100,500,962,151,151,140,150,0.0566539393512839,0.1326186179866746,0.0424724061810154,3.6824724061810152,2.769757174392936,False,True,True,True,True,True,True,True,True,False,,True,22,10,5
Eryth,cellstate,10,0.75,0.02,3000,100,1000,1918,151,151,148,151,0.0357291301205954,0.2360953367303062,0.0846799116997792,8.033156732891833,2.305960264900662,False,True,True,True,True,True,True,True,True,False,,True,22,13,7
Eryth,cellstate,10,0.75,0.02,4000,10,100,200,37,37,35,37,0.0974308447352766,0.3815039946618894,0.1501501501501501,3.2304804804804803,2.274774774774775,False,False,True,True,False,True,True,True,False,False,,False,11,5,4
Eryth,cellstate,10,0.75,0.02,4000,10,250,500,37,37,37,37,-0.0071504032569764,0.6759001430524134,0.3753753753753753,9.701951951951951,1.71021021021021,False,False,True,True,False,True,True,True,False,False,,False,11,6,5
Eryth,cellstate,10,0.75,0.02,4000,10,500,572,37,37,37,37,-0.0151597020578209,0.7506707459240584,0.4294294294294294,11.062312312312311,1.6336336336336337,False,False,True,True,False,True,True,True,False,False,,False,11,6,5
Eryth,cellstate,10,0.75,0.02,4000,10,1000,570,37,37,37,37,-0.014697975002029,0.7478672200566739,0.4279279279279279,11.01876876876877,1.6358858858858858,False,False,True,True,False,True,True,True,False,False,,False,11,6,5
Eryth,cellstate,10,0.75,0.02,4000,25,100,200,73,73,61,68,0.1229011488448428,0.1288086342880863,0.0380517503805175,1.2081430745814308,2.451864535768645,False,True,True,True,True,True,True,True,True,False,,False,15,2,1
Eryth,cellstate,10,0.75,0.02,4000,25,250,500,74,74,70,74,0.0339514462809917,0.2386450546310322,0.0925583117363939,4.259718622732321,2.367271380970011,False,True,True,True,True,True,True,True,True,False,,False,15,7,2
Eryth,cellstate,10,0.75,0.02,4000,25,500,1000,74,74,73,74,0.0122025411393984,0.4204833895848691,0.1851166234727878,9.188078489448351,1.9657534246575343,False,True,True,True,True,True,True,True,True,False,,False,15,8,2
Eryth,cellstate,10,0.75,0.02,4000,25,1000,1991,77,77,77,77,-0.0015753674113016,0.6668011135983073,0.3402255639097744,17.99196855775803,1.7118933697881067,False,True,True,True,True,True,True,True,True,False,,False,16,15,9
Eryth,cellstate,10,0.75,0.02,4000,50,100,197,105,105,74,95,0.0907760757263578,0.0734203362774791,0.018040293040293,0.379029304029304,1.5718864468864469,False,True,True,True,True,True,True,True,True,False,,True,19,6,4
Eryth,cellstate,10,0.75,0.02,4000,50,250,493,124,124,106,122,0.0858054647640306,0.1244595394803927,0.0323236296879097,1.961709939680042,2.853920797272489,False,True,True,True,True,True,True,True,True,False,,True,21,12,7
Eryth,cellstate,10,0.75,0.02,4000,50,500,987,126,126,121,125,0.0520395061728395,0.1803284847973032,0.0626666666666666,4.760253968253968,2.533269841269841,False,True,True,True,True,True,True,True,True,False,,True,21,14,8
Eryth,cellstate,10,0.75,0.02,4000,50,1000,1969,126,126,125,126,0.0289085793665686,0.2918741963673387,0.125015873015873,10.590095238095238,2.1027301587301586,False,True,True,True,True,True,True,True,True,False,,True,21,16,8
Eryth,cellstate,10,0.75,0.02,4000,75,100,188,118,118,80,102,0.0681158032493855,0.0332501773179739,0.0136172678545559,0.1694190931479067,0.8481819498768651,False,False,True,True,True,True,True,True,True,False,,True,20,1,1
Eryth,cellstate,10,0.75,0.02,4000,75,250,492,147,147,121,143,0.0453752141317762,0.0797899534994372,0.022924238188426,1.5196626595843816,2.983552325039605,False,True,True,True,True,True,True,True,True,False,,True,22,5,3
Eryth,cellstate,10,0.75,0.02,4000,75,500,985,151,151,140,151,0.0411470189923282,0.1336891632953944,0.0434878587196468,3.739293598233996,2.7789403973509934,False,True,True,True,True,True,True,True,True,False,,True,22,11,6
Eryth,cellstate,10,0.75,0.02,4000,75,1000,1980,152,152,150,151,0.0439320789250132,0.2247602910019718,0.0862669919832694,8.31056117113977,2.3081648658069014,False,True,True,True,True,True,True,True,True,False,,True,22,15,8
Eryth,cellstate,10,0.75,0.02,4000,100,100,187,119,119,79,102,0.0324300169172332,0.0317901519582191,0.0133171912832929,0.171343113516593,0.7647058823529411,False,False,True,True,True,True,True,True,True,False,,False,19,1,1
Eryth,cellstate,10,0.75,0.02,4000,100,250,485,147,147,117,143,0.0448575542037718,0.0771674280709473,0.0225980803280216,1.4869070916037648,2.956481222626037,False,True,True,True,True,True,True,True,True,False,,True,22,5,3
Eryth,cellstate,10,0.75,0.02,4000,100,500,976,152,152,138,150,0.0750100275710755,0.1356880848721685,0.0425235273614499,3.528755663994424,2.671793307772743,False,True,True,True,True,True,True,True,True,False,,True,22,13,8
Eryth,cellstate,10,0.75,0.02,4000,100,1000,1906,151,151,148,151,0.0345375131842402,0.2302317727357942,0.0841501103752759,7.972008830022075,2.303090507726269,False,True,True,True,True,True,True,True,True,False,,True,22,13,7
Eryth,cellstate,10,0.75,0.03,2000,10,100,200,35,35,34,35,0.0409793916379889,0.3403582551901881,0.1680672268907563,4.079831932773109,2.1521008403361344,False,True,True,True,False,True,True,True,False,False,,False,13,6,2
Eryth,cellstate,10,0.75,0.03,2000,10,250,476,36,36,36,36,0.0049947490023104,0.6127883488480285,0.3777777777777777,10.097619047619048,1.6634920634920636,False,True,True,True,False,True,True,True,False,False,,False,13,11,7
Eryth,cellstate,10,0.75,0.03,2000,10,500,535,35,35,35,35,-0.0139043621387345,0.6851808322087305,0.4495798319327731,11.89747899159664,1.5663865546218487,False,True,True,True,False,True,True,True,False,False,,False,13,11,7
Eryth,cellstate,10,0.75,0.03,2000,10,1000,539,36,36,36,36,-0.0028062553109838,0.6630847924149256,0.4277777777777777,11.49126984126984,1.5952380952380951,False,True,True,True,False,True,True,True,False,False,,False,13,12,8
Eryth,cellstate,10,0.75,0.03,2000,25,100,200,72,72,57,70,0.0829562123529228,0.1457750866742095,0.0391236306729264,1.290884194053208,2.849569640062598,False,True,True,True,True,True,True,True,True,False,,False,16,4,1
Eryth,cellstate,10,0.75,0.03,2000,25,250,500,73,73,71,73,0.063768399432735,0.2576545776337977,0.0951293759512937,4.247716894977169,2.497146118721461,False,True,True,True,True,True,True,True,True,False,,False,16,7,3
Eryth,cellstate,10,0.75,0.03,2000,25,500,1000,78,78,78,78,0.0363320477502295,0.3796268803380309,0.1665001665001665,8.720945720945721,2.033966033966034,False,True,True,True,True,True,True,True,True,False,,False,18,11,6
Eryth,cellstate,10,0.75,0.03,2000,25,1000,1752,78,78,78,78,0.0052352210560451,0.5560660856402126,0.2917082917082917,16.074925074925076,1.7605727605727606,False,True,True,True,True,True,True,True,True,False,,False,18,15,10
Eryth,cellstate,10,0.75,0.03,2000,50,100,196,107,107,73,99,0.0818892645815723,0.0708254499760821,0.0172809028390054,0.453711867395521,2.002292364662317,False,True,True,True,True,True,True,True,True,False,,False,20,5,2
Eryth,cellstate,10,0.75,0.03,2000,50,250,500,125,125,108,121,0.0855037037037037,0.1365085694546566,0.032258064516129,1.8921290322580648,2.7619354838709675,False,True,True,True,True,True,True,True,True,False,,True,21,7,3
Eryth,cellstate,10,0.75,0.03,2000,50,500,1000,122,122,117,122,0.0789736250411493,0.2033265151967951,0.0677414984419455,4.919794065844736,2.538070722124373,False,True,True,True,True,True,True,True,True,False,,True,20,7,3
Eryth,cellstate,10,0.75,0.03,2000,50,1000,2000,126,126,126,126,0.0316005848913388,0.3197993870510672,0.1269841269841269,10.395873015873017,2.1222857142857143,False,True,True,True,True,True,True,True,True,False,,True,21,11,6
Eryth,cellstate,10,0.75,0.03,2000,75,100,200,128,128,83,113,0.1512768452057536,0.0655307340739326,0.0123031496062992,0.2609498031496063,1.2424950787401574,False,True,True,True,True,True,True,True,True,False,,False,21,5,2
Eryth,cellstate,10,0.75,0.03,2000,75,250,494,149,149,119,146,0.1128709829867675,0.0861447279861059,0.0224015962270995,1.3231906403047342,2.8853165245782697,False,True,True,True,True,True,True,True,True,False,,True,22,4,2
Eryth,cellstate,10,0.75,0.03,2000,75,500,987,149,149,141,149,0.0720253086419753,0.1592645845058946,0.0447578450934155,3.72533103573372,2.901097406130963,False,True,True,True,True,True,True,True,True,False,,True,22,7,4
Eryth,cellstate,10,0.75,0.03,2000,75,1000,2000,149,149,148,149,0.0493840557762445,0.2486681172995205,0.0906947215672047,8.477915835298386,2.290495193179757,False,True,True,True,True,True,True,True,True,False,,True,22,10,5
Eryth,cellstate,10,0.75,0.03,2000,100,100,199,126,126,81,113,0.1351497443389336,0.0549860451821236,0.0126349206349206,0.2753015873015873,1.2844444444444445,False,True,True,True,True,True,True,True,True,False,,False,21,5,2
Eryth,cellstate,10,0.75,0.03,2000,100,250,500,151,151,117,146,0.1126480234930684,0.0776524516760828,0.0220750551876379,1.2945253863134658,2.630949227373069,False,True,True,True,True,True,True,True,True,False,,True,22,7,3
Eryth,cellstate,10,0.75,0.03,2000,100,500,985,154,154,146,153,0.0810200979606243,0.1483233869997658,0.04180460062813,3.5709617180205417,2.983235718529836,False,True,True,True,True,True,True,True,True,False,,True,22,8,5
Eryth,cellstate,10,0.75,0.03,2000,100,1000,1976,154,154,154,154,0.0463866388545675,0.2262824463974906,0.0838638485697309,8.204821322468382,2.372379254732196,False,True,True,True,True,True,True,True,True,False,,True,22,9,5
Eryth,cellstate,10,0.75,0.03,3000,10,100,200,35,35,34,35,0.0487109374999999,0.3525254437439312,0.1680672268907563,4.000840336134454,2.180672268907563,False,True,True,True,False,True,True,True,False,False,,False,13,6,2
Eryth,cellstate,10,0.75,0.03,3000,10,250,488,35,35,35,35,-0.0094389397971772,0.64374725551422,0.4100840336134453,10.684873949579831,1.6201680672268908,False,True,True,True,False,True,True,True,False,False,,False,13,12,8
Eryth,cellstate,10,0.75,0.03,3000,10,500,595,35,35,35,35,-0.0271739130434782,0.7412903224813491,0.5,13.53529411764706,1.5100840336134451,False,True,True,True,False,True,True,True,False,False,,False,13,11,6
Eryth,cellstate,10,0.75,0.03,3000,10,1000,580,35,35,35,35,-0.0158745826680214,0.7340293788454022,0.4873949579831932,12.8,1.526890756302521,False,True,True,True,False,True,True,True,False,False,,False,13,12,8
Eryth,cellstate,10,0.75,0.03,3000,25,100,200,74,74,60,72,0.0994350987796885,0.1485113985113985,0.0370233246945575,1.1664198445020362,2.6443909663087743,False,True,True,True,True,True,True,True,True,False,,False,16,6,2
Eryth,cellstate,10,0.75,0.03,3000,25,250,500,77,77,72,77,0.0721322317575964,0.2382997923432195,0.0854408749145591,4.014866712235134,2.473000683527,False,True,True,True,True,True,True,True,True,False,,False,17,7,3
Eryth,cellstate,10,0.75,0.03,3000,25,500,1000,77,77,77,77,0.0422711974401992,0.3753033551235328,0.1708817498291182,8.876794258373206,2.0514354066985647,False,True,True,True,True,True,True,True,True,False,,False,17,10,6
Eryth,cellstate,10,0.75,0.03,3000,25,1000,1864,76,76,76,76,0.0096876885732334,0.6070888374328118,0.3270175438596491,17.768070175438595,1.7084210526315788,False,True,True,True,True,True,True,True,True,False,,False,17,14,8
Eryth,cellstate,10,0.75,0.03,3000,50,100,200,109,109,72,102,0.0866625169760072,0.0522114990004898,0.0169894665307509,0.3839619435949711,1.4648318042813455,False,True,True,True,True,True,True,True,True,False,,False,20,5,2
Eryth,cellstate,10,0.75,0.03,3000,50,250,500,127,127,101,127,0.0964203715812606,0.1087627112668898,0.0312460942382202,1.885264341957256,2.714098237720285,False,True,True,True,True,True,True,True,True,False,,True,22,6,2
Eryth,cellstate,10,0.75,0.03,3000,50,500,1000,123,123,119,123,0.0826269661303675,0.1786643076861635,0.0666400106624017,5.072570971611356,2.5624416899906706,False,True,True,True,True,True,True,True,True,False,,True,20,7,3
Eryth,cellstate,10,0.75,0.03,3000,50,1000,2000,125,125,125,125,0.0368955426418895,0.2973168294107755,0.1290322580645161,10.893290322580643,2.0935483870967744,False,True,True,True,True,True,True,True,True,False,,True,20,9,4
Eryth,cellstate,10,0.75,0.03,3000,75,100,200,127,127,86,114,0.1342679685867001,0.0147606549181352,0.012498437695288,0.1864141982252218,0.7387826521684789,False,True,True,True,True,True,True,True,True,False,,False,20,2,1
Eryth,cellstate,10,0.75,0.03,3000,75,250,496,150,150,123,145,0.111219281663516,0.0856587572500885,0.0221923937360178,1.3730648769574945,2.852662192393736,False,True,True,True,True,True,True,True,True,False,,True,22,4,2
Eryth,cellstate,10,0.75,0.03,3000,75,500,989,150,150,139,149,0.0815272335080001,0.1270217302938889,0.0442505592841163,3.684474272930649,2.688545861297539,False,True,True,True,True,True,True,True,True,False,,True,22,7,3
Eryth,cellstate,10,0.75,0.03,3000,75,1000,1978,151,151,150,151,0.0405786315627451,0.2237891402902089,0.0873289183222958,8.488874172185431,2.3190728476821194,False,True,True,True,True,True,True,True,True,False,,True,22,9,5
Eryth,cellstate,10,0.75,0.03,3000,100,100,194,121,121,80,112,0.1508187302499282,0.0151908697363242,0.0133608815426997,0.265358126721763,1.168595041322314,False,True,True,True,False,True,True,True,True,False,,False,18,2,1
Eryth,cellstate,10,0.75,0.03,3000,100,250,488,150,150,126,144,0.1243207342108441,0.0802700603490076,0.0218344519015659,1.2985682326621923,2.6686800894854588,False,True,True,True,True,True,True,True,True,False,,True,22,4,2
Eryth,cellstate,10,0.75,0.03,3000,100,500,970,152,152,141,151,0.0893488629241422,0.1268412029075194,0.0422621122342279,3.6036510979435343,2.86977169745556,False,True,True,True,True,True,True,True,True,False,,True,22,6,4
Eryth,cellstate,10,0.75,0.03,3000,100,1000,1938,152,152,152,152,0.0447927357192767,0.2158928376723524,0.0844370860927152,8.257493900313698,2.36467410247473,False,True,True,True,True,True,True,True,True,False,,True,22,10,6
Eryth,cellstate,10,0.75,0.03,4000,10,100,200,35,35,34,35,0.0514464099895941,0.3883392171738036,0.1680672268907563,3.815966386554622,2.1369747899159663,False,True,True,True,False,True,True,True,False,False,,False,13,7,3
Eryth,cellstate,10,0.75,0.03,4000,10,250,500,36,36,36,36,0.0047877873533524,0.6491804155437721,0.3968253968253968,10.672222222222222,1.6634920634920636,False,True,True,True,False,True,True,True,False,False,,False,13,10,5
Eryth,cellstate,10,0.75,0.03,4000,10,500,682,36,36,36,36,-0.024784352886486,0.8084407539442016,0.5412698412698412,14.873015873015872,1.4801587301587302,False,True,True,True,False,True,True,True,True,False,,False,14,12,7
Eryth,cellstate,10,0.75,0.03,4000,10,1000,645,35,35,35,35,-0.0258607893741411,0.8030159255710182,0.542016806722689,14.484033613445378,1.4714285714285715,False,True,True,True,False,True,True,True,False,False,,False,13,12,8
Eryth,cellstate,10,0.75,0.03,4000,25,100,200,76,76,58,75,0.1119659186667083,0.146673976608187,0.0350877192982456,1.1012280701754389,2.4919298245614034,False,True,True,True,True,True,True,True,True,False,,False,16,4,1
Eryth,cellstate,10,0.75,0.03,4000,25,250,500,77,77,72,77,0.0665606087575649,0.1972871251620467,0.0854408749145591,4.206766917293233,2.397812713602187,False,True,True,True,True,True,True,True,True,False,,False,16,6,2
Eryth,cellstate,10,0.75,0.03,4000,25,500,1000,77,77,76,77,0.0294952674401952,0.381946819204764,0.1708817498291182,8.742993848257006,2.044429254955571,False,True,True,True,True,True,True,True,True,False,,False,17,10,6
Eryth,cellstate,10,0.75,0.03,4000,25,1000,2000,77,77,77,77,0.0024857369403021,0.6493015634749806,0.3417634996582365,18.64747095010253,1.6946343130553656,False,True,True,True,True,True,True,True,True,False,,False,17,14,10
Eryth,cellstate,10,0.75,0.03,4000,50,100,200,114,114,74,105,0.0715342349957734,0.0385411128832181,0.015525539512498,0.2646328209905294,0.9795062878435026,False,True,True,True,True,True,True,True,True,False,,True,21,4,2
Eryth,cellstate,10,0.75,0.03,4000,50,250,500,126,126,111,125,0.0828866567572031,0.0700238266764877,0.0317460317460317,1.9995555555555555,3.075428571428572,False,True,True,True,True,True,True,True,True,False,,True,21,6,2
Eryth,cellstate,10,0.75,0.03,4000,50,500,1000,127,127,123,127,0.0649753184879381,0.1642358924573135,0.0624921884764404,4.85164354455693,2.608486439195101,False,True,True,True,True,True,True,True,True,False,,True,21,8,3
Eryth,cellstate,10,0.75,0.03,4000,50,1000,2000,127,127,127,127,0.0493448678179575,0.2963205934866733,0.1249843769528809,10.631921009873766,2.143669541307337,False,True,True,True,True,True,True,True,True,False,,True,21,13,8
Eryth,cellstate,10,0.75,0.03,4000,75,100,192,116,116,76,103,0.1150580734755712,0.0369184455391352,0.0143928035982009,0.2005247376311844,0.7889805097451275,False,True,True,True,True,True,True,True,True,False,,True,20,3,1
Eryth,cellstate,10,0.75,0.03,4000,75,250,494,149,149,115,145,0.0874218089602705,0.0899914545690305,0.0224015962270995,1.3569290767277344,2.935062579357881,False,True,True,True,True,True,True,True,True,False,,True,22,5,2
Eryth,cellstate,10,0.75,0.03,4000,75,500,979,150,150,141,150,0.0657585960616263,0.1430428233279044,0.0438031319910514,3.708680089485459,2.8383892617449664,False,True,True,True,True,True,True,True,True,False,,True,22,6,2
Eryth,cellstate,10,0.75,0.03,4000,75,1000,1975,151,151,150,151,0.0446155048427611,0.2236253098883641,0.0871964679911699,8.539735099337749,2.3253863134657835,False,True,True,True,True,True,True,True,True,False,,True,22,11,6
Eryth,cellstate,10,0.75,0.03,4000,100,100,199,126,126,84,110,0.1198633075009294,0.0103375020041686,0.0126349206349206,0.2052063492063492,0.967936507936508,False,True,True,True,True,True,True,True,True,False,,True,19,3,1
Eryth,cellstate,10,0.75,0.03,4000,100,250,486,151,151,123,144,0.0849659199617347,0.0742710207162875,0.0214569536423841,1.3596026490066224,2.979205298013245,False,True,True,True,True,True,True,True,True,False,,True,22,4,2
Eryth,cellstate,10,0.75,0.03,4000,100,500,960,151,151,140,149,0.0830295510204081,0.1229576841151439,0.0423841059602649,3.4699779249448124,2.7469315673289185,False,True,True,True,True,True,True,True,True,False,,True,22,5,3
Eryth,cellstate,10,0.75,0.03,4000,100,1000,1924,152,152,150,152,0.0476450279500415,0.2071537919904446,0.0838271174625304,8.143342628093412,2.3549146043917744,False,True,True,True,True,True,True,True,True,False,,True,22,7,4
Eryth,cellstate,10,0.9,0.005,2000,10,100,200,32,32,32,31,-0.0082415066695155,0.4280723077017582,0.2016129032258064,4.180443548387097,2.055443548387097,False,True,True,False,False,True,True,True,True,False,,False,11,2,1
Eryth,cellstate,10,0.9,0.005,2000,10,250,224,32,32,32,30,-0.0192428935610317,0.5035107500274624,0.2258064516129032,4.136088709677419,1.907258064516129,False,True,True,False,False,True,True,True,True,False,,False,9,2,1
Eryth,cellstate,10,0.9,0.005,2000,10,500,224,32,32,32,30,-0.0192428935610317,0.5035107500274624,0.2258064516129032,4.136088709677419,1.907258064516129,False,True,True,False,False,True,True,True,True,False,,False,9,2,1
Eryth,cellstate,10,0.9,0.005,2000,10,1000,224,32,32,32,30,-0.0192428935610317,0.5035107500274624,0.2258064516129032,4.136088709677419,1.907258064516129,False,True,True,False,False,True,True,True,True,False,,False,9,2,1
Eryth,cellstate,10,0.9,0.005,2000,25,100,200,66,66,52,62,0.0295085112798442,0.1788956182250581,0.0466200466200466,1.1167832167832168,2.167599067599068,False,True,True,True,True,True,True,True,True,False,,False,15,1,1
Eryth,cellstate,10,0.9,0.005,2000,25,250,500,67,67,65,65,-0.0299600222047031,0.3882927691337174,0.1130710085933966,4.005427408412484,2.3136589778380823,False,True,True,True,True,True,True,True,True,False,,True,16,4,3
Eryth,cellstate,10,0.9,0.005,2000,25,500,635,70,70,70,68,-0.0001810921804097,0.4202324472110741,0.1314699792960662,5.19751552795031,2.253830227743271,False,True,True,True,True,True,True,True,True,False,,False,16,3,2
Eryth,cellstate,10,0.9,0.005,2000,25,1000,635,70,70,70,68,-0.0001810921804097,0.4202324472110741,0.1314699792960662,5.19751552795031,2.253830227743271,False,True,True,True,True,True,True,True,True,False,,False,16,3,2
Eryth,cellstate,10,0.9,0.005,2000,50,100,197,94,94,63,78,-0.0069625284394616,0.0993076072863306,0.0225348890414092,0.3951040951727294,1.473232669869595,False,True,True,True,True,True,True,True,True,False,,False,18,2,1
Eryth,cellstate,10,0.9,0.005,2000,50,250,500,111,111,90,108,-0.0239005207779785,0.1713098813996197,0.0409500409500409,1.7885339885339886,2.622850122850122,False,True,True,True,True,True,True,True,True,False,,False,20,2,1
Eryth,cellstate,10,0.9,0.005,2000,50,500,997,115,115,110,113,-0.0269466519626809,0.285396530595049,0.0760488176964149,4.465751334858886,2.5235697940503434,False,True,True,True,True,True,True,True,True,False,,True,21,3,2
Eryth,cellstate,10,0.9,0.005,2000,50,1000,1488,115,115,115,114,-0.0245539420836183,0.3661636787375333,0.1135011441647597,7.0720823798627,2.3464530892448514,False,True,True,True,True,True,True,True,True,False,,True,21,5,4
Eryth,cellstate,10,0.9,0.005,2000,75,100,199,101,101,72,85,0.0056541748849441,0.0921700411799421,0.0197029702970297,0.3612871287128713,1.1716831683168316,False,True,True,True,True,True,True,True,True,False,,True,18,1,1
Eryth,cellstate,10,0.9,0.005,2000,75,250,500,125,125,97,115,0.0098973730180059,0.1590968938112832,0.032258064516129,1.3198709677419356,2.194516129032258,False,True,True,True,True,True,True,True,True,False,,False,20,2,1
Eryth,cellstate,10,0.9,0.005,2000,75,500,960,125,125,116,124,-0.0062902502009919,0.2789003793480674,0.0619354838709677,3.851290322580645,2.644064516129032,False,True,True,True,True,True,True,True,True,False,,True,21,2,1
Eryth,cellstate,10,0.9,0.005,2000,75,1000,1743,129,129,129,129,-0.0034770952982902,0.3595387945918016,0.1055595930232558,7.23625242248062,2.420058139534884,False,True,True,True,True,True,True,True,True,False,,True,21,5,4
Eryth,cellstate,10,0.9,0.005,2000,100,100,196,102,102,68,84,0.0168421052631579,0.0889878639878639,0.0190254319549602,0.3311007571345369,1.3423607066589012,False,True,True,True,True,True,True,True,True,False,,False,18,2,1
Eryth,cellstate,10,0.9,0.005,2000,100,250,500,126,126,99,116,0.0140461233539371,0.1537426214555624,0.0317460317460317,1.356952380952381,2.3135238095238093,False,True,True,True,True,True,True,True,True,False,,False,20,2,1
Eryth,cellstate,10,0.9,0.005,2000,100,500,962,126,126,117,125,-0.0055780251614659,0.2927738274428378,0.061079365079365,3.81968253968254,2.602095238095238,False,True,True,True,True,True,True,True,True,False,,True,21,2,1
Eryth,cellstate,10,0.9,0.005,2000,100,1000,1750,130,130,130,130,-0.0005565270664059,0.3578980177303891,0.1043530113297555,7.2016696481812765,2.42814549791294,False,True,True,True,True,True,True,True,True,False,,True,21,5,4
Eryth,cellstate,10,0.9,0.005,3000,10,100,200,32,32,32,30,-0.0210248783126014,0.4568748978167515,0.2016129032258064,3.7278225806451615,1.9778225806451613,False,True,True,False,False,True,True,True,True,False,,False,9,2,1
Eryth,cellstate,10,0.9,0.005,3000,10,250,224,32,32,32,30,-0.0192428935610317,0.5035107500274624,0.2258064516129032,4.136088709677419,1.907258064516129,False,True,True,False,False,True,True,True,True,False,,False,9,2,1
Eryth,cellstate,10,0.9,0.005,3000,10,500,224,32,32,32,30,-0.0192428935610317,0.5035107500274624,0.2258064516129032,4.136088709677419,1.907258064516129,False,True,True,False,False,True,True,True,True,False,,False,9,2,1
Eryth,cellstate,10,0.9,0.005,3000,10,1000,248,32,32,32,31,-0.0211119684499314,0.5319375826486895,0.25,5.125,1.90625,False,True,True,False,False,True,True,True,True,False,,False,11,2,1
Eryth,cellstate,10,0.9,0.005,3000,25,100,200,59,59,51,53,-0.0121378451788139,0.2012242742302562,0.0584453535943892,1.4973699590882523,2.5365283459964933,False,True,True,True,False,True,True,True,True,False,,False,13,2,1
Eryth,cellstate,10,0.9,0.005,3000,25,250,500,69,69,66,68,-0.0029951055592081,0.3763626701900686,0.1065643648763853,4.049445865302642,2.356990622335891,False,True,True,True,True,True,True,True,True,False,,False,15,3,2
Eryth,cellstate,10,0.9,0.005,3000,25,500,635,70,70,70,68,-0.0001810921804097,0.4202324472110741,0.1314699792960662,5.19751552795031,2.253830227743271,False,True,True,True,True,True,True,True,True,False,,False,16,3,2
Eryth,cellstate,10,0.9,0.005,3000,25,1000,635,70,70,70,68,-0.0001810921804097,0.4202324472110741,0.1314699792960662,5.19751552795031,2.253830227743271,False,True,True,True,True,True,True,True,True,False,,False,16,3,2
Eryth,cellstate,10,0.9,0.005,3000,50,100,200,94,94,66,81,0.0163994169096209,0.1056056584216784,0.022878059940517,0.434911919469229,1.1889727751086707,False,True,True,True,True,True,True,True,True,False,,True,17,1,1
Eryth,cellstate,10,0.9,0.005,3000,50,250,500,111,111,90,108,-0.0255372515676479,0.1673456490962211,0.0409500409500409,1.7946764946764946,2.6175266175266176,False,True,True,True,True,True,True,True,True,False,,False,20,2,1
Eryth,cellstate,10,0.9,0.005,3000,50,500,997,115,115,110,114,-0.0259768511100429,0.2949099646852997,0.0760488176964149,4.480244088482075,2.5569031273836766,False,True,True,True,True,True,True,True,True,False,,True,21,3,2
Eryth,cellstate,10,0.9,0.005,3000,50,1000,1488,115,115,115,114,-0.0245539420836183,0.3661636787375334,0.1135011441647597,7.0720823798627,2.3464530892448514,False,True,True,True,True,True,True,True,True,False,,True,21,5,4
Eryth,cellstate,10,0.9,0.005,3000,75,100,199,101,101,71,85,0.012163050624589,0.0880029761217879,0.0197029702970297,0.3679207920792079,1.125148514851485,False,True,True,True,True,True,True,True,True,False,,True,18,1,1
Eryth,cellstate,10,0.9,0.005,3000,75,250,500,125,125,98,115,0.0126499092985757,0.1535934216238411,0.032258064516129,1.374322580645161,2.2885806451612902,False,True,True,True,True,True,True,True,True,False,,False,20,2,1
Eryth,cellstate,10,0.9,0.005,3000,75,500,962,126,126,117,125,-0.0079599014624005,0.286152422231437,0.061079365079365,3.8334603174603177,2.6076190476190475,False,True,True,True,True,True,True,True,True,False,,True,21,2,1
Eryth,cellstate,10,0.9,0.005,3000,75,1000,1584,127,127,127,126,-0.0055554324432008,0.3612683653104508,0.0989876265466816,6.847019122609674,2.396137982752156,False,True,True,True,True,True,True,True,True,False,,True,21,5,3
Eryth,cellstate,10,0.9,0.005,3000,100,100,197,102,102,68,84,0.0180504920369507,0.0889878639878639,0.0191225004853426,0.3325567850902737,1.3394486507474277,False,True,True,True,True,True,True,True,True,False,,False,18,2,1
Eryth,cellstate,10,0.9,0.005,3000,100,250,500,126,126,98,115,0.0117386959150766,0.1611234200588152,0.0317460317460317,1.3107301587301587,2.19015873015873,False,True,True,True,True,True,True,True,True,False,,False,20,2,1
Eryth,cellstate,10,0.9,0.005,3000,100,500,962,126,126,117,125,-0.0113139058576711,0.2812221363513668,0.061079365079365,3.838730158730159,2.6006349206349206,False,True,True,True,True,True,True,True,True,False,,True,21,2,1
Eryth,cellstate,10,0.9,0.005,3000,100,1000,1584,127,127,127,126,-0.0005341066196206,0.3612683653104508,0.0989876265466816,6.847019122609674,2.396137982752156,False,True,True,True,True,True,True,True,True,False,,True,21,5,3
Eryth,cellstate,10,0.9,0.005,4000,10,100,200,32,32,30,31,-0.0121913580246913,0.4273127709708592,0.2016129032258064,4.004032258064516,1.908266129032258,False,True,True,False,False,True,True,True,True,False,,False,11,2,1
Eryth,cellstate,10,0.9,0.005,4000,10,250,224,32,32,32,30,-0.0192428935610317,0.5035107500274624,0.2258064516129032,4.136088709677419,1.907258064516129,False,True,True,False,False,True,True,True,True,False,,False,9,2,1
Eryth,cellstate,10,0.9,0.005,4000,10,500,248,32,32,32,31,-0.0211119684499314,0.5319375826486895,0.25,5.125,1.90625,False,True,True,False,False,True,True,True,True,False,,False,11,2,1
Eryth,cellstate,10,0.9,0.005,4000,10,1000,216,31,31,31,29,-0.0190955812854442,0.5136344297534748,0.232258064516129,4.083870967741936,1.9043010752688168,False,True,True,False,False,True,True,True,True,False,,False,9,2,1
Eryth,cellstate,10,0.9,0.005,4000,25,100,200,66,66,52,63,0.0039333767361111,0.2318085642037232,0.0466200466200466,1.1090909090909091,2.2125874125874128,False,True,True,True,True,True,True,True,True,False,,False,15,1,1
Eryth,cellstate,10,0.9,0.005,4000,25,250,500,69,69,66,68,-0.0057109712090018,0.3725602819403125,0.1065643648763853,4.099104859335038,2.3390878090366582,False,True,True,True,True,True,True,True,True,False,,False,15,2,2
Eryth,cellstate,10,0.9,0.005,4000,25,500,565,67,67,67,65,-0.0154717692525214,0.4193733531575749,0.1277702397105382,4.746947082767979,2.2921754862053367,False,True,True,True,True,True,True,True,True,False,,True,16,4,3
Eryth,cellstate,10,0.9,0.005,4000,25,1000,565,67,67,67,65,-0.0154717692525214,0.4193733531575749,0.1277702397105382,4.746947082767979,2.2921754862053367,False,True,True,True,True,True,True,True,True,False,,True,16,4,3
Eryth,cellstate,10,0.9,0.005,4000,50,100,198,96,96,65,79,-0.0047471788194444,0.093268537018537,0.0217105263157894,0.3701754385964912,1.3729166666666666,False,True,True,True,True,True,True,True,True,False,,False,19,2,1
Eryth,cellstate,10,0.9,0.005,4000,50,250,481,111,111,95,104,0.0116885590071343,0.189888883463845,0.0393939393939393,1.8923832923832924,2.511384111384112,False,True,True,True,True,True,True,True,True,False,,True,21,1,1
Eryth,cellstate,10,0.9,0.005,4000,50,500,999,116,116,110,115,-0.015389007023792,0.3059142790730964,0.074887556221889,4.567916041979011,2.479985007496252,False,True,True,True,True,True,True,True,True,False,,True,21,3,2
Eryth,cellstate,10,0.9,0.005,4000,50,1000,1432,116,116,116,115,-0.0101346520362587,0.373026076020164,0.1073463268365817,6.861169415292354,2.3590704647676164,False,True,True,True,True,True,True,True,True,False,,True,21,5,3
Eryth,cellstate,10,0.9,0.005,4000,75,100,198,102,102,68,84,0.0174967447916666,0.0867548029312735,0.0192195690157251,0.341681226946224,1.3781789943700251,False,True,True,True,True,True,True,True,True,False,,False,18,2,1
Eryth,cellstate,10,0.9,0.005,4000,75,250,473,120,120,99,108,-0.0009558360824545,0.1688331090109807,0.0331232492997198,1.5180672268907562,2.3728991596638656,False,True,True,True,True,True,True,True,True,False,,True,21,1,1
Eryth,cellstate,10,0.9,0.005,4000,75,500,998,128,128,120,124,-0.0069575943641895,0.257142707965831,0.061392716535433,3.7945989173228334,2.5741264763779528,False,True,True,True,True,True,True,True,True,False,,True,21,3,2
Eryth,cellstate,10,0.9,0.005,4000,75,1000,1743,129,129,129,129,-0.0034770952982902,0.3595387945918016,0.1055595930232558,7.23625242248062,2.420058139534884,False,True,True,True,True,True,True,True,True,False,,True,21,5,4
Eryth,cellstate,10,0.9,0.005,4000,100,100,199,100,100,71,85,0.0019855358316896,0.0998408813408813,0.0201010101010101,0.3766666666666666,1.1417171717171717,False,True,True,True,True,True,True,True,True,False,,True,18,1,1
Eryth,cellstate,10,0.9,0.005,4000,100,250,474,121,121,101,109,-0.0008069071249899,0.1639430116167245,0.0326446280991735,1.4967630853994491,2.359228650137741,False,True,True,True,True,True,True,True,True,False,,True,21,1,1
Eryth,cellstate,10,0.9,0.005,4000,100,500,990,128,128,120,122,-0.0055569461267873,0.2480731217815468,0.0609005905511811,3.709153543307087,2.5198080708661417,False,True,True,True,True,True,True,True,True,False,,True,21,3,2
Eryth,cellstate,10,0.9,0.005,4000,100,1000,1584,127,127,127,126,-0.0005341066196206,0.3612683653104508,0.0989876265466816,6.847019122609674,2.396137982752156,False,True,True,True,True,True,True,True,True,False,,True,21,5,3
Eryth,cellstate,10,0.9,0.01,2000,10,100,200,31,31,31,30,-0.0213040031708283,0.4953556616270088,0.2150537634408602,4.472043010752688,1.9655913978494624,False,True,True,False,False,True,True,True,True,False,,False,10,3,2
Eryth,cellstate,10,0.9,0.01,2000,10,250,301,31,31,31,30,-0.0331175427420326,0.6780393686466664,0.3236559139784946,6.7172043010752684,1.6870967741935483,False,True,True,False,False,True,True,True,True,False,,False,10,3,2
Eryth,cellstate,10,0.9,0.01,2000,10,500,301,31,31,31,30,-0.0331175427420326,0.6780393686466664,0.3236559139784946,6.7172043010752684,1.6870967741935483,False,True,True,False,False,True,True,True,True,False,,False,10,3,2
Eryth,cellstate,10,0.9,0.01,2000,10,1000,301,31,31,31,30,-0.0331175427420326,0.6780393686466664,0.3236559139784946,6.7172043010752684,1.6870967741935483,False,True,True,False,False,True,True,True,True,False,,False,10,3,2
Eryth,cellstate,10,0.9,0.01,2000,25,100,200,66,66,54,64,0.0289442274305555,0.1201099826099826,0.0466200466200466,1.4724941724941725,2.868997668997669,False,True,True,True,True,True,True,True,True,False,,False,16,1,1
Eryth,cellstate,10,0.9,0.01,2000,25,250,500,69,69,66,66,0.0063138793388969,0.3130146704627724,0.1065643648763853,4.153239556692242,2.253410059676044,False,True,True,True,True,True,True,True,True,False,,False,16,4,2
Eryth,cellstate,10,0.9,0.01,2000,25,500,895,69,69,69,67,-0.0159664512157586,0.4902771507181635,0.1907502131287297,7.941815856777493,1.9827365728900253,False,True,True,True,True,True,True,True,True,False,,False,16,6,3
Eryth,cellstate,10,0.9,0.01,2000,25,1000,972,69,69,69,69,-0.0110342938548731,0.5149392424089204,0.2071611253196931,8.9345694799659,2.01001705029838,False,True,True,True,True,True,True,True,True,False,,False,17,6,4
Eryth,cellstate,10,0.9,0.01,2000,50,100,197,98,98,72,90,0.0173545706371191,0.0835438937479753,0.0207237534188933,0.6608457816116137,2.426046707342731,False,True,True,True,True,True,True,True,True,False,,False,17,2,2
Eryth,cellstate,10,0.9,0.01,2000,50,250,492,113,113,97,110,0.0162196836876323,0.1475587244157616,0.0388748419721871,2.341182048040455,2.827433628318584,False,True,True,True,True,True,True,True,True,False,,False,18,2,2
Eryth,cellstate,10,0.9,0.01,2000,50,500,985,118,118,114,117,-0.0065854370466599,0.2309566590627291,0.0713457916847747,4.841083586846299,2.570114442995799,False,True,True,True,True,True,True,True,True,False,,True,20,4,2
Eryth,cellstate,10,0.9,0.01,2000,50,1000,1977,118,118,117,118,-0.017860925142506,0.3986344289960509,0.1431986093003042,10.434376358105172,2.0853976531942635,False,True,True,True,True,True,True,True,True,False,,True,20,6,3
Eryth,cellstate,10,0.9,0.01,2000,75,100,199,109,109,82,89,0.0226967462514733,0.1010414661790808,0.0169045191980971,0.4113999320421339,1.6168875297315664,False,True,True,True,True,True,True,True,True,False,,False,18,1,1
Eryth,cellstate,10,0.9,0.01,2000,75,250,489,130,130,107,127,0.0407973642631427,0.1182411798532199,0.0291592128801431,1.750685748360167,2.899045915324985,False,True,True,True,True,True,True,True,True,False,,False,19,2,2
Eryth,cellstate,10,0.9,0.01,2000,75,500,968,139,139,129,138,0.0181773557341125,0.1873505905487015,0.0504639766447711,3.802992388697737,2.6240746533208217,False,True,True,True,True,True,True,True,True,False,,True,21,3,3
Eryth,cellstate,10,0.9,0.01,2000,75,1000,1924,139,139,136,139,-0.0054384551940048,0.3134697641073589,0.1003023668022104,8.0902929830049,2.26113022625378,False,True,True,True,True,True,True,True,True,False,,True,21,4,2
Eryth,cellstate,10,0.9,0.01,2000,100,100,194,103,103,77,89,0.0161837935717519,0.0733969374746073,0.0184656386826575,0.3814011041309728,1.3889206167904056,False,True,True,True,True,True,True,True,True,False,,False,18,1,1
Eryth,cellstate,10,0.9,0.01,2000,100,250,488,132,132,108,129,0.0359626940015596,0.1181845666035083,0.0282211427249595,1.7168632893823734,2.907298172565348,False,True,True,True,True,True,True,True,True,False,,False,19,2,2
Eryth,cellstate,10,0.9,0.01,2000,100,500,961,139,139,130,138,0.0114201090748571,0.1798474071079733,0.0500990511938275,3.718016890835158,2.7770826816807426,False,True,True,True,True,True,True,True,True,False,,True,21,3,2
Eryth,cellstate,10,0.9,0.01,2000,100,1000,1927,140,140,137,140,-0.0025129922436207,0.3220050128322362,0.0990236382322713,8.003802672147996,2.280061664953751,False,True,True,True,True,True,True,True,True,False,,True,21,6,4
Eryth,cellstate,10,0.9,0.01,3000,10,100,200,33,33,32,31,-0.015058815575987,0.388547186049297,0.1893939393939394,3.850378787878788,1.93939393939394,False,True,True,False,True,True,True,True,False,False,,False,11,3,2
Eryth,cellstate,10,0.9,0.01,3000,10,250,290,32,32,32,31,-0.0254904875148632,0.6201764739580018,0.2923387096774194,5.773185483870968,1.810483870967742,False,True,True,False,True,True,True,True,False,False,,False,10,3,2
Eryth,cellstate,10,0.9,0.01,3000,10,500,311,33,33,33,31,-0.0284881813494977,0.6246321268638602,0.2945075757575757,6.015151515151516,1.7026515151515151,False,True,True,False,True,True,True,True,False,False,,False,11,4,3
Eryth,cellstate,10,0.9,0.01,3000,10,1000,311,33,33,33,31,-0.0284881813494977,0.6246321268638602,0.2945075757575757,6.015151515151516,1.7026515151515151,False,True,True,False,True,True,True,True,False,False,,False,11,4,3
Eryth,cellstate,10,0.9,0.01,3000,25,100,200,65,65,54,62,0.0060339157539535,0.1010109548571086,0.048076923076923,1.3478365384615385,2.426201923076923,False,True,True,True,True,True,True,True,True,False,,False,15,1,1
Eryth,cellstate,10,0.9,0.01,3000,25,250,500,69,69,66,66,0.0008337358799048,0.3122430491400703,0.1065643648763853,4.157928388746803,2.2598039215686274,False,True,True,True,True,True,True,True,True,False,,False,16,4,2
Eryth,cellstate,10,0.9,0.01,3000,25,500,949,69,69,69,69,-0.0102421910366681,0.5035867361247091,0.2022591645353793,8.768968456947997,2.020886615515772,False,True,True,True,True,True,True,True,True,False,,False,17,6,4
Eryth,cellstate,10,0.9,0.01,3000,25,1000,984,69,69,69,69,-0.0122328372230947,0.5194020607194391,0.2097186700767263,9.027280477408354,2.009377664109122,False,True,True,True,True,True,True,True,True,False,,False,16,6,4
Eryth,cellstate,10,0.9,0.01,3000,50,100,200,100,100,73,87,0.0201972386587771,0.1169270174270174,0.0202020202020202,0.5265656565656566,1.938989898989899,False,True,True,True,True,True,True,True,True,False,,False,17,1,1
Eryth,cellstate,10,0.9,0.01,3000,50,250,492,113,113,97,110,0.018486558550661,0.150364229488452,0.0388748419721871,2.309813527180784,2.8776074589127685,False,True,True,True,True,True,True,True,True,False,,False,18,2,2
Eryth,cellstate,10,0.9,0.01,3000,50,500,1000,117,117,112,116,0.0170893134104206,0.2554711057773611,0.0736811081638667,4.961096374889478,2.462422634836428,False,True,True,True,True,True,True,True,True,False,,True,20,5,3
Eryth,cellstate,10,0.9,0.01,3000,50,1000,2000,118,118,117,118,-0.0132985438936116,0.4081071013008741,0.1448645516442126,10.321816601477618,2.1127046211791973,False,True,True,True,True,True,True,True,True,False,,True,20,6,3
Eryth,cellstate,10,0.9,0.01,3000,75,100,199,110,110,82,89,0.0225484764542936,0.0998198770926043,0.0165971643035863,0.4075062552126772,1.6162635529608007,False,True,True,True,True,True,True,True,True,False,,False,18,1,1
Eryth,cellstate,10,0.9,0.01,3000,75,250,482,130,130,107,126,0.0314877672050494,0.1039185435678388,0.028741800834824,1.6765652951699463,2.7818127608825285,False,True,True,True,True,True,True,True,True,False,,False,19,2,2
Eryth,cellstate,10,0.9,0.01,3000,75,500,949,138,138,129,137,0.0072706362781359,0.1809210714889844,0.0501957050671744,3.727176557706548,2.773881307521422,False,True,True,True,True,True,True,True,True,False,,True,21,3,2
Eryth,cellstate,10,0.9,0.01,3000,75,1000,1898,138,138,135,138,-0.0068832708864795,0.3105791797923841,0.1003914101343488,8.107214640854755,2.2581191156246696,False,True,True,True,True,True,True,True,True,False,,True,21,4,2
Eryth,cellstate,10,0.9,0.01,3000,100,100,194,103,103,77,88,0.0135100724309642,0.0795689208310567,0.0184656386826575,0.3920616790405483,1.3911098419950505,False,True,True,True,True,True,True,True,True,False,,False,18,2,2
Eryth,cellstate,10,0.9,0.01,3000,100,250,488,131,131,108,128,0.0323497459892445,0.1183090393196034,0.0286553141514973,1.7478567234292426,2.923076923076923,False,True,True,True,True,True,True,True,True,False,,False,19,2,2
Eryth,cellstate,10,0.9,0.01,3000,100,500,959,139,139,128,138,0.0102760292975648,0.1820595615835696,0.0499947867792722,3.6952872484621,2.7144719007402776,False,True,True,True,True,True,True,True,True,False,,True,21,3,2
Eryth,cellstate,10,0.9,0.01,3000,100,1000,1922,139,139,136,139,-0.008531906790351,0.3121569921341174,0.1001981023876551,8.082994473986028,2.2636847044103847,False,True,True,True,True,True,True,True,True,False,,True,21,4,2
Eryth,cellstate,10,0.9,0.01,4000,10,100,200,31,31,31,30,-0.0209076496234641,0.4978115673511659,0.2150537634408602,4.460215053763441,1.964516129032258,False,True,True,False,False,True,True,True,True,False,,False,10,3,2
Eryth,cellstate,10,0.9,0.01,4000,10,250,301,31,31,31,30,-0.0331175427420326,0.6780393686466663,0.3236559139784946,6.7172043010752684,1.6870967741935483,False,True,True,False,False,True,True,True,True,False,,False,10,3,2
Eryth,cellstate,10,0.9,0.01,4000,10,500,301,31,31,31,30,-0.0331175427420326,0.6780393686466663,0.3236559139784946,6.7172043010752684,1.6870967741935483,False,True,True,False,False,True,True,True,True,False,,False,10,3,2
Eryth,cellstate,10,0.9,0.01,4000,10,1000,301,31,31,31,30,-0.0331175427420326,0.6780393686466664,0.3236559139784946,6.7172043010752684,1.6870967741935483,False,True,True,False,False,True,True,True,True,False,,False,10,3,2
Eryth,cellstate,10,0.9,0.01,4000,25,100,200,66,66,56,62,0.0270414736438145,0.1218671628430987,0.0466200466200466,1.4463869463869463,2.7006993006993008,False,True,True,True,True,True,True,True,True,False,,False,16,1,1
Eryth,cellstate,10,0.9,0.01,4000,25,250,500,68,68,66,68,0.0035243531236451,0.3070443337211049,0.1097453906935908,4.676251097453907,2.3751097453906937,False,True,True,True,True,True,True,True,True,False,,False,16,5,3
Eryth,cellstate,10,0.9,0.01,4000,25,500,918,69,69,69,68,-0.0167697585280002,0.4924036305701178,0.1956521739130435,8.285592497868713,2.0051150895140664,False,True,True,True,True,True,True,True,True,False,,False,16,6,3
Eryth,cellstate,10,0.9,0.01,4000,25,1000,895,69,69,69,67,-0.0159664512157586,0.4902771507181635,0.1907502131287297,7.941815856777493,1.9827365728900253,False,True,True,True,True,True,True,True,True,False,,False,16,6,3
Eryth,cellstate,10,0.9,0.01,4000,50,100,200,100,100,73,87,0.0139644970414201,0.1313079698079698,0.0202020202020202,0.5142424242424243,1.9142424242424243,False,True,True,True,True,True,True,True,True,False,,False,17,1,1
Eryth,cellstate,10,0.9,0.01,4000,50,250,500,116,116,101,113,0.0238502458324224,0.1462115128119451,0.0374812593703148,2.161094452773613,2.7140179910044977,False,True,True,True,True,True,True,True,True,False,,True,19,2,2
Eryth,cellstate,10,0.9,0.01,4000,50,500,1000,118,118,114,117,0.0117506925207756,0.248795074083891,0.0724322758221063,4.917354773286976,2.5004345936549326,False,True,True,True,True,True,True,True,True,False,,True,20,5,3
Eryth,cellstate,10,0.9,0.01,4000,50,1000,2000,118,118,117,118,-0.0106657504116733,0.4061968916799344,0.1448645516442126,10.330363610024628,2.1145878603505723,False,True,True,True,True,True,True,True,True,False,,True,20,6,3
Eryth,cellstate,10,0.9,0.01,4000,75,100,194,103,103,77,88,0.0230307831598008,0.0800312416817271,0.0184656386826575,0.3858747382448125,1.4229963830192272,False,True,True,True,True,True,True,True,True,False,,False,18,2,2
Eryth,cellstate,10,0.9,0.01,4000,75,250,482,130,130,106,125,0.0307178543506035,0.1074572402578811,0.028741800834824,1.6559928443649374,2.70494931425164,False,True,True,True,True,True,True,True,True,False,,False,19,2,2
Eryth,cellstate,10,0.9,0.01,4000,75,500,960,139,139,129,138,0.0088119004561398,0.1833689278986948,0.0500469189865498,3.70039620477531,2.723855698050256,False,True,True,True,True,True,True,True,True,False,,True,21,3,2
Eryth,cellstate,10,0.9,0.01,4000,75,1000,1926,139,139,136,139,-0.0019855693756792,0.3355017166764919,0.1004066312167657,8.038473568970911,2.270618287978313,False,True,True,True,True,True,True,True,True,False,,True,21,6,4
Eryth,cellstate,10,0.9,0.01,4000,100,100,199,110,110,83,90,0.0145966393465091,0.0988235501871865,0.0165971643035863,0.3892410341951626,1.5554628857381152,False,True,True,True,True,True,True,True,True,False,,False,18,1,1
Eryth,cellstate,10,0.9,0.01,4000,100,250,481,130,130,106,125,0.0233374351804413,0.1085134645368965,0.0286821705426356,1.6465712581991652,2.701431127012522,False,True,True,True,True,True,True,True,True,False,,False,19,2,2
Eryth,cellstate,10,0.9,0.01,4000,100,500,969,140,140,130,139,0.0181839551557087,0.1936738805320594,0.0497944501541623,3.804624871531346,2.626053442959918,False,True,True,True,True,True,True,True,True,False,,True,21,3,3
Eryth,cellstate,10,0.9,0.01,4000,100,1000,1922,139,139,136,139,-0.0085698457148494,0.3143521925509117,0.1001981023876551,8.079136690647482,2.2606610363882806,False,True,True,True,True,True,True,True,True,False,,True,21,4,2
Eryth,cellstate,10,0.9,0.02,2000,10,100,200,37,37,37,37,0.0370064279155188,0.2958579708579708,0.1501501501501501,3.4481981981981984,2.4121621621621623,False,True,True,True,True,True,True,True,False,False,,False,13,6,3
Eryth,cellstate,10,0.9,0.02,2000,10,250,402,35,35,35,35,-0.0066381030060632,0.6267071507284063,0.3378151260504202,8.181512605042016,1.7605042016806722,False,False,True,True,True,True,True,True,False,False,,False,12,4,3
Eryth,cellstate,10,0.9,0.02,2000,10,500,490,37,37,37,37,-0.0042027691237925,0.6568633233107422,0.3678678678678678,9.53903903903904,1.6824324324324325,False,True,True,True,True,True,True,True,False,False,,False,13,9,4
Eryth,cellstate,10,0.9,0.02,2000,10,1000,400,35,35,35,35,-0.0063634745461018,0.6231852103705751,0.3361344537815126,8.183193277310924,1.753781512605042,False,False,True,True,True,True,True,True,False,False,,False,12,4,3
Eryth,cellstate,10,0.9,0.02,2000,25,100,200,71,71,59,71,0.0313518898683734,0.1250739088767258,0.0402414486921529,1.4678068410462777,2.967203219315896,False,True,True,True,True,True,True,True,True,False,,False,15,2,1
Eryth,cellstate,10,0.9,0.02,2000,25,250,500,71,71,68,71,0.0428113800319825,0.286342468241848,0.1006036217303823,4.44728370221328,2.3490945674044266,False,True,True,True,True,True,True,True,True,False,,False,15,6,2
Eryth,cellstate,10,0.9,0.02,2000,25,500,1000,72,72,71,72,0.0057355327203894,0.4768800451068101,0.1956181533646322,9.10348200312989,1.9475743348982784,False,True,True,True,True,True,True,True,True,False,,False,16,7,3
Eryth,cellstate,10,0.9,0.02,2000,25,1000,1433,73,73,73,73,-0.002696430200867,0.5778156308989628,0.2726407914764079,13.454147640791476,1.812785388127854,False,True,True,True,True,True,True,True,True,False,,False,16,9,4
Eryth,cellstate,10,0.9,0.02,2000,50,100,196,97,97,72,90,0.0745606428488842,0.0577601665230531,0.0210481099656357,0.7527920962199313,2.906357388316151,False,True,True,True,True,True,True,True,True,False,,False,17,3,3
Eryth,cellstate,10,0.9,0.02,2000,50,250,500,120,120,103,115,0.0783640204967979,0.1321393645484202,0.0350140056022409,2.181022408963585,2.7710084033613445,False,True,True,True,True,True,True,True,True,False,,True,20,4,3
Eryth,cellstate,10,0.9,0.02,2000,50,500,1000,122,122,118,121,0.0537814770949222,0.2144044052782184,0.0677414984419455,4.919590841349411,2.488551686763312,False,True,True,True,True,True,True,True,True,False,,True,21,8,6
Eryth,cellstate,10,0.9,0.02,2000,50,1000,2000,123,123,122,123,0.0267885802469135,0.3598366114312261,0.1332800213248034,10.422630947620952,2.088497934159669,False,True,True,True,True,True,True,True,True,False,,True,21,12,7
Eryth,cellstate,10,0.9,0.02,2000,75,100,198,111,111,77,101,0.0933064583858234,0.042043342043342,0.0162162162162162,0.4863226863226863,2.41998361998362,False,True,True,True,True,True,True,True,True,False,,True,18,3,3
Eryth,cellstate,10,0.9,0.02,2000,75,250,494,135,135,114,135,0.0638139429606156,0.106350866386986,0.0273079049198452,1.7986733001658377,3.2010503040353786,False,True,True,True,True,True,True,True,True,False,,True,21,3,2
Eryth,cellstate,10,0.9,0.02,2000,75,500,984,137,137,132,136,0.0461061336180363,0.1801456124284243,0.0528123658222413,4.211249463288965,2.7038965221124944,False,True,True,True,True,True,True,True,True,False,,True,21,6,3
Eryth,cellstate,10,0.9,0.02,2000,75,1000,1960,138,138,136,138,0.0212450244799466,0.2872286253266686,0.1036707923410557,8.940759547233682,2.209457315138051,False,True,True,True,True,True,True,True,True,False,,True,21,11,7
Eryth,cellstate,10,0.9,0.02,2000,100,100,198,117,117,82,106,0.0470637119113573,0.0350945350945351,0.0145888594164456,0.5722074860005895,3.7911140583554377,False,True,True,True,True,True,True,True,True,False,,False,19,2,1
Eryth,cellstate,10,0.9,0.02,2000,100,250,494,135,135,113,135,0.0614848347668628,0.1101177092473961,0.0273079049198452,1.7897180762852405,3.0822553897180764,False,True,True,True,True,True,True,True,True,False,,True,21,4,2
Eryth,cellstate,10,0.9,0.02,2000,100,500,977,141,141,134,137,0.0595759259259259,0.1575853212787449,0.0494934143870314,3.920314083080041,2.647163120567376,False,True,True,True,True,True,True,True,True,False,,True,21,6,4
Eryth,cellstate,10,0.9,0.02,2000,100,1000,1949,141,141,138,140,0.0341440003242836,0.286269429775068,0.0987335359675785,8.512715298885512,2.1897669706180345,False,True,True,True,True,True,True,True,True,False,,True,21,11,7
Eryth,cellstate,10,0.9,0.02,3000,10,100,200,35,35,34,35,0.0438669125672776,0.3227921285064143,0.1680672268907563,3.615966386554622,2.279831932773109,False,True,True,True,True,True,True,True,False,False,,False,12,7,3
Eryth,cellstate,10,0.9,0.02,3000,10,250,500,36,36,36,36,-0.0105801244104892,0.7057185247346142,0.3968253968253968,10.05952380952381,1.6571428571428573,False,True,True,True,True,True,True,True,False,False,,False,13,10,5
Eryth,cellstate,10,0.9,0.02,3000,10,500,447,36,36,36,36,-0.0123942760837676,0.6784737751176763,0.3547619047619048,8.687301587301587,1.7261904761904765,False,False,True,True,True,True,True,True,False,False,,False,12,5,4
Eryth,cellstate,10,0.9,0.02,3000,10,1000,506,35,35,35,35,-0.0209589434395636,0.7433068077663935,0.4252100840336134,10.39747899159664,1.619327731092437,False,True,True,True,True,True,True,True,False,False,,False,12,10,5
Eryth,cellstate,10,0.9,0.02,3000,25,100,200,71,71,60,69,0.0435217534115679,0.1475178186445792,0.0402414486921529,1.4674044265593562,2.809859154929577,False,True,True,True,True,True,True,True,True,False,,False,15,2,1
Eryth,cellstate,10,0.9,0.02,3000,25,250,500,71,71,69,71,0.021741467209926,0.2676929054871699,0.1006036217303823,4.470422535211267,2.388128772635815,False,True,True,True,True,True,True,True,True,False,,False,15,5,2
Eryth,cellstate,10,0.9,0.02,3000,25,500,1000,73,73,71,73,0.0080485888424047,0.4281512058850275,0.1902587519025875,9.168759512937594,1.9225646879756468,False,True,True,True,True,True,True,True,True,False,,False,16,9,5
Eryth,cellstate,10,0.9,0.02,3000,25,1000,1649,73,73,73,73,-0.0127978096476417,0.6400804995350063,0.3137366818873668,15.589421613394215,1.7465753424657535,False,True,True,True,True,True,True,True,True,False,,False,16,10,5
Eryth,cellstate,10,0.9,0.02,3000,50,100,198,108,108,76,95,0.0630465173652038,0.0531866281866281,0.0171339563862928,0.5726029768085843,2.691415714780201,False,True,True,True,True,True,True,True,True,False,,True,19,2,1
Eryth,cellstate,10,0.9,0.02,3000,50,250,500,121,121,109,118,0.0475690357627886,0.113893461651911,0.0344352617079889,2.2133608815427,3.143181818181818,False,True,True,True,True,True,True,True,True,False,,True,20,3,1
Eryth,cellstate,10,0.9,0.02,3000,50,500,1000,124,124,122,123,0.036801367811206,0.188075976265303,0.06556517178075,4.82428533962759,2.6014293207448205,False,True,True,True,True,True,True,True,True,False,,True,21,6,4
Eryth,cellstate,10,0.9,0.02,3000,50,1000,2000,124,124,124,123,0.0165856615587664,0.3394067247772251,0.1311303435615001,10.476199842643588,2.0966430632048256,False,True,True,True,True,True,True,True,True,False,,True,21,14,9
Eryth,cellstate,10,0.9,0.02,3000,75,100,200,116,116,77,102,0.0707617728531855,0.0525980245807831,0.0149925037481259,0.2500749625187406,1.073088455772114,False,True,True,True,True,True,True,True,True,False,,True,18,3,3
Eryth,cellstate,10,0.9,0.02,3000,75,250,500,139,139,117,134,0.0604523841184103,0.0897442155220586,0.026066103638828,1.6556146387238035,2.980711083307267,False,True,True,True,True,True,True,True,True,False,,True,21,4,3
Eryth,cellstate,10,0.9,0.02,3000,75,500,1000,143,143,132,139,0.0552376976148603,0.1512822846322569,0.0492465281197675,3.849945828819069,2.5837190978036046,False,True,True,True,True,True,True,True,True,False,,True,21,6,4
Eryth,cellstate,10,0.9,0.02,3000,75,1000,2000,143,143,143,142,0.0188485135543625,0.2710199931788759,0.0984930562395351,8.800305328474343,2.26056338028169,False,True,True,True,True,True,True,True,True,False,,True,21,12,9
Eryth,cellstate,10,0.9,0.02,3000,100,100,196,122,122,82,106,0.0567451523545706,0.0296187874056726,0.0132773336946213,0.457661563473784,2.628166915052161,False,True,True,True,True,True,True,True,True,False,,True,20,2,1
Eryth,cellstate,10,0.9,0.02,3000,100,250,495,137,137,115,133,0.0599154524857705,0.0936150379366351,0.0265671962215543,1.6775976814083298,3.076320309145556,False,True,True,True,True,True,True,True,True,False,,True,20,4,3
Eryth,cellstate,10,0.9,0.02,3000,100,500,986,138,138,134,138,0.0338118380122101,0.1812890343358328,0.0521527557389188,4.219771501110759,2.807574315032265,False,True,True,True,True,True,True,True,True,False,,True,21,5,3
Eryth,cellstate,10,0.9,0.02,3000,100,1000,1960,138,138,138,138,0.0036271397246192,0.2894897660405599,0.1036707923410557,9.074473712049086,2.2509256320744737,False,True,True,True,True,True,True,True,True,False,,True,21,9,5
Eryth,cellstate,10,0.9,0.02,4000,10,100,200,36,36,36,36,0.0320069204152249,0.3356738940072273,0.1587301587301587,3.85,2.361904761904762,False,False,True,True,True,True,True,True,False,False,,False,12,3,2
Eryth,cellstate,10,0.9,0.02,4000,10,250,448,36,36,36,36,-0.0130818351812912,0.6806763657272813,0.3555555555555555,8.693650793650793,1.7253968253968257,False,False,True,True,True,True,True,True,False,False,,False,12,5,4
Eryth,cellstate,10,0.9,0.02,4000,10,500,551,36,36,36,36,-0.0185578156180091,0.7498917631247708,0.4373015873015873,11.083333333333334,1.6055555555555556,False,True,True,True,True,True,True,True,False,False,,False,13,10,5
Eryth,cellstate,10,0.9,0.02,4000,10,1000,448,36,36,36,36,-0.0130818351812912,0.6806763657272813,0.3555555555555555,8.693650793650793,1.7253968253968257,False,False,True,True,True,True,True,True,False,False,,False,12,5,4
Eryth,cellstate,10,0.9,0.02,4000,25,100,200,71,71,61,69,0.0379975514347994,0.1566966679642736,0.0402414486921529,1.5044265593561368,3.0420523138833,False,True,True,True,True,True,True,True,True,False,,False,15,2,1
Eryth,cellstate,10,0.9,0.02,4000,25,250,500,71,71,68,71,0.0165078546237369,0.2345506238204912,0.1006036217303823,4.46579476861167,2.3712273641851107,False,True,True,True,True,True,True,True,True,False,,False,15,6,4
Eryth,cellstate,10,0.9,0.02,4000,25,500,1000,72,72,70,72,0.0033108732989826,0.4608289245677021,0.1956181533646322,9.320813771517996,1.913145539906104,False,True,True,True,True,True,True,True,True,False,,False,16,8,4
Eryth,cellstate,10,0.9,0.02,4000,25,1000,1557,72,72,72,72,-0.0078235144223441,0.634393555485411,0.3045774647887324,14.824921752738652,1.767605633802817,False,True,True,True,True,True,True,True,True,False,,False,16,9,4
Eryth,cellstate,10,0.9,0.02,4000,50,100,197,105,105,72,95,0.0768175582990397,0.056767253910111,0.018040293040293,0.5915750915750916,3.4802197802197803,False,True,True,True,True,True,True,True,True,False,,True,18,2,2
Eryth,cellstate,10,0.9,0.02,4000,50,250,500,123,123,107,120,0.0547012222725215,0.0983926533226573,0.0333200053312008,2.005197920831668,2.752032520325203,False,True,True,True,True,True,True,True,True,False,,True,20,5,4
Eryth,cellstate,10,0.9,0.02,4000,50,500,1000,125,125,121,123,0.0326115983583515,0.1950665003899591,0.064516129032258,4.694709677419355,2.549741935483871,False,True,True,True,True,True,True,True,True,False,,True,21,7,5
Eryth,cellstate,10,0.9,0.02,4000,50,1000,2000,125,125,125,124,0.0095064814814814,0.3347437663341329,0.1290322580645161,10.376903225806451,2.105806451612904,False,True,True,True,True,True,True,True,True,False,,True,21,13,9
Eryth,cellstate,10,0.9,0.02,4000,75,100,198,115,115,75,101,0.055553983703033,0.055827168001081,0.0151029748283752,0.2372234935163997,0.9522501906941266,False,True,True,True,True,True,True,True,True,False,,True,18,3,3
Eryth,cellstate,10,0.9,0.02,4000,75,250,494,136,136,114,134,0.042350151685216,0.1135053771629531,0.0269063180827886,1.7631808278867105,3.164760348583878,False,True,True,True,True,True,True,True,True,False,,True,21,3,2
Eryth,cellstate,10,0.9,0.02,4000,75,500,986,138,138,134,138,0.0273654610476157,0.1816749122351588,0.0521527557389188,4.206812652068127,2.8287845128530624,False,True,True,True,True,True,True,True,True,False,,True,21,5,3
Eryth,cellstate,10,0.9,0.02,4000,75,1000,1960,138,138,138,138,0.0058928768927587,0.2875653666538796,0.1036707923410557,9.074103459219296,2.249867766846504,False,True,True,True,True,True,True,True,True,False,,True,21,9,5
Eryth,cellstate,10,0.9,0.02,4000,100,100,197,116,116,77,101,0.0447883657763694,0.06579966967898,0.014767616191904,0.2014992503748126,0.6958020989505247,False,True,True,True,True,True,True,True,True,False,,True,18,3,3
Eryth,cellstate,10,0.9,0.02,4000,100,250,494,136,136,115,134,0.0461546783507106,0.1176958650250171,0.0269063180827886,1.7783769063180828,3.1929193899782136,False,True,True,True,True,True,True,True,True,False,,True,21,3,2
Eryth,cellstate,10,0.9,0.02,4000,100,500,985,138,138,134,138,0.028774906412269,0.1819031996424865,0.0520998624775203,4.229662540992278,2.816513276208611,False,True,True,True,True,True,True,True,True,False,,True,21,5,3
Eryth,cellstate,10,0.9,0.02,4000,100,1000,1960,138,138,138,138,0.0056201487059864,0.2840089819143165,0.1036707923410557,9.11049402306146,2.250238019676293,False,True,True,True,True,True,True,True,True,False,,True,21,9,5
Eryth,cellstate,10,0.9,0.03,2000,10,100,200,36,36,35,36,0.0762316268662474,0.3523078092931034,0.1587301587301587,3.592857142857143,2.236507936507937,False,True,True,True,True,True,True,True,False,False,,False,13,6,2
Eryth,cellstate,10,0.9,0.03,2000,10,250,482,36,36,36,36,-0.0030246913580247,0.6333707753667662,0.3825396825396825,9.985714285714286,1.6492063492063491,False,True,True,True,True,True,True,True,False,False,,False,13,10,6
Eryth,cellstate,10,0.9,0.03,2000,10,500,534,36,36,36,36,-0.0245429144965277,0.6711254894242948,0.4238095238095238,11.08015873015873,1.6055555555555556,False,True,True,True,True,True,True,True,False,False,,False,12,10,6
Eryth,cellstate,10,0.9,0.03,2000,10,1000,527,36,36,36,36,-0.0115635014336312,0.6683096658218808,0.4182539682539682,10.98968253968254,1.6047619047619048,False,True,True,True,True,True,True,True,False,False,,False,13,10,6
Eryth,cellstate,10,0.9,0.03,2000,25,100,200,70,70,58,68,0.0754814144377516,0.1806081220366934,0.041407867494824,1.367287784679089,2.726501035196687,False,True,True,True,True,True,True,True,True,False,,False,16,5,2
Eryth,cellstate,10,0.9,0.03,2000,25,250,500,70,70,65,70,0.0527861591695501,0.3137810649183262,0.10351966873706,4.377846790890269,2.2954451345755693,False,True,True,True,True,True,True,True,True,False,,False,16,7,3
Eryth,cellstate,10,0.9,0.03,2000,25,500,1000,71,71,71,71,0.0260547051339927,0.4282645904678216,0.2012072434607646,9.83380281690141,1.934808853118712,False,True,True,True,True,True,True,True,True,False,,False,16,9,5
Eryth,cellstate,10,0.9,0.03,2000,25,1000,1501,71,71,71,71,0.0125748089444843,0.5852366502001041,0.3020120724346076,15.023541247484909,1.746076458752515,False,True,True,True,True,True,True,True,True,False,,False,16,10,6
Eryth,cellstate,10,0.9,0.03,2000,50,100,197,111,111,73,103,0.0946968590211833,0.0492706992706992,0.0161343161343161,0.5433251433251434,2.533824733824734,False,True,True,True,True,True,True,True,True,False,,True,19,4,2
Eryth,cellstate,10,0.9,0.03,2000,50,250,491,118,118,97,117,0.0899408935533434,0.1280789922283205,0.0355642474286542,2.012096190062292,2.730986527596697,False,True,True,True,True,True,True,True,True,False,,True,19,5,2
Eryth,cellstate,10,0.9,0.03,2000,50,500,987,118,118,113,118,0.0749002447449721,0.229563506964243,0.0714906562364189,4.963783862088947,2.461610893814284,False,True,True,True,True,True,True,True,True,False,,True,19,6,2
Eryth,cellstate,10,0.9,0.03,2000,50,1000,1969,118,118,118,118,0.0374768591372563,0.3512928599193564,0.1426191510937273,11.187382297551787,2.051426915833696,False,True,True,True,True,True,True,True,True,False,,True,19,9,5
Eryth,cellstate,10,0.9,0.03,2000,75,100,195,119,119,75,108,0.1106122565701049,0.0499557865104083,0.0138869106964819,0.3999430280586811,2.48290841760433,False,True,True,True,True,True,True,True,True,False,,False,18,4,2
Eryth,cellstate,10,0.9,0.03,2000,75,250,486,136,136,111,134,0.1120206871811224,0.081374060095569,0.0264705882352941,1.674400871459695,3.0059368191721134,False,True,True,True,True,True,True,True,True,False,,True,20,5,2
Eryth,cellstate,10,0.9,0.03,2000,75,500,974,138,138,131,138,0.0828487101567762,0.1819601193572519,0.0515180366021368,4.028773934200783,2.662435205754787,False,True,True,True,True,True,True,True,True,False,,True,20,5,2
Eryth,cellstate,10,0.9,0.03,2000,75,1000,1982,139,139,138,139,0.0491195848601173,0.2698071002658784,0.1033260348243144,9.290584923365657,2.215045355020332,False,True,True,True,True,True,True,True,True,False,,True,20,6,3
Eryth,cellstate,10,0.9,0.03,2000,100,100,195,120,120,74,108,0.127717077118742,0.0467069504569504,0.0136554621848739,0.3436274509803921,2.044327731092437,False,True,True,True,True,True,True,True,True,False,,True,19,4,2
Eryth,cellstate,10,0.9,0.03,2000,100,250,492,137,137,115,135,0.1023654320987654,0.1083481377580516,0.0264061829111206,1.6624624302275657,2.90854443967368,False,True,True,True,True,True,True,True,True,False,,True,20,4,1
Eryth,cellstate,10,0.9,0.03,2000,100,500,993,141,141,131,141,0.0870711206789649,0.1525575101031928,0.0503039513677811,4.042401215805471,2.6465045592705168,False,True,True,True,True,True,True,True,True,False,,True,21,6,3
Eryth,cellstate,10,0.9,0.03,2000,100,1000,1982,141,141,140,141,0.0467102908980375,0.2680760307194292,0.1004052684903748,9.076899696048631,2.230597771023303,False,True,True,True,True,True,True,True,True,False,,True,21,7,4
Eryth,cellstate,10,0.9,0.03,3000,10,100,200,36,36,34,36,0.0358310376492194,0.3436941734735853,0.1587301587301587,3.561111111111111,2.2436507936507937,False,True,True,True,True,True,True,True,False,False,,False,12,7,3
Eryth,cellstate,10,0.9,0.03,3000,10,250,500,36,36,36,36,-0.0082333635129017,0.6807153430882511,0.3968253968253968,10.286507936507936,1.6333333333333333,False,True,True,True,True,True,True,True,False,False,,False,13,10,6
Eryth,cellstate,10,0.9,0.03,3000,10,500,577,36,36,36,36,-0.0292044193786982,0.7444745010480548,0.4579365079365079,11.753174603174603,1.5642857142857145,False,True,True,True,True,True,True,True,False,False,,False,12,10,5
Eryth,cellstate,10,0.9,0.03,3000,10,1000,581,36,36,36,36,-0.0187625887915324,0.7578133129605749,0.4611111111111111,11.996825396825397,1.5595238095238095,False,True,True,True,True,True,True,True,False,False,,False,13,11,6
Eryth,cellstate,10,0.9,0.03,3000,25,100,200,70,70,56,69,0.067803751443463,0.1282306582306582,0.041407867494824,1.3538302277432712,2.563975155279503,False,True,True,True,True,True,True,True,True,False,,False,16,4,2
Eryth,cellstate,10,0.9,0.03,3000,25,250,500,71,71,68,71,0.0482983975842535,0.2878336391610817,0.1006036217303823,4.524547283702213,2.389738430583501,False,True,True,True,True,True,True,True,True,False,,False,16,6,3
Eryth,cellstate,10,0.9,0.03,3000,25,500,1000,71,71,71,71,0.0223544536271809,0.4295738103780692,0.2012072434607646,9.770422535211267,1.952917505030181,False,True,True,True,True,True,True,True,True,False,,False,16,9,5
Eryth,cellstate,10,0.9,0.03,3000,25,1000,1817,72,72,72,72,0.0002056862240602,0.6788832236179936,0.3554381846635367,18.00762910798122,1.6678403755868545,False,True,True,True,True,True,True,True,True,False,,False,16,11,7
Eryth,cellstate,10,0.9,0.03,3000,50,100,200,112,112,75,105,0.0845822777082507,0.0816977665191951,0.016087516087516,0.5320945945945946,2.537725225225225,False,True,True,True,True,True,True,True,True,False,,True,19,3,1
Eryth,cellstate,10,0.9,0.03,3000,50,250,500,120,120,107,117,0.0551948676515851,0.1014167022061758,0.0350140056022409,2.231372549019608,3.064355742296919,False,True,True,True,True,True,True,True,True,False,,True,20,5,2
Eryth,cellstate,10,0.9,0.03,3000,50,500,1000,122,122,119,122,0.0467916714826704,0.19304351840819,0.0677414984419455,5.045454545454546,2.585963961522829,False,True,True,True,True,True,True,True,True,False,,True,20,6,3
Eryth,cellstate,10,0.9,0.03,3000,50,1000,2000,122,122,121,122,0.0284060247715609,0.334444847719775,0.135482996883891,10.975071128573363,2.0768188592331662,False,True,True,True,True,True,True,True,True,False,,True,19,11,7
Eryth,cellstate,10,0.9,0.03,3000,75,100,196,115,115,74,108,0.0757006691074359,0.0503030303030302,0.0149504195270785,0.3596491228070175,2.098245614035088,False,True,True,True,True,True,True,True,True,False,,True,19,2,1
Eryth,cellstate,10,0.9,0.03,3000,75,250,495,137,137,116,134,0.0811196686038327,0.0742623945715401,0.0265671962215543,1.6867217689995706,3.1899957063117217,False,True,True,True,True,True,True,True,True,False,,True,21,4,1
Eryth,cellstate,10,0.9,0.03,3000,75,500,989,140,140,131,140,0.0629181354638264,0.1538773597867254,0.0508221993833504,4.067985611510792,2.715930113052415,False,True,True,True,True,True,True,True,True,False,,True,21,5,2
Eryth,cellstate,10,0.9,0.03,3000,75,1000,1979,140,140,138,140,0.0392371968569647,0.2660035353168091,0.1016957862281603,9.19393627954779,2.209660842754368,False,True,True,True,True,True,True,True,True,False,,True,21,7,4
Eryth,cellstate,10,0.9,0.03,3000,100,100,197,116,116,72,110,0.070324074074074,0.0561159625814798,0.014767616191904,0.2305097451274362,0.9754122938530736,False,True,True,True,True,True,True,True,True,False,,True,19,2,1
Eryth,cellstate,10,0.9,0.03,3000,100,250,490,136,136,115,133,0.0817934726971191,0.0808818017814557,0.0266884531590413,1.6742919389978212,3.174291938997821,False,True,True,True,True,True,True,True,True,False,,True,21,4,1
Eryth,cellstate,10,0.9,0.03,3000,100,500,983,140,140,134,140,0.0612431740274234,0.1621793068220849,0.050513874614594,4.069784172661871,2.7426515930113053,False,True,True,True,True,True,True,True,True,False,,True,20,6,3
Eryth,cellstate,10,0.9,0.03,3000,100,1000,1978,141,141,139,141,0.0373653711379174,0.2627356741172679,0.1002026342451874,9.105217831813576,2.219554204660588,False,True,True,True,True,True,True,True,True,False,,True,21,7,4
Eryth,cellstate,10,0.9,0.03,4000,10,100,200,35,35,35,35,0.0197927498296819,0.3414408398618924,0.1680672268907563,3.861344537815126,2.245378151260504,False,True,True,True,True,True,True,True,False,False,,False,13,7,3
Eryth,cellstate,10,0.9,0.03,4000,10,250,500,36,36,36,36,-0.0161045706371191,0.6909150723128217,0.3968253968253968,10.30079365079365,1.6357142857142857,False,True,True,True,True,True,True,True,False,False,,False,13,9,5
Eryth,cellstate,10,0.9,0.03,4000,10,500,609,36,36,36,36,-0.0388857613477617,0.7698713481138907,0.4833333333333333,12.50873015873016,1.5309523809523808,False,True,True,True,True,True,True,True,False,False,,False,12,10,4
Eryth,cellstate,10,0.9,0.03,4000,10,1000,609,36,36,36,36,-0.0388857613477617,0.7698713481138906,0.4833333333333333,12.50873015873016,1.5309523809523808,False,True,True,True,True,True,True,True,False,False,,False,12,10,4
Eryth,cellstate,10,0.9,0.03,4000,25,100,200,71,71,56,69,0.0675039246467817,0.1392690251845181,0.0402414486921529,1.3032193158953722,2.5446680080482897,False,True,True,True,True,True,True,True,True,False,,False,16,4,2
Eryth,cellstate,10,0.9,0.03,4000,25,250,500,71,71,68,71,0.0419971304983225,0.2515135220313121,0.1006036217303823,4.496177062374246,2.369014084507042,False,True,True,True,True,True,True,True,True,False,,False,16,7,4
Eryth,cellstate,10,0.9,0.03,4000,25,500,1000,72,72,71,72,0.0173968470676095,0.4349125785565647,0.1956181533646322,9.529733959311423,1.925469483568075,False,True,True,True,True,True,True,True,True,False,,False,16,9,5
Eryth,cellstate,10,0.9,0.03,4000,25,1000,1926,72,72,72,72,-0.0053514616364963,0.7059814682393458,0.3767605633802817,19.20755086071988,1.6424100156494523,False,True,True,True,True,True,True,True,True,False,,False,16,11,7
Eryth,cellstate,10,0.9,0.03,4000,50,100,200,111,111,69,105,0.0798665620094191,0.0456241956241956,0.0163800163800163,0.4084357084357084,2.422932022932023,False,True,True,True,True,True,True,True,True,False,,True,19,2,1
Eryth,cellstate,10,0.9,0.03,4000,50,250,500,122,122,103,120,0.0758502616189596,0.1196972757642176,0.0338707492209727,1.9892968432461728,3.156957051889988,False,True,True,True,True,True,True,True,True,False,,True,19,5,2
Eryth,cellstate,10,0.9,0.03,4000,50,500,1000,123,123,120,123,0.0457385305698849,0.1739520597289459,0.0666400106624017,4.981074236971878,2.646807943489271,False,True,True,True,True,True,True,True,True,False,,True,19,7,4
Eryth,cellstate,10,0.9,0.03,4000,50,1000,2000,123,123,122,123,0.0321925014878,0.3265789740977149,0.1332800213248034,10.937624950019991,2.0833666533386643,False,True,True,True,True,True,True,True,True,False,,True,19,9,6
Eryth,cellstate,10,0.9,0.03,4000,75,100,197,116,116,73,103,0.0616892036262629,0.051655719759168,0.014767616191904,0.2098200899550225,1.0345577211394303,False,True,True,True,True,True,True,True,True,False,,True,19,2,1
Eryth,cellstate,10,0.9,0.03,4000,75,250,495,138,138,117,133,0.0868407726609014,0.0769062679395715,0.0261821643922564,1.5020628371945417,2.7253252935576007,False,True,True,True,True,True,True,True,True,False,,True,21,4,2
Eryth,cellstate,10,0.9,0.03,4000,75,500,980,140,140,134,140,0.0430931642204155,0.1542489811478057,0.0503597122302158,4.000719424460431,2.803802672147996,False,True,True,True,True,True,True,True,True,False,,True,20,6,3
Eryth,cellstate,10,0.9,0.03,4000,75,1000,1979,140,140,139,140,0.0324419195331541,0.2536127277613587,0.1016957862281603,9.283967112024666,2.2509763617677288,False,True,True,True,True,True,True,True,True,False,,True,21,7,4
Eryth,cellstate,10,0.9,0.03,4000,100,100,196,117,117,73,105,0.1079166666666666,0.0293989960656627,0.0144414972001178,0.197465369879163,0.8520483348069555,False,True,True,True,True,True,True,True,True,False,,True,19,3,1
Eryth,cellstate,10,0.9,0.03,4000,100,250,495,139,139,115,135,0.0911851946119508,0.0762077586533563,0.0258054426024397,1.467260973829632,2.6843916171410696,False,True,True,True,True,True,True,True,True,False,,True,21,4,2
Eryth,cellstate,10,0.9,0.03,4000,100,500,980,140,140,135,140,0.0527285330925937,0.1540964279721099,0.0503597122302158,4.008221993833504,2.830010277492292,False,True,True,True,True,True,True,True,True,False,,True,20,6,3
Eryth,cellstate,10,0.9,0.03,4000,100,1000,1978,141,141,140,141,0.0333015883589053,0.2500768727961029,0.1002026342451874,9.199240121580548,2.2591691995947314,False,True,True,True,True,True,True,True,True,False,,True,21,7,4
Eryth,cellstate,5,0.5,0.005,2000,10,100,200,33,33,33,29,-0.0283723080988241,0.4579982851373226,0.1893939393939394,3.4990530303030303,1.857007575757576,False,True,True,True,False,True,True,True,True,False,,False,10,5,3
Eryth,cellstate,5,0.5,0.005,2000,10,250,275,32,32,32,31,-0.0219705529270531,0.559939372621198,0.2772177419354839,5.341733870967742,1.936491935483871,False,True,True,True,False,True,True,True,True,False,,False,10,3,2
Eryth,cellstate,5,0.5,0.005,2000,10,500,260,33,33,33,29,-0.0334897746819851,0.5713427841947525,0.2462121212121212,4.43655303030303,1.6789772727272727,False,True,True,True,False,True,True,True,True,False,,False,10,5,3
Eryth,cellstate,5,0.5,0.005,2000,10,1000,288,32,32,31,31,-0.023594863573594,0.5839943565085323,0.2903225806451613,5.561491935483871,1.808467741935484,False,True,True,True,False,True,True,True,True,False,,False,11,3,2
Eryth,cellstate,5,0.5,0.005,2000,25,100,200,71,71,56,68,0.0285756026296566,0.1255965474275333,0.0402414486921529,1.262374245472837,2.544466800804829,False,True,True,True,False,True,True,True,True,False,,False,17,3,3
Eryth,cellstate,5,0.5,0.005,2000,25,250,500,75,75,74,71,0.0055085287457082,0.283035730138355,0.09009009009009,3.749009009009009,2.381981981981982,False,True,True,True,False,True,True,True,True,False,,False,15,3,2
Eryth,cellstate,5,0.5,0.005,2000,25,500,895,74,74,74,73,-0.013402736466389,0.4644235664522563,0.1656793780081451,7.0396149574231766,2.0860792299148465,False,True,True,True,False,True,True,True,True,False,,False,15,5,3
Eryth,cellstate,5,0.5,0.005,2000,25,1000,968,77,77,77,75,-0.0164163668409782,0.4791702456673539,0.1654135338345864,7.319890635680109,2.0174299384825702,False,True,True,True,False,True,True,True,True,False,,False,17,8,5
Eryth,cellstate,5,0.5,0.005,2000,50,100,194,99,99,68,84,0.0726507211323121,0.0630023175477721,0.0199958771387342,0.5925582354153782,1.9019789734075447,False,True,True,True,True,True,True,True,True,False,,True,21,3,3
Eryth,cellstate,5,0.5,0.005,2000,50,250,486,118,118,96,108,0.026639305860085,0.139260284163475,0.0352020860495436,1.6901347240330291,2.2916123424598003,False,True,True,True,True,True,True,True,True,False,,True,21,3,2
Eryth,cellstate,5,0.5,0.005,2000,50,500,956,122,122,115,117,0.0011637864115352,0.2563707618223225,0.0647608725104999,3.925619834710744,2.445197127760466,False,True,True,True,True,True,True,True,True,False,,True,22,6,5
Eryth,cellstate,5,0.5,0.005,2000,50,1000,1923,123,123,122,121,-0.008210029109683,0.4107396489488178,0.1281487405037985,8.666133546581367,2.123217379714781,False,True,True,True,True,True,True,True,True,False,,True,22,10,7
Eryth,cellstate,5,0.5,0.005,2000,75,100,191,109,109,79,87,0.0145103480171118,0.1010445212280075,0.0162249405368671,0.3481991165477404,1.4821610601427115,False,True,True,True,True,True,True,True,True,False,,False,19,2,2
Eryth,cellstate,5,0.5,0.005,2000,75,250,467,129,129,106,117,0.024350460800404,0.1161425323258115,0.02828246124031,1.548328488372093,2.544513081395349,False,True,True,True,True,True,True,True,True,False,,True,21,3,2
Eryth,cellstate,5,0.5,0.005,2000,75,500,904,136,136,124,131,0.01708984375,0.2233993805077193,0.0492374727668845,3.207135076252724,2.5234749455337693,False,True,True,True,True,True,True,True,True,False,,True,21,3,2
Eryth,cellstate,5,0.5,0.005,2000,75,1000,1814,138,138,137,136,0.0041452116040085,0.3309910222030686,0.095948376176875,7.160531048344441,2.3271448217497093,False,True,True,True,True,True,True,True,True,False,,True,22,9,7
Eryth,cellstate,5,0.5,0.005,2000,100,100,191,111,111,79,89,0.0274598219447335,0.0965796965796966,0.0156429156429156,0.3316134316134316,1.4316953316953316,False,True,True,True,True,True,True,True,True,False,,False,19,2,2
Eryth,cellstate,5,0.5,0.005,2000,100,250,464,131,131,104,114,0.0306492700529005,0.1344949742983443,0.0272460364063417,1.2258954785672342,2.011567821491486,False,True,True,True,True,True,True,True,True,False,,True,22,3,3
Eryth,cellstate,5,0.5,0.005,2000,100,500,896,138,138,125,133,0.0252992379321096,0.2168295064102136,0.047392362213054,3.08203744842907,2.451443986036179,False,True,True,True,True,True,True,True,True,False,,True,22,3,2
Eryth,cellstate,5,0.5,0.005,2000,100,1000,1818,140,140,137,139,0.0049111346625291,0.3170240026437294,0.0934224049331963,6.899640287769784,2.3079650565262075,False,True,True,True,True,True,True,True,True,False,,True,22,5,3
Eryth,cellstate,5,0.5,0.005,3000,10,100,200,32,32,31,31,-0.0029551020408163,0.4322072076208106,0.2016129032258064,3.7631048387096775,2.0735887096774195,False,True,True,True,False,True,True,True,True,False,,False,11,3,2
Eryth,cellstate,5,0.5,0.005,3000,10,250,288,32,32,31,31,-0.023594863573594,0.5839943565085323,0.2903225806451613,5.561491935483871,1.808467741935484,False,True,True,True,False,True,True,True,True,False,,False,11,3,2
Eryth,cellstate,5,0.5,0.005,3000,10,500,288,32,32,31,31,-0.023594863573594,0.5839943565085323,0.2903225806451613,5.561491935483871,1.808467741935484,False,True,True,True,False,True,True,True,True,False,,False,11,3,2
Eryth,cellstate,5,0.5,0.005,3000,10,1000,254,33,33,33,28,-0.034687611249555,0.5812072369595711,0.240530303030303,4.211174242424242,1.6145833333333333,False,True,True,True,False,True,True,True,True,False,,False,10,5,3
Eryth,cellstate,5,0.5,0.005,3000,25,100,200,70,70,55,65,0.0294482514177693,0.1304511361654219,0.041407867494824,1.2283643892339544,2.2544513457556934,False,True,True,True,False,True,True,True,True,False,,False,15,2,2
Eryth,cellstate,5,0.5,0.005,3000,25,250,500,77,77,75,73,-0.0005154663220894,0.2601815180735064,0.0854408749145591,3.5888585099111414,2.400205058099795,False,True,True,True,False,True,True,True,True,False,,False,17,5,4
Eryth,cellstate,5,0.5,0.005,3000,25,500,954,77,77,77,75,-0.014887224362736,0.4766175007330785,0.1630211893369788,7.214285714285714,2.0278537252221462,False,True,True,True,False,True,True,True,True,False,,False,17,8,5
Eryth,cellstate,5,0.5,0.005,3000,25,1000,949,75,75,75,74,-0.0144841830720735,0.478405784878664,0.170990990990991,7.385225225225225,2.061981981981982,False,True,True,True,False,True,True,True,True,False,,False,15,5,3
Eryth,cellstate,5,0.5,0.005,3000,50,100,200,102,102,73,89,0.0379786738302129,0.1229783832725009,0.01941370607649,0.4880605707629586,1.5471753057658708,False,True,True,True,True,True,True,True,True,False,,True,21,2,2
Eryth,cellstate,5,0.5,0.005,3000,50,250,485,118,118,98,108,0.0278454155809019,0.1647612382882584,0.0351296537737215,1.782630740257859,2.4976821671736924,False,True,True,True,True,True,True,True,True,False,,True,22,4,4
Eryth,cellstate,5,0.5,0.005,3000,50,500,966,123,123,117,117,0.0053975932395712,0.2598133319089058,0.06437425029988,3.871984539517528,2.4549513527922167,False,True,True,True,True,True,True,True,True,False,,True,22,6,5
Eryth,cellstate,5,0.5,0.005,3000,50,1000,1923,123,123,122,121,-0.0093374739968979,0.4110903836951138,0.1281487405037985,8.678795148607223,2.122684259629481,False,True,True,True,True,True,True,True,True,False,,True,22,10,7
Eryth,cellstate,5,0.5,0.005,3000,75,100,181,102,102,72,85,0.0399709302325581,0.0662542794895736,0.0175694039992234,0.4476800621238594,1.679673849737915,False,True,True,True,True,True,True,True,True,False,,False,19,3,3
Eryth,cellstate,5,0.5,0.005,3000,75,250,467,129,129,103,118,0.0228337589736371,0.1141427527238997,0.02828246124031,1.540092054263566,2.4467054263565893,False,True,True,True,True,True,True,True,True,False,,True,21,2,2
Eryth,cellstate,5,0.5,0.005,3000,75,500,907,137,137,125,132,0.0180806157865819,0.215541013938724,0.0486796908544439,3.194128381279519,2.534188492915414,False,True,True,True,True,True,True,True,True,False,,True,22,3,2
Eryth,cellstate,5,0.5,0.005,3000,75,1000,1833,138,138,135,137,0.0019874591048761,0.3252881447116596,0.0969533481434465,7.062625621495822,2.2869988363482494,False,True,True,True,True,True,True,True,True,False,,True,22,5,3
Eryth,cellstate,5,0.5,0.005,3000,100,100,183,101,101,71,86,0.0680406922975293,0.0789564670752789,0.0181188118811881,0.4562376237623762,1.6676237623762376,False,True,True,True,True,True,True,True,True,False,,False,19,3,3
Eryth,cellstate,5,0.5,0.005,3000,100,250,458,130,130,103,119,0.0253863192455319,0.10889665290475,0.0273106738223017,1.4861061419200954,2.49087656529517,False,True,True,True,True,True,True,True,True,False,,True,21,2,2
Eryth,cellstate,5,0.5,0.005,3000,100,500,895,137,137,125,132,0.0238974200803563,0.2193753582843278,0.0480356376127093,3.1253220266208674,2.465221124946329,False,True,True,True,True,True,True,True,True,False,,True,21,3,2
Eryth,cellstate,5,0.5,0.005,3000,100,1000,1817,140,140,137,139,0.0072513858842617,0.317429640702634,0.0933710174717369,6.917112024665982,2.3051901336074,False,True,True,True,True,True,True,True,True,False,,True,22,5,3
Eryth,cellstate,5,0.5,0.005,4000,10,100,200,33,33,33,29,-0.0284713964856652,0.4646759024819819,0.1893939393939394,3.498106060606061,1.8522727272727275,False,True,True,True,False,True,True,True,True,False,,False,10,5,3
Eryth,cellstate,5,0.5,0.005,4000,10,250,288,32,32,31,31,-0.023594863573594,0.5839943565085323,0.2903225806451613,5.561491935483871,1.808467741935484,False,True,True,True,False,True,True,True,True,False,,False,11,3,2
Eryth,cellstate,5,0.5,0.005,4000,10,500,288,32,32,31,31,-0.023594863573594,0.5839943565085323,0.2903225806451613,5.561491935483871,1.808467741935484,False,True,True,True,False,True,True,True,True,False,,False,11,3,2
Eryth,cellstate,5,0.5,0.005,4000,10,1000,260,33,33,33,29,-0.0334897746819851,0.5713427841947525,0.2462121212121212,4.43655303030303,1.6789772727272727,False,True,True,True,False,True,True,True,True,False,,False,10,5,3
Eryth,cellstate,5,0.5,0.005,4000,25,100,200,72,72,56,69,0.0276332523991213,0.1224632620465954,0.0391236306729264,1.2118544600938967,2.4728090766823163,False,True,True,True,False,True,True,True,True,False,,False,17,3,3
Eryth,cellstate,5,0.5,0.005,4000,25,250,500,74,74,73,71,0.0103541082282768,0.2984575561622178,0.0925583117363939,3.815068493150685,2.404109589041096,False,True,True,True,False,True,True,True,True,False,,False,15,3,2
Eryth,cellstate,5,0.5,0.005,4000,25,500,959,77,77,77,75,-0.0152682748262552,0.47516758139672,0.1638755980861244,7.256664388243336,2.024436090225564,False,True,True,True,False,True,True,True,True,False,,False,17,8,5
Eryth,cellstate,5,0.5,0.005,4000,25,1000,916,74,74,74,73,-0.0119593253968254,0.478241614530581,0.1695668271010736,7.212884116993706,2.07238059977786,False,True,True,True,False,True,True,True,True,False,,False,15,5,3
Eryth,cellstate,5,0.5,0.005,4000,50,100,194,100,100,69,83,0.0854969206617558,0.0741572871572871,0.0195959595959595,0.5770707070707071,1.8685858585858584,False,True,True,True,True,True,True,True,True,False,,True,22,3,3
Eryth,cellstate,5,0.5,0.005,4000,50,250,487,120,120,98,109,0.0171794787338662,0.156679961087669,0.0341036414565826,1.6764705882352942,2.393487394957983,False,True,True,True,True,True,True,True,True,False,,True,22,4,4
Eryth,cellstate,5,0.5,0.005,4000,50,500,976,125,125,117,118,0.0015067477107231,0.2621055542599381,0.0629677419354838,3.802,2.3934193548387097,False,True,True,True,True,True,True,True,True,False,,True,22,6,5
Eryth,cellstate,5,0.5,0.005,4000,50,1000,1939,123,123,122,122,-0.0086823413823894,0.397303724806186,0.1292149806743969,8.598027455684393,2.1684659469545515,False,True,True,True,True,True,True,True,True,False,,True,22,7,4
Eryth,cellstate,5,0.5,0.005,4000,75,100,194,112,112,80,91,0.0155510763976372,0.0976576994434137,0.0156048906048906,0.347007722007722,1.5135135135135136,False,True,True,True,True,True,True,True,True,False,,True,20,2,2
Eryth,cellstate,5,0.5,0.005,4000,75,250,471,130,130,105,119,0.0268872674242687,0.1089221084221964,0.0280858676207513,1.533035181872391,2.526118067978533,False,True,True,True,True,True,True,True,True,False,,True,21,2,2
Eryth,cellstate,5,0.5,0.005,4000,75,500,905,136,136,124,131,0.0187289919476093,0.2156623676831003,0.0492919389978213,3.256644880174292,2.5844771241830067,False,True,True,True,True,True,True,True,True,False,,True,21,3,2
Eryth,cellstate,5,0.5,0.005,4000,75,1000,1850,139,139,136,138,0.0013002448979591,0.3232429297887733,0.0964445834636638,7.105828380773642,2.288812428318215,False,True,True,True,True,True,True,True,True,False,,True,22,5,3
Eryth,cellstate,5,0.5,0.005,4000,100,100,191,111,111,78,89,0.038357035495433,0.1073905073905074,0.0156429156429156,0.3156429156429156,1.366093366093366,False,True,True,True,True,True,True,True,True,False,,False,19,2,2
Eryth,cellstate,5,0.5,0.005,4000,100,250,460,130,130,103,119,0.0323605371900826,0.1093367781077691,0.0274299344066785,1.4798449612403102,2.474001192605844,False,True,True,True,True,True,True,True,True,False,,True,21,2,2
Eryth,cellstate,5,0.5,0.005,4000,100,500,895,137,137,124,132,0.0258342737936458,0.2219851278725312,0.0480356376127093,3.114748819235724,2.43548733361958,False,True,True,True,True,True,True,True,True,False,,True,21,3,2
Eryth,cellstate,5,0.5,0.005,4000,100,1000,1818,140,140,137,139,0.0050841673175318,0.3159534399533537,0.0934224049331963,6.925179856115108,2.305498458376156,False,True,True,True,True,True,True,True,True,False,,True,22,5,3
Eryth,cellstate,5,0.5,0.01,2000,10,100,200,32,32,32,30,0.0399946540145009,0.378671124627007,0.2016129032258064,4.299395161290323,1.9949596774193548,False,True,True,True,True,True,True,True,False,False,,False,13,7,5
Eryth,cellstate,5,0.5,0.01,2000,10,250,305,32,32,32,31,0.0045541956738868,0.5605960302167733,0.3074596774193548,6.526209677419355,1.835685483870968,False,True,True,True,True,True,True,True,False,False,,False,13,8,5
Eryth,cellstate,5,0.5,0.01,2000,10,500,299,32,32,32,31,0.0058194941336374,0.5545295699634901,0.3014112903225806,6.350806451612903,1.844758064516129,False,True,True,True,True,True,True,True,False,False,,False,13,8,5
Eryth,cellstate,5,0.5,0.01,2000,10,1000,285,31,31,31,30,-0.0101638031311378,0.5451474873651042,0.3064516129032258,6.280645161290322,1.846236559139785,False,True,True,True,True,True,True,True,False,False,,False,11,7,5
Eryth,cellstate,5,0.5,0.01,2000,25,100,200,66,66,53,65,0.0182194179446926,0.1111487838760565,0.0466200466200466,1.5237762237762238,2.4062937062937064,False,True,True,True,True,True,True,True,True,False,,False,16,6,5
Eryth,cellstate,5,0.5,0.01,2000,25,250,500,69,69,65,68,0.024203113973845,0.2718356184951548,0.1065643648763853,4.313725490196078,2.2141943734015346,False,True,True,True,True,True,True,True,True,False,,False,16,6,5
Eryth,cellstate,5,0.5,0.01,2000,25,500,964,70,70,70,69,0.006702658546675,0.4690477036035012,0.1995859213250517,8.834161490683229,2.004968944099379,False,True,True,True,True,True,True,True,True,False,,True,17,10,7
Eryth,cellstate,5,0.5,0.01,2000,25,1000,1039,70,70,70,69,0.0049248468030986,0.4956401492332251,0.2151138716356107,9.579710144927535,1.958178053830228,False,True,True,True,True,True,True,True,True,False,,True,17,11,8
Eryth,cellstate,5,0.5,0.01,2000,50,100,200,110,110,72,94,0.0479501385041551,0.0831306572215663,0.0166805671392827,0.3939949958298582,1.4020850708924104,False,True,True,True,True,True,True,True,True,False,,True,21,4,4
Eryth,cellstate,5,0.5,0.01,2000,50,250,500,125,125,105,123,0.0476448039356506,0.1062285677171125,0.032258064516129,1.944,2.888967741935484,False,True,True,True,True,True,True,True,True,False,,True,21,6,5
Eryth,cellstate,5,0.5,0.01,2000,50,500,1000,129,129,122,129,0.0567393263228299,0.1887870676978646,0.0605620155038759,4.4078246124031,2.652737403100775,False,True,True,True,True,True,True,True,True,False,,True,21,6,5
Eryth,cellstate,5,0.5,0.01,2000,50,1000,2000,129,129,128,129,0.0168405416405908,0.3377789275016215,0.1211240310077519,9.584605135658917,2.189619670542636,False,True,True,True,True,True,True,True,True,False,,True,21,12,7
Eryth,cellstate,5,0.5,0.01,2000,75,100,186,112,112,72,95,0.0314448979591837,0.068159915481344,0.0149613899613899,0.3774131274131274,1.658381595881596,False,True,True,True,True,True,True,True,True,False,,False,19,2,2
Eryth,cellstate,5,0.5,0.01,2000,75,250,487,146,146,120,138,0.0567151102865388,0.0888167468196306,0.023004251299008,1.4250354274917336,2.814407179971658,False,True,True,True,True,True,True,True,True,False,,True,21,6,5
Eryth,cellstate,5,0.5,0.01,2000,75,500,984,150,150,136,148,0.0419300637262188,0.1518396367237037,0.0440268456375838,3.456241610738255,2.6277852348993287,False,True,True,True,True,True,True,True,True,False,,True,22,6,5
Eryth,cellstate,5,0.5,0.01,2000,75,1000,1940,150,150,147,150,0.032642992049857,0.2689659466095446,0.0868008948545861,7.64662192393736,2.348008948545861,False,True,True,True,True,True,True,True,True,False,,True,21,9,7
Eryth,cellstate,5,0.5,0.01,2000,100,100,192,121,121,84,95,0.0421079942614694,0.0630132493768857,0.0132231404958677,0.2580578512396694,1.20599173553719,False,True,True,True,True,True,True,True,True,False,,True,21,3,3
Eryth,cellstate,5,0.5,0.01,2000,100,250,489,148,148,114,140,0.055501677254924,0.0920284366256232,0.0224765581908439,1.3583379297665013,2.4588159588159586,False,True,True,True,True,True,True,True,True,False,,True,22,5,4
Eryth,cellstate,5,0.5,0.01,2000,100,500,977,151,151,135,149,0.0418996488026398,0.154837664102467,0.0431346578366445,3.3742163355408388,2.606401766004415,False,True,True,True,True,True,True,True,True,False,,True,22,6,5
Eryth,cellstate,5,0.5,0.01,2000,100,1000,1941,153,153,148,153,0.0136500121681245,0.2664902041230105,0.0834623323013415,7.402433780529756,2.339439284485724,False,True,True,True,True,True,True,True,True,False,,True,22,9,6
Eryth,cellstate,5,0.5,0.01,3000,10,100,200,31,31,30,29,0.0288155176639473,0.3617152666014146,0.2150537634408602,4.287096774193548,1.848387096774193,False,True,True,True,True,True,True,True,False,False,,False,12,7,5
Eryth,cellstate,5,0.5,0.01,3000,10,250,343,31,31,31,31,0.003761574074074,0.6611514559828491,0.3688172043010753,7.839784946236559,1.770967741935484,False,True,True,True,True,True,True,True,False,False,,False,12,8,5
Eryth,cellstate,5,0.5,0.01,3000,10,500,343,31,31,31,31,0.003761574074074,0.6611514559828491,0.3688172043010753,7.839784946236559,1.770967741935484,False,True,True,True,True,True,True,True,False,False,,False,12,8,5
Eryth,cellstate,5,0.5,0.01,3000,10,1000,335,31,31,31,30,-0.0031113410765104,0.6472807293053147,0.3602150537634409,7.351612903225806,1.7408602150537635,False,True,True,True,True,True,True,True,False,False,,False,12,9,7
Eryth,cellstate,5,0.5,0.01,3000,25,100,200,67,67,62,65,0.0520439508506616,0.1216590209127522,0.0452284034373586,1.6436001809136138,3.0945273631840795,False,True,True,True,True,True,True,True,True,False,,False,16,5,4
Eryth,cellstate,5,0.5,0.01,3000,25,250,500,69,69,66,68,0.022765095152322,0.2831129847707068,0.1065643648763853,4.451619778346121,2.229326513213981,False,True,True,True,True,True,True,True,True,False,,False,16,6,5
Eryth,cellstate,5,0.5,0.01,3000,25,500,1000,70,70,70,69,0.0021636477932254,0.478739664405564,0.2070393374741201,9.28695652173913,1.9660455486542443,False,True,True,True,True,True,True,True,True,False,,False,16,7,5
Eryth,cellstate,5,0.5,0.01,3000,25,1000,1240,70,70,70,69,-0.0045074380165289,0.5764329089037942,0.2567287784679089,11.515734989648031,1.8503105590062112,False,True,True,True,True,True,True,True,True,False,,False,16,9,7
Eryth,cellstate,5,0.5,0.01,3000,50,100,198,113,113,75,97,0.0189596499756927,0.0792878213232195,0.0156447534766118,0.5408501896333755,2.297566371681416,False,True,True,True,True,True,True,True,True,False,,False,19,3,3
Eryth,cellstate,5,0.5,0.01,3000,50,250,500,126,126,107,122,0.0524632507065871,0.1195542837699699,0.0317460317460317,1.8916190476190475,2.937269841269841,False,True,True,True,True,True,True,True,True,False,,True,22,6,5
Eryth,cellstate,5,0.5,0.01,3000,50,500,1000,129,129,122,128,0.0439525803531009,0.2017853613757901,0.0605620155038759,4.414183624031008,2.603076550387597,False,True,True,True,True,True,True,True,True,False,,True,22,7,6
Eryth,cellstate,5,0.5,0.01,3000,50,1000,2000,129,129,129,129,0.0144705216239288,0.3354340608064688,0.1211240310077519,9.586361434108529,2.197553294573644,False,True,True,True,True,True,True,True,True,False,,True,22,9,7
Eryth,cellstate,5,0.5,0.01,3000,75,100,191,116,116,82,95,0.0214100683499266,0.0983648056923918,0.0143178410794602,0.4775112443778111,2.5061469265367315,False,True,True,True,True,True,True,True,True,False,,False,19,3,3
Eryth,cellstate,5,0.5,0.01,3000,75,250,487,144,144,114,136,0.0493850893056326,0.1008903371358221,0.0236499611499611,1.4733877233877233,2.618006993006993,False,True,True,True,True,True,True,True,True,False,,True,22,6,5
Eryth,cellstate,5,0.5,0.01,3000,75,500,968,150,150,132,147,0.0312425302269383,0.1487697057550163,0.04331096196868,3.320268456375839,2.515346756152125,False,True,True,True,True,True,True,True,True,False,,True,22,6,5
Eryth,cellstate,5,0.5,0.01,3000,75,1000,1958,153,153,149,153,0.0132830193977362,0.26226636845233,0.0841933264533883,7.572067423460612,2.358703130374957,False,True,True,True,True,True,True,True,True,False,,True,22,9,6
Eryth,cellstate,5,0.5,0.01,3000,100,100,193,120,120,85,97,0.0475771604938271,0.0774669312169312,0.0135154061624649,0.4780112044817927,2.513095238095238,False,True,True,True,True,True,True,True,True,False,,False,19,3,3
Eryth,cellstate,5,0.5,0.01,3000,100,250,491,146,146,116,137,0.0445050357094542,0.0981158091287867,0.0231931979215871,1.441284837033538,2.5487954652810583,False,True,True,True,True,True,True,True,True,False,,True,22,6,5
Eryth,cellstate,5,0.5,0.01,3000,100,500,983,152,152,138,150,0.034962395264377,0.141704570757049,0.0428285116765423,3.488149180899268,2.694362147089578,False,True,True,True,True,True,True,True,True,False,,True,22,7,6
Eryth,cellstate,5,0.5,0.01,3000,100,1000,1929,152,152,148,152,0.0140985509750777,0.2607743355447546,0.0840449634018822,7.459829208783549,2.3710787730916696,False,True,True,True,True,True,True,True,True,False,,True,22,8,6
Eryth,cellstate,5,0.5,0.01,4000,10,100,200,31,31,30,30,0.0485735532720389,0.3991147987802338,0.2150537634408602,4.546236559139785,1.889247311827957,False,True,True,True,True,True,True,True,False,False,,False,12,6,4
Eryth,cellstate,5,0.5,0.01,4000,10,250,336,31,31,31,30,-0.0031113410765104,0.6472807293053147,0.3612903225806451,7.375268817204301,1.739784946236559,False,True,True,True,True,True,True,True,False,False,,False,12,9,7
Eryth,cellstate,5,0.5,0.01,4000,10,500,336,31,31,31,30,-0.0031113410765104,0.6472807293053147,0.3612903225806451,7.375268817204301,1.739784946236559,False,True,True,True,True,True,True,True,False,False,,False,12,9,7
Eryth,cellstate,5,0.5,0.01,4000,10,1000,343,31,31,31,31,0.003761574074074,0.6611514559828491,0.3688172043010753,7.839784946236559,1.770967741935484,False,True,True,True,True,True,True,True,False,False,,False,12,8,5
Eryth,cellstate,5,0.5,0.01,4000,25,100,200,67,67,60,66,0.0345216049382716,0.1120415239818224,0.0452284034373586,1.6700587969244685,3.3480325644504747,False,True,True,True,True,True,True,True,True,False,,False,16,6,5
Eryth,cellstate,5,0.5,0.01,4000,25,250,500,69,69,67,69,0.016643540530575,0.2840711914559701,0.1065643648763853,4.487425404944586,2.4268968456948,False,True,True,True,True,True,True,True,True,False,,False,16,6,5
Eryth,cellstate,5,0.5,0.01,4000,25,500,1000,70,70,70,69,0.0029107780592778,0.4775990450379406,0.2070393374741201,9.278053830227742,1.968944099378882,False,True,True,True,True,True,True,True,True,False,,False,16,7,5
Eryth,cellstate,5,0.5,0.01,4000,25,1000,1243,69,69,69,68,-0.0145265238227999,0.5843411043939121,0.2649190110826939,11.658354646206307,1.8267263427109968,False,True,True,True,True,True,True,True,True,False,,False,16,10,7
Eryth,cellstate,5,0.5,0.01,4000,50,100,198,112,112,73,98,0.0463988312636961,0.0873015873015873,0.0159266409266409,0.4972651222651222,2.102155727155727,False,True,True,True,True,True,True,True,True,False,,False,20,2,2
Eryth,cellstate,5,0.5,0.01,4000,50,250,500,126,126,104,122,0.0497454933927032,0.1234272626429488,0.0317460317460317,1.915492063492064,2.8194285714285714,False,True,True,True,True,True,True,True,True,False,,True,22,6,5
Eryth,cellstate,5,0.5,0.01,4000,50,500,1000,130,130,120,130,0.0366937784819281,0.1959219120854504,0.0596302921884317,4.329039952295767,2.5285032796660705,False,True,True,True,True,True,True,True,True,False,,True,22,7,6
Eryth,cellstate,5,0.5,0.01,4000,50,1000,2000,129,129,129,129,0.0206972533220687,0.3323891650294961,0.1211240310077519,9.6703003875969,2.1969476744186047,False,True,True,True,True,True,True,True,True,False,,True,21,9,7
Eryth,cellstate,5,0.5,0.01,4000,75,100,192,120,120,83,98,0.0237037037037036,0.0644312169312169,0.0134453781512605,0.4288515406162465,2.3117647058823527,False,True,True,True,True,True,True,True,True,False,,False,19,3,3
Eryth,cellstate,5,0.5,0.01,4000,75,250,491,146,146,116,137,0.0511505090665874,0.0972571668498128,0.0231931979215871,1.4375059045819556,2.5532829475673124,False,True,True,True,True,True,True,True,True,False,,True,22,5,4
Eryth,cellstate,5,0.5,0.01,4000,75,500,968,150,150,131,147,0.0327188031891068,0.1496951925045661,0.04331096196868,3.26841163310962,2.466711409395973,False,True,True,True,True,True,True,True,True,False,,True,22,6,5
Eryth,cellstate,5,0.5,0.01,4000,75,1000,1959,152,152,150,152,0.0140914925032058,0.2595464620262098,0.0853520390379923,7.676716626002091,2.3820146392471244,False,True,True,True,True,True,True,True,True,False,,True,22,8,7
Eryth,cellstate,5,0.5,0.01,4000,100,100,189,115,115,81,94,0.0430333161157024,0.0808764665286404,0.01441647597254,0.4779557589626239,2.3000762776506485,False,True,True,True,True,True,True,True,True,False,,False,19,3,3
Eryth,cellstate,5,0.5,0.01,4000,100,250,487,144,144,114,136,0.0488487333931394,0.0977793448381683,0.0236499611499611,1.457070707070707,2.551087801087801,False,True,True,True,True,True,True,True,True,False,,True,22,5,4
Eryth,cellstate,5,0.5,0.01,4000,100,500,980,151,151,132,148,0.0345425600104043,0.1506011362996079,0.0432671081677704,3.297792494481236,2.4737306843267106,False,True,True,True,True,True,True,True,True,False,,True,22,6,5
Eryth,cellstate,5,0.5,0.01,4000,100,1000,1958,153,153,149,153,0.0152516159745137,0.263986933731438,0.0841933264533883,7.557748538011696,2.360681114551084,False,True,True,True,True,True,True,True,True,False,,True,22,8,6
Eryth,cellstate,5,0.5,0.02,2000,10,100,200,36,36,35,36,0.0473178854875283,0.3287114845938376,0.1587301587301587,3.616666666666666,2.353174603174604,False,False,True,True,True,True,True,True,False,False,,False,13,3,2
Eryth,cellstate,5,0.5,0.02,2000,10,250,459,35,35,35,35,-0.0071007693751172,0.6422712657417385,0.3857142857142857,9.716806722689077,1.677310924369748,False,False,True,True,True,True,True,True,False,False,,False,13,8,4
Eryth,cellstate,5,0.5,0.02,2000,10,500,481,35,35,35,35,-0.0103091309445508,0.6657027837286297,0.4042016806722689,10.35966386554622,1.6411764705882352,False,False,True,True,False,True,True,True,False,False,,False,12,9,5
Eryth,cellstate,5,0.5,0.02,2000,10,1000,479,35,35,35,35,-0.0143333044282575,0.6632776831551638,0.4025210084033613,10.305042016806723,1.6428571428571428,False,False,True,True,False,True,True,True,False,False,,False,12,9,5
Eryth,cellstate,5,0.5,0.02,2000,25,100,200,76,76,57,72,0.0769683613090206,0.1292230353518442,0.0350877192982456,0.8308771929824561,1.9085964912280704,False,True,True,True,True,True,True,True,True,False,,False,16,5,3
Eryth,cellstate,5,0.5,0.02,2000,25,250,500,77,77,68,77,0.0510703239252174,0.2403914132289929,0.0854408749145591,3.835099111414901,2.224538619275461,False,True,True,True,True,True,True,True,True,False,,False,16,7,3
Eryth,cellstate,5,0.5,0.02,2000,25,500,1000,79,79,78,79,0.0312283666846944,0.3948819020293289,0.1622849724115546,8.425673482635508,2.044790652385589,False,True,True,True,True,True,True,True,True,False,,False,16,12,5
Eryth,cellstate,5,0.5,0.02,2000,25,1000,1603,79,79,79,79,0.0069799188692664,0.5475806470475688,0.2601428107757221,13.90506329113924,1.8278156442713405,False,True,True,True,True,True,True,True,True,False,,False,16,15,7
Eryth,cellstate,5,0.5,0.02,2000,50,100,195,112,112,76,97,0.0338054393944018,0.0709231230370936,0.0156853281853281,0.1513835263835264,0.4919562419562419,False,True,True,True,True,True,True,True,True,False,,True,21,6,5
Eryth,cellstate,5,0.5,0.02,2000,50,250,500,131,131,110,127,0.051926817776824,0.1294476804414648,0.0293599530240751,1.645684086905461,2.6298297122724605,False,True,True,True,True,True,True,True,True,False,,True,22,9,5
Eryth,cellstate,5,0.5,0.02,2000,50,500,1000,129,129,120,128,0.0397375622174049,0.1754101298231331,0.0605620155038759,4.700641957364341,2.4703851744186047,False,True,True,True,True,True,True,True,True,False,,True,21,8,3
Eryth,cellstate,5,0.5,0.02,2000,50,1000,2000,134,134,133,134,0.0175873100090509,0.2886437855237485,0.1122208506340478,9.891257995735607,2.176186735495455,False,True,True,True,True,True,True,True,True,False,,True,22,18,9
Eryth,cellstate,5,0.5,0.02,2000,75,100,193,120,120,78,106,0.1237032781129305,0.0855817099567099,0.0135154061624649,0.1159663865546218,0.3408963585434174,False,True,True,True,True,True,True,True,True,False,,True,21,5,4
Eryth,cellstate,5,0.5,0.02,2000,75,250,498,149,149,120,145,0.0704482179973685,0.0887439106053396,0.0225829856702339,1.4704335207690913,3.094685289316162,False,True,True,True,True,True,True,True,True,False,,True,22,9,5
Eryth,cellstate,5,0.5,0.02,2000,75,500,986,153,153,143,153,0.0687166666666666,0.1374264715256249,0.0423976608187134,3.7736498108015137,2.782206742346061,False,True,True,True,True,True,True,True,True,False,,True,22,11,5
Eryth,cellstate,5,0.5,0.02,2000,75,1000,1974,151,151,148,151,0.0281889963016625,0.2354706368494478,0.0871523178807947,8.37748344370861,2.2922295805739514,False,True,True,True,True,True,True,True,True,False,,True,22,13,6
Eryth,cellstate,5,0.5,0.02,2000,100,100,197,122,122,81,105,0.0626026456448385,0.0328261447113906,0.0133450751930632,0.2179921419861807,0.953868039561035,False,True,True,True,True,True,True,True,True,False,,True,21,4,3
Eryth,cellstate,5,0.5,0.02,2000,100,250,489,145,145,119,138,0.0614697101304816,0.1056220504760057,0.023419540229885,1.5041666666666669,2.929310344827586,False,True,True,True,True,True,True,True,True,False,,True,22,6,3
Eryth,cellstate,5,0.5,0.02,2000,100,500,972,152,152,140,150,0.0541928073143235,0.1430923656767382,0.0423492506099686,3.606178110840014,2.7544440571627744,False,True,True,True,True,True,True,True,True,False,,True,22,10,5
Eryth,cellstate,5,0.5,0.02,2000,100,1000,1931,154,154,151,154,0.0284036655546626,0.2223040332805999,0.0819539937186996,7.991511756217639,2.33184789067142,False,True,True,True,True,True,True,True,True,False,,True,22,12,6
Eryth,cellstate,5,0.5,0.02,3000,10,100,200,36,36,35,36,0.0479238754325259,0.3421558379891712,0.1587301587301587,3.726984126984127,2.315873015873016,False,True,True,True,True,True,True,True,False,False,,False,14,8,4
Eryth,cellstate,5,0.5,0.02,3000,10,250,475,36,36,36,36,-0.0243953449148254,0.6598994778089279,0.376984126984127,9.45873015873016,1.7063492063492065,False,True,True,True,True,True,True,True,False,False,,False,14,12,6
Eryth,cellstate,5,0.5,0.02,3000,10,500,495,36,36,36,36,-0.0193189724033085,0.6895198930962871,0.3928571428571428,9.92936507936508,1.6753968253968254,False,False,True,True,False,True,True,True,False,False,,False,11,8,6
Eryth,cellstate,5,0.5,0.02,3000,10,1000,504,36,36,36,36,-0.0229605502158131,0.6891856252685188,0.4,9.976984126984126,1.6761904761904762,False,True,True,True,True,True,True,True,False,False,,False,14,13,7
Eryth,cellstate,5,0.5,0.02,3000,25,100,200,74,74,60,71,0.0851543209876543,0.1695166695166695,0.0370233246945575,1.1828952239911144,2.605146242132544,False,True,True,True,True,True,True,True,True,False,,False,16,5,3
Eryth,cellstate,5,0.5,0.02,3000,25,250,500,78,78,75,78,0.0893643548030324,0.2249251056795813,0.0832500832500832,4.046453546453546,2.528138528138528,False,True,True,True,True,True,True,True,True,False,,False,16,8,5
Eryth,cellstate,5,0.5,0.02,3000,25,500,1000,76,76,76,76,0.0242011702504873,0.3791242807222245,0.175438596491228,8.98719298245614,2.041754385964912,False,True,True,True,True,True,True,True,True,False,,False,16,8,4
Eryth,cellstate,5,0.5,0.02,3000,25,1000,1867,78,78,78,78,0.0001917775328611,0.611959796937212,0.3108558108558109,16.875457875457876,1.7414252414252414,False,True,True,True,True,True,True,True,True,False,,False,16,15,6
Eryth,cellstate,5,0.5,0.02,3000,50,100,200,118,118,75,110,0.0815150561926277,0.0439736346516007,0.0144864551644212,0.3635375923511517,1.9180790960451977,False,True,True,True,True,True,True,True,True,False,,True,22,5,4
Eryth,cellstate,5,0.5,0.02,3000,50,250,500,131,131,111,128,0.0904608408865088,0.0984840147313854,0.0293599530240751,1.9345273047563123,2.941749853200235,False,True,True,True,True,True,True,True,True,False,,True,22,8,5
Eryth,cellstate,5,0.5,0.02,3000,50,500,1000,132,132,127,132,0.0634137426900585,0.1518906591507166,0.0578302105019662,4.794760582928522,2.653654869303724,False,True,True,True,True,True,True,True,True,False,,True,22,11,6
Eryth,cellstate,5,0.5,0.02,3000,50,1000,2000,130,130,129,130,0.0277507548429528,0.2939077911167376,0.1192605843768634,10.29045915324985,2.129099582587955,False,True,True,True,True,True,True,True,True,False,,True,22,17,9
Eryth,cellstate,5,0.5,0.02,3000,75,100,200,132,132,80,120,0.1122169032221942,0.0143870018870018,0.0115660421003932,0.2291811242192921,1.1653365718251214,False,True,True,True,True,True,True,True,True,False,,True,22,6,4
Eryth,cellstate,5,0.5,0.02,3000,75,250,491,146,146,121,141,0.0988704757983039,0.0864429542612459,0.0231931979215871,1.5367028814359944,3.48063297118564,False,True,True,True,True,True,True,True,True,False,,True,22,7,3
Eryth,cellstate,5,0.5,0.02,3000,75,500,975,152,152,142,152,0.0681216677534425,0.1231510221511084,0.0424799581735796,3.815615196932729,2.8678982223771348,False,True,True,True,True,True,True,True,True,False,,True,22,10,5
Eryth,cellstate,5,0.5,0.02,3000,75,1000,1934,152,152,150,152,0.0372121536172733,0.2193924886629779,0.0842628093412338,8.287208086441268,2.354261066573719,False,True,True,True,True,True,True,True,True,False,,True,22,13,7
Eryth,cellstate,5,0.5,0.02,3000,100,100,196,128,128,79,117,0.0637790496011099,0.0190032623626373,0.0120570866141732,0.1908833661417323,0.9387918307086616,False,True,True,True,True,True,True,True,True,False,,True,22,6,4
Eryth,cellstate,5,0.5,0.02,3000,100,250,494,152,152,119,146,0.0916776937618147,0.0921931310863199,0.021523178807947,1.3370512373649357,3.0004792610665736,False,True,True,True,True,True,True,True,True,False,,True,22,9,5
Eryth,cellstate,5,0.5,0.02,3000,100,500,999,157,157,145,153,0.073773629489603,0.1322168650651736,0.0407888290053895,3.669728891066472,2.796382492242365,False,True,True,True,True,True,True,True,True,False,,True,22,11,6
Eryth,cellstate,5,0.5,0.02,3000,100,1000,1910,153,153,150,153,0.0291849903815715,0.2126926506299645,0.0821293429652562,8.10423116615067,2.3516941864465086,False,True,True,True,True,True,True,True,True,False,,True,22,13,7
Eryth,cellstate,5,0.5,0.02,4000,10,100,200,36,36,35,36,0.04035418783568,0.3501843672896305,0.1587301587301587,3.780952380952381,2.3,False,True,True,True,True,True,True,True,False,False,,False,14,8,4
Eryth,cellstate,5,0.5,0.02,4000,10,250,500,36,36,36,36,-0.0144643191326238,0.6901455119605334,0.3968253968253968,10.123809523809523,1.6833333333333331,False,True,True,True,True,True,True,True,False,False,,False,14,12,6
Eryth,cellstate,5,0.5,0.02,4000,10,500,579,36,36,36,36,-0.0231554855421859,0.7717429188675818,0.4595238095238095,11.57063492063492,1.6055555555555556,False,True,True,True,True,True,True,True,False,False,,False,14,13,7
Eryth,cellstate,5,0.5,0.02,4000,10,1000,579,36,36,36,36,-0.0231554855421859,0.7717429188675818,0.4595238095238095,11.57063492063492,1.6055555555555556,False,True,True,True,True,True,True,True,False,False,,False,14,13,7
Eryth,cellstate,5,0.5,0.02,4000,25,100,200,73,73,59,70,0.0853086419753086,0.1094941588092273,0.0380517503805175,1.1242389649923896,2.7265981735159817,False,True,True,True,True,True,True,True,True,False,,False,16,6,3
Eryth,cellstate,5,0.5,0.02,4000,25,250,500,77,77,72,77,0.0729453638721872,0.2130354254034879,0.0854408749145591,4.030416951469583,2.394736842105264,False,True,True,True,True,True,True,True,True,False,,False,16,10,6
Eryth,cellstate,5,0.5,0.02,4000,25,500,1000,77,77,77,77,0.0337444912527771,0.3744160744097148,0.1708817498291182,8.855604921394395,2.0603212576896786,False,True,True,True,True,True,True,True,True,False,,False,16,12,6
Eryth,cellstate,5,0.5,0.02,4000,25,1000,1965,77,77,77,77,-0.0054492880837581,0.6604953662123803,0.3357826384142173,18.0352016404648,1.709671907040328,False,True,True,True,True,True,True,True,True,False,,False,16,17,9
Eryth,cellstate,5,0.5,0.02,4000,50,100,199,114,114,82,102,0.0911507561436672,0.0401050703682282,0.0154479118149355,0.3407079646017699,1.7001242043161,False,True,True,True,True,True,True,True,True,False,,True,22,7,5
Eryth,cellstate,5,0.5,0.02,4000,50,250,491,131,131,112,126,0.0661828281608501,0.0977027435110005,0.0288314738696418,1.8349383440986493,3.004697592483852,False,True,True,True,True,True,True,True,True,False,,True,22,8,5
Eryth,cellstate,5,0.5,0.02,4000,50,500,1000,130,130,125,130,0.0525069436058447,0.1528613659987631,0.0596302921884317,4.773106738223017,2.6432915921288016,False,True,True,True,True,True,True,True,True,False,,True,22,12,7
Eryth,cellstate,5,0.5,0.02,4000,50,1000,1971,131,131,130,131,0.0211688976759117,0.2739622132146011,0.1157369348209042,10.101820317087492,2.1597181444509688,False,True,True,True,True,True,True,True,True,False,,True,22,14,8
Eryth,cellstate,5,0.5,0.02,4000,75,100,193,126,126,79,105,0.0970513720582399,0.0463856249570535,0.0122539682539682,0.1607619047619047,0.6706031746031746,False,True,True,True,True,True,True,True,True,False,,True,21,4,3
Eryth,cellstate,5,0.5,0.02,4000,75,250,485,151,151,124,143,0.0874081555359171,0.0573030116660813,0.0214128035320088,1.4023841059602649,3.249271523178808,False,True,True,True,True,True,True,True,True,False,,True,22,9,6
Eryth,cellstate,5,0.5,0.02,4000,75,500,969,152,152,145,152,0.0518950210138953,0.1222372273366578,0.0422185430463576,3.73187521784594,3.012722202858139,False,True,True,True,True,True,True,True,True,False,,True,22,11,6
Eryth,cellstate,5,0.5,0.02,4000,75,1000,1926,156,156,155,156,0.034183651106728,0.214674593914089,0.079652605459057,7.939164598842018,2.401116625310174,False,True,True,True,True,True,True,True,True,False,,True,22,14,7
Eryth,cellstate,5,0.5,0.02,4000,100,100,191,124,124,80,103,0.0691987345041322,0.0605990783410138,0.0125229478101232,0.1854183057959612,0.8271046420141621,False,True,True,True,True,True,True,True,True,False,,True,21,4,3
Eryth,cellstate,5,0.5,0.02,4000,100,250,477,151,151,122,140,0.0641841165489814,0.0814144281031698,0.0210596026490066,1.2445033112582782,2.886225165562914,False,True,True,True,True,True,True,True,True,False,,True,22,6,3
Eryth,cellstate,5,0.5,0.02,4000,100,500,958,153,153,146,151,0.0470369306393437,0.1177013137419782,0.0411936704506364,3.63531991744066,3.033797729618163,False,True,True,True,True,True,True,True,True,False,,True,22,10,5
Eryth,cellstate,5,0.5,0.02,4000,100,1000,1905,153,153,151,153,0.023277895315254,0.2077667834252199,0.0819143446852425,8.048976608187134,2.369453044375645,False,True,True,True,True,True,True,True,True,False,,True,22,14,8
Eryth,cellstate,5,0.5,0.03,2000,10,100,200,36,36,33,36,0.0756060380725758,0.3763972411031234,0.1587301587301587,3.376984126984127,2.06984126984127,False,True,True,True,False,True,True,True,False,False,,False,12,8,4
Eryth,cellstate,5,0.5,0.03,2000,10,250,465,36,36,36,36,-0.0087859803055169,0.6398371380035851,0.369047619047619,9.662698412698411,1.6873015873015873,False,True,True,True,True,True,True,True,False,False,,False,13,10,6
Eryth,cellstate,5,0.5,0.03,2000,10,500,520,36,36,36,36,-0.0187117951810531,0.6793132099501296,0.4126984126984127,10.96111111111111,1.6246031746031746,False,True,True,True,True,True,True,True,False,False,,False,13,13,7
Eryth,cellstate,5,0.5,0.03,2000,10,1000,518,36,36,36,36,-0.0183279255447399,0.6765308799405951,0.4111111111111111,10.912698412698411,1.626984126984127,False,True,True,True,True,True,True,True,False,False,,False,13,13,7
Eryth,cellstate,5,0.5,0.03,2000,25,100,200,77,77,58,74,0.0785693766159149,0.1450657567540684,0.0341763499658236,0.9935064935064936,2.321428571428572,False,True,True,True,True,True,True,True,True,False,,False,16,6,2
Eryth,cellstate,5,0.5,0.03,2000,25,250,500,78,78,75,78,0.0785740817502059,0.2556943558735036,0.0832500832500832,3.954545454545455,2.561938061938062,False,True,True,True,True,True,True,True,True,False,,False,16,7,3
Eryth,cellstate,5,0.5,0.03,2000,25,500,1000,78,78,77,78,0.0406183605698304,0.3920447219269992,0.1665001665001665,8.645354645354645,2.018981018981019,False,True,True,True,True,True,True,True,True,False,,False,16,11,7
Eryth,cellstate,5,0.5,0.03,2000,25,1000,1725,78,78,78,78,0.0038196803433063,0.5644654408235598,0.2872127872127872,15.654512154512156,1.7667332667332667,False,True,True,True,True,True,True,True,True,False,,False,16,14,9
Eryth,cellstate,5,0.5,0.03,2000,50,100,199,110,110,68,102,0.1389900566539484,0.0710120182847455,0.0165971643035863,0.295162635529608,1.1899916597164304,False,True,True,True,True,True,True,True,True,False,,False,18,4,2
Eryth,cellstate,5,0.5,0.03,2000,50,250,500,125,125,103,123,0.1074917769598245,0.1379923408363521,0.032258064516129,1.961032258064516,2.7800645161290323,False,True,True,True,True,True,True,True,True,False,,True,20,6,2
Eryth,cellstate,5,0.5,0.03,2000,50,500,1000,129,129,125,129,0.0784856056680484,0.2010909706044476,0.0605620155038759,4.707424903100775,2.662245639534884,False,True,True,True,True,True,True,True,True,False,,True,21,8,4
Eryth,cellstate,5,0.5,0.03,2000,50,1000,2000,127,127,127,127,0.0384099034381369,0.3147633088494414,0.1249843769528809,10.489563804524437,2.1282964629421324,False,True,True,True,True,True,True,True,True,False,,True,20,9,5
Eryth,cellstate,5,0.5,0.03,2000,75,100,193,121,121,76,105,0.1738769472285956,0.0495559995559995,0.0132920110192837,0.1413223140495867,0.5860881542699724,False,True,True,True,True,True,True,True,True,False,,False,20,5,3
Eryth,cellstate,5,0.5,0.03,2000,75,250,494,152,152,115,148,0.1073618738962525,0.0850806679560549,0.021523178807947,1.152927849424887,2.593543046357616,False,True,True,True,True,True,True,True,True,False,,True,22,7,4
Eryth,cellstate,5,0.5,0.03,2000,75,500,985,152,152,143,152,0.084715903688022,0.1595986685496146,0.042915650052283,3.684602649006623,2.9710700592540955,False,True,True,True,True,True,True,True,True,False,,True,22,9,5
Eryth,cellstate,5,0.5,0.03,2000,75,1000,1960,153,153,152,153,0.0500172014761993,0.2335419730274211,0.0842793257653938,8.207387340901272,2.341030271757826,False,True,True,True,True,True,True,True,True,False,,True,22,12,8
Eryth,cellstate,5,0.5,0.03,2000,100,100,196,121,121,78,105,0.1398246895544193,0.0670114928014782,0.0134986225895316,0.1019283746556473,0.3176308539944903,False,True,True,True,True,True,True,True,True,False,,False,20,5,3
Eryth,cellstate,5,0.5,0.03,2000,100,250,493,151,151,116,148,0.1170757617843271,0.0911438591707387,0.021766004415011,1.2437086092715233,2.8096688741721856,False,True,True,True,True,True,True,True,True,False,,True,22,7,4
Eryth,cellstate,5,0.5,0.03,2000,100,500,984,155,155,144,154,0.0906927545002256,0.1593295394460575,0.041223292836196,3.5118139924591536,2.933891914537076,False,True,True,True,True,True,True,True,True,False,,True,22,9,5
Eryth,cellstate,5,0.5,0.03,2000,100,1000,1941,154,154,153,153,0.0525640935788444,0.2272940312607808,0.0823784059078176,8.069306510482981,2.336558865970631,False,True,True,True,True,True,True,True,True,False,,True,22,12,8
Eryth,cellstate,5,0.5,0.03,3000,10,100,200,36,36,33,36,0.0606186464143032,0.3505942123847181,0.1587301587301587,3.433333333333333,2.042063492063492,False,True,True,True,True,True,True,True,False,False,,False,13,7,3
Eryth,cellstate,5,0.5,0.03,3000,10,250,500,36,36,36,36,-0.0041880318934736,0.6681841052885028,0.3968253968253968,10.526190476190475,1.6492063492063491,False,True,True,True,True,True,True,True,False,False,,False,13,11,7
Eryth,cellstate,5,0.5,0.03,3000,10,500,604,36,36,36,36,-0.023065365584319,0.7467584733515086,0.4793650793650794,12.841269841269842,1.546031746031746,False,True,True,True,False,True,True,True,False,False,,False,12,13,9
Eryth,cellstate,5,0.5,0.03,3000,10,1000,606,36,36,36,36,-0.0233795745805258,0.7455174648279342,0.4809523809523809,12.9,1.5436507936507935,False,True,True,True,False,True,True,True,False,False,,False,12,13,8
Eryth,cellstate,5,0.5,0.03,3000,25,100,200,75,75,58,75,0.0790800855437454,0.1952161912161912,0.036036036036036,0.9911711711711712,2.083963963963964,False,True,True,True,True,True,True,True,True,False,,False,16,5,2
Eryth,cellstate,5,0.5,0.03,3000,25,250,500,77,77,72,77,0.082439156300703,0.2384527594957411,0.0854408749145591,4.0473342447026655,2.43796992481203,False,True,True,True,True,True,True,True,True,False,,False,15,7,3
Eryth,cellstate,5,0.5,0.03,3000,25,500,1000,77,77,75,77,0.0445171931585929,0.3595056741116507,0.1708817498291182,8.936773752563226,1.966336295283664,False,True,True,True,True,True,True,True,True,False,,False,15,9,5
Eryth,cellstate,5,0.5,0.03,3000,25,1000,1926,77,77,77,77,0.0027449822904368,0.6181844421696558,0.3291182501708817,18.03246753246753,1.706596035543404,False,True,True,True,True,True,True,True,True,False,,False,15,14,9
Eryth,cellstate,5,0.5,0.03,3000,50,100,199,111,111,73,100,0.1020878483562773,0.0816932316932317,0.0162981162981162,0.1986076986076986,0.6031122031122031,False,True,True,True,True,True,True,True,True,False,,False,18,4,2
Eryth,cellstate,5,0.5,0.03,3000,50,250,500,132,132,111,129,0.1094468068877405,0.1012018408408782,0.0289151052509831,1.7732477446217905,2.911982419616008,False,True,True,True,True,True,True,True,True,False,,True,22,7,4
Eryth,cellstate,5,0.5,0.03,3000,50,500,1000,131,131,128,131,0.0917016303387652,0.1671375356666338,0.0587199060481503,4.687903699354081,2.7310628302994715,False,True,True,True,True,True,True,True,True,False,,True,22,11,6
Eryth,cellstate,5,0.5,0.03,3000,50,1000,2000,131,131,130,131,0.0422464511785617,0.2751863521179665,0.1174398120963006,10.32982971227246,2.140986494421609,False,True,True,True,True,True,True,True,True,False,,False,21,12,6
Eryth,cellstate,5,0.5,0.03,3000,75,100,197,123,123,84,108,0.1463153078440905,0.0345094381679747,0.0131280821004931,0.2013861122217779,1.008263361322138,False,True,True,True,True,True,True,True,True,False,,True,22,4,3
Eryth,cellstate,5,0.5,0.03,3000,75,250,498,153,153,120,147,0.1226372923146418,0.0705612647198878,0.0214138286893704,1.3465342277261785,3.054695562435501,False,True,True,True,True,True,True,True,True,False,,True,22,6,4
Eryth,cellstate,5,0.5,0.03,3000,75,500,997,155,155,150,155,0.0969773616344823,0.1317316983803206,0.0417679095098449,3.709384164222874,3.07012987012987,False,True,True,True,True,True,True,True,True,False,,True,22,8,5
Eryth,cellstate,5,0.5,0.03,3000,75,1000,1942,152,152,151,152,0.0632434392851833,0.2128802016600104,0.0846113628441965,8.360622168002788,2.334437086092715,False,True,True,True,True,True,True,True,True,False,,True,22,11,6
Eryth,cellstate,5,0.5,0.03,3000,100,100,195,125,125,75,109,0.1233936693019138,0.0335376623376623,0.0125806451612903,0.1111612903225806,0.4298064516129032,False,True,True,True,True,True,True,True,True,False,,False,19,3,3
Eryth,cellstate,5,0.5,0.03,3000,100,250,479,147,147,120,142,0.1067036990279005,0.0778725087548616,0.0223185164476749,1.3976796197931227,3.3670673748951634,False,True,True,True,True,True,True,True,True,False,,True,22,6,4
Eryth,cellstate,5,0.5,0.03,3000,100,500,956,152,152,144,151,0.0890757070346588,0.129539977378203,0.0416521436040432,3.655411293133496,2.9427936563262462,False,True,True,True,True,True,True,True,True,False,,True,22,9,5
Eryth,cellstate,5,0.5,0.03,3000,100,1000,1910,153,153,151,153,0.0647609359591272,0.2105039082539711,0.0821293429652562,8.054093567251462,2.3375042999656004,False,True,True,True,True,True,True,True,True,False,,True,22,11,6
Eryth,cellstate,5,0.5,0.03,4000,10,100,200,36,36,33,36,0.0536973241467713,0.4054842102055724,0.1587301587301587,3.3222222222222224,2.0246031746031745,False,True,True,True,True,True,True,True,False,False,,False,13,7,3
Eryth,cellstate,5,0.5,0.03,4000,10,250,500,36,36,36,36,-0.004221589841338,0.6761888067895713,0.3968253968253968,10.408730158730158,1.657936507936508,False,True,True,True,True,True,True,True,False,False,,False,13,11,7
Eryth,cellstate,5,0.5,0.03,4000,10,500,675,36,36,36,36,-0.0254275173611111,0.8026674004989535,0.5357142857142857,14.69126984126984,1.4817460317460318,False,True,True,True,False,True,True,True,False,False,,False,12,13,8
Eryth,cellstate,5,0.5,0.03,4000,10,1000,672,36,36,36,36,-0.0266254967525078,0.8013450432522495,0.5333333333333333,14.594444444444443,1.4841269841269842,False,True,True,True,False,True,True,True,False,False,,False,12,13,8
Eryth,cellstate,5,0.5,0.03,4000,25,100,200,78,78,58,77,0.087138353983958,0.1314882766805843,0.0333000333000333,0.962037962037962,2.7006327006327004,False,True,True,True,True,True,True,True,True,False,,False,16,5,2
Eryth,cellstate,5,0.5,0.03,4000,25,250,500,78,78,73,78,0.0836609081066089,0.2386205105167694,0.0832500832500832,3.710622710622711,2.35014985014985,False,True,True,True,True,True,True,True,True,False,,False,16,7,3
Eryth,cellstate,5,0.5,0.03,4000,25,500,1000,77,77,75,77,0.0500864641928221,0.3655054658347552,0.1708817498291182,8.709842788790157,1.9880382775119616,False,True,True,True,True,True,True,True,True,False,,False,15,8,4
Eryth,cellstate,5,0.5,0.03,4000,25,1000,2000,77,77,77,77,0.0065734964256758,0.6356356707273041,0.3417634996582365,19.000512645249486,1.6847231715652768,False,True,True,True,True,True,True,True,True,False,,False,16,15,10
Eryth,cellstate,5,0.5,0.03,4000,50,100,197,114,114,78,103,0.1434769905040175,0.0436316607369238,0.0152926564198105,0.19981369352585,0.8828598043782021,False,True,True,True,True,True,True,True,True,False,,False,21,4,3
Eryth,cellstate,5,0.5,0.03,4000,50,250,492,130,130,111,128,0.1097113161670918,0.0995060299672163,0.0293381037567084,1.8405485986881336,3.387298747763864,False,True,True,True,True,True,True,True,True,False,,False,21,6,4
Eryth,cellstate,5,0.5,0.03,4000,50,500,1000,131,131,129,131,0.0687743828220093,0.1657167716264739,0.0587199060481503,4.7674104521432765,2.806283029947152,False,True,True,True,True,True,True,True,True,False,,False,21,9,5
Eryth,cellstate,5,0.5,0.03,4000,50,1000,2000,131,131,129,131,0.0454106908432397,0.2607002455918387,0.1174398120963006,10.319906048150322,2.128068115091016,False,True,True,True,True,True,True,True,True,False,,True,21,11,6
Eryth,cellstate,5,0.5,0.03,4000,75,100,193,124,124,79,106,0.18156309073724,0.0304615187679703,0.0126540781536847,0.0773013375295043,0.2482953055337005,False,True,True,True,True,True,True,True,True,False,,True,20,3,2
Eryth,cellstate,5,0.5,0.03,4000,75,250,487,148,148,117,145,0.0884356381843234,0.0841476557008593,0.0223846295274866,1.3662437948152233,3.5097904026475457,False,True,True,True,True,True,True,True,True,False,,True,22,6,4
Eryth,cellstate,5,0.5,0.03,4000,75,500,963,151,151,141,150,0.0598669838782488,0.1174936654471359,0.0425165562913907,3.648167770419426,2.934437086092715,False,True,True,True,True,True,True,True,True,False,,True,22,9,5
Eryth,cellstate,5,0.5,0.03,4000,75,1000,1940,152,152,150,152,0.042228717334012,0.2055368733919701,0.0845242244684559,8.330298013245033,2.343717323109097,False,True,True,True,True,True,True,True,True,False,,True,22,11,7
Eryth,cellstate,5,0.5,0.03,4000,100,100,198,131,131,82,113,0.1218364837427435,0.0586029322670544,0.0116265413975337,0.0680563711098062,0.2409864944216089,False,True,True,True,True,True,True,True,True,False,,True,21,4,3
Eryth,cellstate,5,0.5,0.03,4000,100,250,487,149,149,115,146,0.0901108152556974,0.0845324360478016,0.0220841647016143,1.305505169599129,3.068746598947941,False,True,True,True,True,True,True,True,True,False,,True,22,6,4
Eryth,cellstate,5,0.5,0.03,4000,100,500,966,154,154,146,151,0.0669242753790859,0.1082956714768926,0.0409982174688057,3.561709532297768,2.9373992021050843,False,True,True,True,True,True,True,True,True,False,,True,22,9,5
Eryth,cellstate,5,0.5,0.03,4000,100,1000,1927,154,154,152,154,0.041706646197147,0.2023697063118899,0.0817842288430523,8.110347169170698,2.387063916475681,False,True,True,True,True,True,True,True,True,False,,True,22,12,8
Eryth,cellstate,5,0.75,0.005,2000,10,100,200,34,34,34,28,-0.035289345592212,0.4536691345947402,0.17825311942959,3.263814616755793,1.736185383244207,False,True,True,False,False,True,True,True,True,False,,False,8,3,2
Eryth,cellstate,5,0.75,0.005,2000,10,250,228,34,34,34,28,-0.0412658442734268,0.5047514801817298,0.2032085561497326,3.644385026737968,1.6639928698752229,False,True,True,False,False,True,True,True,True,False,,False,8,3,2
Eryth,cellstate,5,0.75,0.005,2000,10,500,230,34,34,34,28,-0.0327977839335179,0.500272092534431,0.2049910873440285,3.680926916221034,1.6577540106951871,False,True,True,False,False,True,True,True,True,False,,False,8,3,2
Eryth,cellstate,5,0.75,0.005,2000,10,1000,252,32,32,32,29,-0.0259987997256515,0.537767091063821,0.2540322580645161,4.762096774193548,1.7661290322580645,False,True,True,False,False,True,True,True,True,False,,False,9,3,2
Eryth,cellstate,5,0.75,0.005,2000,25,100,200,71,71,58,66,0.036508400292184,0.1327358087921468,0.0402414486921529,1.2118712273641852,2.396780684104628,False,True,True,True,False,True,True,True,True,False,,False,15,2,2
Eryth,cellstate,5,0.75,0.005,2000,25,250,500,72,72,69,68,-0.0101425270914403,0.3247131458416538,0.0978090766823161,3.768192488262911,2.268192488262911,False,True,True,True,False,True,True,True,True,False,,False,15,4,2
Eryth,cellstate,5,0.75,0.005,2000,25,500,879,76,76,76,74,-0.011154662242969,0.4443677777418184,0.1542105263157894,6.499473684210527,2.152456140350877,False,True,True,True,False,True,True,True,True,False,,False,16,6,2
Eryth,cellstate,5,0.75,0.005,2000,25,1000,879,76,76,76,74,-0.011154662242969,0.4443677777418184,0.1542105263157894,6.499473684210527,2.152456140350877,False,True,True,True,False,True,True,True,True,False,,False,16,6,2
Eryth,cellstate,5,0.75,0.005,2000,50,100,198,99,99,70,86,0.009294252680496,0.0807414807414807,0.0204081632653061,0.575345289631004,2.046176046176046,False,True,True,True,True,True,True,True,True,False,,True,20,2,2
Eryth,cellstate,5,0.75,0.005,2000,50,250,487,117,117,99,109,0.0111629946494129,0.155586009162662,0.0358826996758031,1.7927350427350428,2.480327144120248,False,True,True,True,True,True,True,True,True,False,,True,21,4,3
Eryth,cellstate,5,0.75,0.005,2000,50,500,964,119,119,114,114,-0.0026448645039935,0.2676706005964133,0.068651189289275,4.158738071499786,2.410910126762569,False,True,True,True,True,True,True,True,True,False,,True,22,5,3
Eryth,cellstate,5,0.75,0.005,2000,50,1000,1785,120,120,120,117,-0.0076442671294314,0.407806554470795,0.125,8.280742296918767,2.1735294117647057,False,True,True,True,True,True,True,True,True,False,,True,22,9,6
Eryth,cellstate,5,0.75,0.005,2000,75,100,195,114,114,78,92,0.0081357774028425,0.0872598162071845,0.0151374010246856,0.3174972830305853,1.4795062878435026,False,True,True,True,True,True,True,True,True,False,,True,21,2,2
Eryth,cellstate,5,0.75,0.005,2000,75,250,459,130,130,106,120,0.0257902892561983,0.1371808704771521,0.0273703041144901,1.356469886702445,2.5567084078711986,False,True,True,True,True,True,True,True,True,False,,True,21,2,2
Eryth,cellstate,5,0.75,0.005,2000,75,500,907,138,138,124,129,0.0132051310912507,0.2042916871188616,0.0479741880884375,3.122976832751508,2.406061567756268,False,True,True,True,True,True,True,True,True,False,,True,22,4,2
Eryth,cellstate,5,0.75,0.005,2000,75,1000,1753,134,134,131,131,0.0026870918950278,0.3565932574720719,0.0983615755807429,7.114914151049265,2.24452923353159,False,True,True,True,True,True,True,True,True,False,,True,22,8,5
Eryth,cellstate,5,0.75,0.005,2000,100,100,189,107,107,73,86,0.0307028136698466,0.0594793057409879,0.0166637277376124,0.3836184094515958,1.616028919061894,False,True,True,True,True,True,True,True,True,False,,True,19,2,2
Eryth,cellstate,5,0.75,0.005,2000,100,250,452,130,130,106,120,0.0284550026934913,0.1327955539334646,0.0269528920691711,1.341025641025641,2.525402504472272,False,True,True,True,True,True,True,True,True,False,,True,21,3,2
Eryth,cellstate,5,0.75,0.005,2000,100,500,896,138,138,124,129,0.0191170523753181,0.2037467671997116,0.047392362213054,3.0599809584258963,2.4243097429387497,False,True,True,True,True,True,True,True,True,False,,True,22,4,2
Eryth,cellstate,5,0.75,0.005,2000,100,1000,1740,134,134,131,131,0.0003331515575537,0.3537068306363899,0.0976321400516215,7.0976882504769385,2.2499719447873416,False,True,True,True,True,True,True,True,True,False,,True,22,7,4
Eryth,cellstate,5,0.75,0.005,3000,10,100,200,34,34,34,28,-0.0366583288263926,0.4557757518488716,0.17825311942959,3.235294117647059,1.7379679144385027,False,True,True,False,False,True,True,True,True,False,,False,8,3,2
Eryth,cellstate,5,0.75,0.005,3000,10,250,230,34,34,34,28,-0.0327977839335179,0.500272092534431,0.2049910873440285,3.680926916221034,1.6577540106951871,False,True,True,False,False,True,True,True,True,False,,False,8,3,2
Eryth,cellstate,5,0.75,0.005,3000,10,500,252,32,32,32,29,-0.0259987997256515,0.537767091063821,0.2540322580645161,4.762096774193548,1.7661290322580645,False,True,True,False,False,True,True,True,True,False,,False,9,3,2
Eryth,cellstate,5,0.75,0.005,3000,10,1000,252,32,32,32,29,-0.0259987997256515,0.537767091063821,0.2540322580645161,4.762096774193548,1.7661290322580645,False,True,True,False,False,True,True,True,True,False,,False,9,3,2
Eryth,cellstate,5,0.75,0.005,3000,25,100,200,70,70,57,66,0.0458144631117604,0.1467150310007453,0.041407867494824,1.259006211180124,2.4472049689441,False,True,True,True,False,True,True,True,True,False,,False,15,2,2
Eryth,cellstate,5,0.75,0.005,3000,25,250,500,75,75,71,72,-0.0025219061942601,0.2695668183086911,0.09009009009009,3.6194594594594593,2.3414414414414413,False,True,True,True,False,True,True,True,True,False,,False,16,4,2
Eryth,cellstate,5,0.75,0.005,3000,25,500,846,75,75,75,73,-0.0130119207603312,0.4414506243682907,0.1524324324324324,6.381081081081081,2.1535135135135137,False,True,True,True,False,True,True,True,True,False,,False,16,6,2
Eryth,cellstate,5,0.75,0.005,3000,25,1000,866,75,75,75,73,-0.0152320235180083,0.4465045044370378,0.156036036036036,6.539279279279279,2.1445045045045044,False,True,True,True,False,True,True,True,True,False,,False,16,6,2
Eryth,cellstate,5,0.75,0.005,3000,50,100,194,96,96,65,82,0.0189478969754253,0.078654852092352,0.0212719298245614,0.6071271929824561,2.060197368421053,False,True,True,True,True,True,True,True,True,False,,True,20,2,2
Eryth,cellstate,5,0.75,0.005,3000,50,250,487,117,117,99,109,0.0070368237217598,0.158625671891934,0.0358826996758031,1.794871794871795,2.4973474801061006,False,True,True,True,True,True,True,True,True,False,,True,21,4,3
Eryth,cellstate,5,0.75,0.005,3000,50,500,950,121,121,113,117,0.0092197530864197,0.2470233809962777,0.065426997245179,4.01797520661157,2.443870523415978,False,True,True,True,True,True,True,True,True,False,,True,22,4,2
Eryth,cellstate,5,0.75,0.005,3000,50,1000,1785,120,120,120,117,-0.0076442671294314,0.407806554470795,0.125,8.280742296918767,2.1735294117647057,False,True,True,True,True,True,True,True,True,False,,True,22,9,6
Eryth,cellstate,5,0.75,0.005,3000,75,100,188,107,107,73,87,0.0161930344006593,0.039942145082332,0.0165755598659848,0.3836184094515958,1.575648033856463,False,True,True,True,True,True,True,True,True,False,,True,19,2,2
Eryth,cellstate,5,0.75,0.005,3000,75,250,457,129,129,104,117,0.0163949177554619,0.1192347796838525,0.0276768410852713,1.4390746124031009,2.51859253875969,False,True,True,True,True,True,True,True,True,False,,True,21,4,3
Eryth,cellstate,5,0.75,0.005,3000,75,500,908,138,138,124,130,0.0124993213367745,0.2038508303247576,0.048027081349836,3.1063154554109804,2.4072252195070347,False,True,True,True,True,True,True,True,True,False,,True,22,4,2
Eryth,cellstate,5,0.75,0.005,3000,75,1000,1836,139,139,135,137,0.0037650670263028,0.3179987374265986,0.0957147325617766,7.040298196225629,2.279741424251903,False,True,True,True,True,True,True,True,True,False,,True,22,5,3
Eryth,cellstate,5,0.75,0.005,3000,100,100,192,113,113,78,90,-0.0004282844990548,0.065967513312646,0.0151706700379266,0.3125,1.4337073324905183,False,True,True,True,True,True,True,True,True,False,,True,21,2,2
Eryth,cellstate,5,0.75,0.005,3000,100,250,452,127,127,100,116,0.0342845818470074,0.1169477738186447,0.028246469191351,1.4348206474190726,2.393013373328334,False,True,True,True,True,True,True,True,True,False,,True,21,3,3
Eryth,cellstate,5,0.75,0.005,3000,100,500,897,138,138,124,130,0.0166995938451818,0.2008695408966106,0.0474452554744525,3.073098487252724,2.412567438908283,False,True,True,True,True,True,True,True,True,False,,True,22,4,2
Eryth,cellstate,5,0.75,0.005,3000,100,1000,1809,140,140,136,138,0.0065271196498138,0.3136630401478347,0.0929599177800616,6.844655704008222,2.30087358684481,False,True,True,True,True,True,True,True,True,False,,True,22,5,3
Eryth,cellstate,5,0.75,0.005,4000,10,100,200,32,32,32,29,-0.0131310768819539,0.4573812625283213,0.2016129032258064,3.732862903225808,1.9112903225806448,False,True,True,False,False,True,True,True,True,False,,False,9,3,2
Eryth,cellstate,5,0.75,0.005,4000,10,250,230,34,34,34,28,-0.0327977839335179,0.500272092534431,0.2049910873440285,3.680926916221034,1.6577540106951871,False,True,True,False,False,True,True,True,True,False,,False,8,3,2
Eryth,cellstate,5,0.75,0.005,4000,10,500,230,34,34,34,28,-0.0327977839335179,0.500272092534431,0.2049910873440285,3.680926916221034,1.6577540106951871,False,True,True,False,False,True,True,True,True,False,,False,8,3,2
Eryth,cellstate,5,0.75,0.005,4000,10,1000,252,32,32,32,29,-0.0259987997256515,0.537767091063821,0.2540322580645161,4.762096774193548,1.7661290322580645,False,True,True,False,False,True,True,True,True,False,,False,9,3,2
Eryth,cellstate,5,0.75,0.005,4000,25,100,200,67,67,52,61,0.0129783790033529,0.1976430700311297,0.0452284034373586,1.3222523744911805,2.409317051108096,False,True,True,True,False,True,True,True,True,False,,False,14,2,2
Eryth,cellstate,5,0.75,0.005,4000,25,250,500,74,74,70,71,-0.0061278760550352,0.2818357912002748,0.0925583117363939,3.67530544242873,2.3024805627545355,False,True,True,True,False,True,True,True,True,False,,False,15,3,2
Eryth,cellstate,5,0.75,0.005,4000,25,500,778,72,72,72,69,-0.0198716422545416,0.4732531781296202,0.1521909233176838,6.023669796557121,2.117175273865415,False,True,True,True,False,True,True,True,True,False,,False,15,6,3
Eryth,cellstate,5,0.75,0.005,4000,25,1000,866,75,75,75,73,-0.0152320235180083,0.4465045044370379,0.156036036036036,6.539279279279279,2.1445045045045044,False,True,True,True,False,True,True,True,True,False,,False,16,6,2
Eryth,cellstate,5,0.75,0.005,4000,50,100,194,93,93,64,80,0.0149899574669187,0.097366910270136,0.0226741467975689,0.6380317905563347,2.1259934548854607,False,True,True,True,True,True,True,True,True,False,,True,19,2,2
Eryth,cellstate,5,0.75,0.005,4000,50,250,486,117,117,98,109,0.0084050148985214,0.1531378664317463,0.0358090185676392,1.776083112290009,2.4377394636015324,False,True,True,True,True,True,True,True,True,False,,True,21,4,3
Eryth,cellstate,5,0.75,0.005,4000,50,500,963,119,119,114,114,-0.0037807148743933,0.2650903561536297,0.0685799743626264,4.154963680387409,2.412120780515596,False,True,True,True,True,True,True,True,True,False,,True,22,5,3
Eryth,cellstate,5,0.75,0.005,4000,50,1000,1766,119,119,119,116,-0.0069999280887025,0.4098441058700015,0.1257655604614727,8.249181028343541,2.173835635949295,False,True,True,True,True,True,True,True,True,False,,True,22,9,6
Eryth,cellstate,5,0.75,0.005,4000,75,100,188,106,106,71,86,0.0143463264247123,0.0553527185602657,0.0168912848158131,0.3810422282120395,1.5361185983827492,False,True,True,True,True,True,True,True,True,False,,True,19,2,2
Eryth,cellstate,5,0.75,0.005,4000,75,250,458,130,130,107,120,0.022021471453552,0.1322671293665785,0.0273106738223017,1.359809183064997,2.561776982707215,False,True,True,True,True,True,True,True,True,False,,True,21,3,2
Eryth,cellstate,5,0.75,0.005,4000,75,500,908,139,139,125,129,0.0117438532975087,0.1961494210721323,0.0473360442081117,3.0685538525701177,2.3963611719320195,False,True,True,True,True,True,True,True,True,False,,True,22,4,2
Eryth,cellstate,5,0.75,0.005,4000,75,1000,1836,139,139,135,137,0.0046359717999265,0.318465087046992,0.0957147325617766,7.0087060786153685,2.2816181837138982,False,True,True,True,True,True,True,True,True,False,,True,22,5,3
Eryth,cellstate,5,0.75,0.005,4000,100,100,193,114,114,78,90,0.0009642074506939,0.0589181286549707,0.0149821456295606,0.2996429125912125,1.2643223102002794,False,True,True,True,True,True,True,True,True,False,,True,21,2,2
Eryth,cellstate,5,0.75,0.005,4000,100,250,451,130,130,107,119,0.0295058513374485,0.1339746400232333,0.0268932617769827,1.322122838401908,2.584078711985689,False,True,True,True,True,True,True,True,True,False,,True,21,3,2
Eryth,cellstate,5,0.75,0.005,4000,100,500,895,138,138,124,129,0.0196496418901213,0.2021824936862499,0.0473394689516555,3.0589230931979268,2.420977467470644,False,True,True,True,True,True,True,True,True,False,,True,22,4,2
Eryth,cellstate,5,0.75,0.005,4000,100,1000,1810,140,140,136,138,0.0063431564229992,0.3162487926183361,0.093011305241521,6.851130524152107,2.300719424460432,False,True,True,True,True,True,True,True,True,False,,True,22,5,3
Eryth,cellstate,5,0.75,0.01,2000,10,100,200,33,33,32,32,0.0346235795454545,0.3683933911206639,0.1893939393939394,4.146780303030303,2.03125,False,True,True,True,True,True,True,True,False,False,,False,13,6,4
Eryth,cellstate,5,0.75,0.01,2000,10,250,306,33,33,33,32,0.0009982237489173,0.5550459651669285,0.2897727272727273,6.403409090909091,1.84375,False,True,True,True,True,True,True,True,False,False,,False,13,8,6
Eryth,cellstate,5,0.75,0.01,2000,10,500,286,33,33,33,32,-0.0210137566501954,0.5438745979749293,0.2708333333333333,5.481060606060606,2.007575757575758,False,True,True,False,True,True,True,True,False,False,,False,12,6,5
Eryth,cellstate,5,0.75,0.01,2000,10,1000,306,33,33,33,32,0.0009982237489173,0.5550459651669285,0.2897727272727273,6.403409090909091,1.84375,False,True,True,True,True,True,True,True,False,False,,False,13,8,6
Eryth,cellstate,5,0.75,0.01,2000,25,100,200,64,64,54,63,0.0150646480934038,0.1165471681096681,0.0496031746031746,1.609871031746032,2.607142857142857,False,True,True,True,True,True,True,True,True,False,,False,16,4,3
Eryth,cellstate,5,0.75,0.01,2000,25,250,500,70,70,66,69,0.0074863189990636,0.2457554677469394,0.10351966873706,4.432919254658385,2.213871635610766,False,True,True,True,True,True,True,True,True,False,,True,18,8,5
Eryth,cellstate,5,0.75,0.01,2000,25,500,960,68,68,68,68,-0.0030298955124129,0.497293079793757,0.2107111501316944,9.262291483757682,2.007682177348552,False,True,True,True,True,True,True,True,True,False,,False,17,8,5
Eryth,cellstate,5,0.75,0.01,2000,25,1000,1036,68,68,68,68,-0.002121097773411,0.5266654583595234,0.2273924495171203,9.868964003511852,1.9725636523266024,False,True,True,True,True,True,True,True,True,False,,False,17,10,7
Eryth,cellstate,5,0.75,0.01,2000,50,100,200,111,111,84,97,0.0550036523009496,0.055016705016705,0.0163800163800163,0.5606879606879607,2.6043407043407045,False,True,True,True,True,True,True,True,True,False,,True,20,2,2
Eryth,cellstate,5,0.75,0.01,2000,50,250,500,124,124,102,121,0.0504998613390555,0.111191160989548,0.032782585890375,2.025963808025177,2.7748492001049043,False,True,True,True,True,True,True,True,True,False,,True,20,5,5
Eryth,cellstate,5,0.75,0.01,2000,50,500,1000,127,127,118,126,0.0422654470565236,0.1829730544411737,0.0624921884764404,4.46875390576178,2.4678165229346334,False,True,True,True,True,True,True,True,True,False,,True,22,9,6
Eryth,cellstate,5,0.75,0.01,2000,50,1000,2000,125,125,124,125,0.0089067722161458,0.3640882084323618,0.1290322580645161,9.939096774193548,2.1444516129032256,False,True,True,True,True,True,True,True,True,False,,True,22,12,7
Eryth,cellstate,5,0.75,0.01,2000,75,100,197,122,122,88,104,0.0313513513513513,0.0435141816289357,0.0133450751930632,0.4017748272591789,2.0594092941335864,False,True,True,True,True,True,True,True,True,False,,True,20,2,2
Eryth,cellstate,5,0.75,0.01,2000,75,250,492,144,144,117,137,0.0447634976855756,0.0875018636048047,0.0238927738927738,1.6072746697746698,2.8749514374514376,False,True,True,True,True,True,True,True,True,False,,True,20,5,5
Eryth,cellstate,5,0.75,0.01,2000,75,500,986,151,151,133,149,0.0304564445960833,0.1491419157860366,0.043532008830022,3.430728476821192,2.612229580573952,False,True,True,True,True,True,True,True,True,False,,True,22,9,6
Eryth,cellstate,5,0.75,0.01,2000,75,1000,1964,153,153,150,152,0.0210743164342212,0.270463814358293,0.0844513243894048,7.514447884416924,2.351135190918473,False,True,True,True,True,True,True,True,True,False,,True,22,10,7
Eryth,cellstate,5,0.75,0.01,2000,100,100,197,120,120,87,101,0.0292710302457466,0.0470701058201058,0.0137955182072829,0.4007002801120448,1.9988795518207283,False,True,True,True,True,True,True,True,True,False,,True,20,2,2
Eryth,cellstate,5,0.75,0.01,2000,100,250,490,144,144,118,137,0.0434727610052285,0.0875115653753424,0.0237956487956487,1.6086344211344212,2.9453185703185705,False,True,True,True,True,True,True,True,True,False,,True,21,5,5
Eryth,cellstate,5,0.75,0.01,2000,100,500,977,151,151,134,149,0.0268283418553689,0.1396067794130692,0.0431346578366445,3.3956291390728475,2.6089183222958057,False,True,True,True,True,True,True,True,True,False,,True,22,9,6
Eryth,cellstate,5,0.75,0.01,2000,100,1000,1961,151,151,148,150,0.0224557419290249,0.2729593875868121,0.0865783664459161,7.594128035320089,2.330066225165563,False,True,True,True,True,True,True,True,True,False,,True,22,10,7
Eryth,cellstate,5,0.75,0.01,3000,10,100,200,33,33,32,32,0.0030094730002393,0.3516668219876776,0.1893939393939394,3.861742424242424,2.122159090909091,False,True,True,False,True,True,True,True,False,False,,False,13,4,3
Eryth,cellstate,5,0.75,0.01,3000,10,250,362,33,33,33,32,-0.0071853511550645,0.6288546317916477,0.3428030303030303,7.660984848484849,1.7291666666666667,False,True,True,True,True,True,True,True,False,False,,False,14,9,7
Eryth,cellstate,5,0.75,0.01,3000,10,500,362,33,33,33,32,-0.0071853511550645,0.6288546317916477,0.3428030303030303,7.660984848484849,1.7291666666666667,False,True,True,True,True,True,True,True,False,False,,False,14,9,7
Eryth,cellstate,5,0.75,0.01,3000,10,1000,362,33,33,33,32,-0.0071853511550645,0.6288546317916477,0.3428030303030303,7.660984848484849,1.7291666666666667,False,True,True,True,True,True,True,True,False,False,,False,14,9,7
Eryth,cellstate,5,0.75,0.01,3000,25,100,200,64,64,57,63,0.0029241493383742,0.1419687950937951,0.0496031746031746,1.6706349206349207,2.751984126984127,False,True,True,True,True,True,True,True,True,False,,False,16,5,3
Eryth,cellstate,5,0.75,0.01,3000,25,250,500,68,68,66,67,-0.0031209876543209,0.2804028590146091,0.1097453906935908,4.659130816505707,2.360184372256365,False,True,True,True,True,True,True,True,True,False,,False,17,8,5
Eryth,cellstate,5,0.75,0.01,3000,25,500,1000,68,68,68,67,-0.0069935395274804,0.5224526759449409,0.2194907813871817,9.544776119402986,1.9451273046532045,False,True,True,True,True,True,True,True,True,False,,False,17,8,5
Eryth,cellstate,5,0.75,0.01,3000,25,1000,1116,68,68,68,67,-0.009993752603082,0.5609488896479986,0.2449517120280948,10.644644424934151,1.880158033362599,False,True,True,True,True,True,True,True,True,False,,False,17,10,7
Eryth,cellstate,5,0.75,0.01,3000,50,100,200,112,112,75,98,0.0318005540166205,0.0663078488971346,0.016087516087516,0.4687902187902188,2.0403796653796653,False,True,True,True,True,True,True,True,True,False,,True,20,3,3
Eryth,cellstate,5,0.75,0.01,3000,50,250,500,124,124,102,122,0.0376102704189036,0.1161036538835399,0.032782585890375,1.985837922895358,2.7393784421715184,False,True,True,True,True,True,True,True,True,False,,True,21,5,5
Eryth,cellstate,5,0.75,0.01,3000,50,500,1000,128,128,119,126,0.0269448482041735,0.1961910269914937,0.061515748031496,4.415969488188976,2.499507874015748,False,True,True,True,True,True,True,True,True,False,,True,22,8,5
Eryth,cellstate,5,0.75,0.01,3000,50,1000,2000,129,129,128,129,0.0032449511370392,0.3469596835105143,0.1211240310077519,9.583151647286822,2.187621124031008,False,True,True,True,True,True,True,True,True,False,,True,22,11,7
Eryth,cellstate,5,0.75,0.01,3000,75,100,197,121,121,91,98,0.0239152666179693,0.0317853863308408,0.0135674931129476,0.4816115702479339,2.8703856749311294,False,True,True,True,True,True,True,True,True,False,,True,20,2,2
Eryth,cellstate,5,0.75,0.01,3000,75,250,492,142,142,116,136,0.0654179673950745,0.0879922162896479,0.0245729697332933,1.585156328039157,2.6866946359005093,False,True,True,True,True,True,True,True,True,False,,True,21,5,5
Eryth,cellstate,5,0.75,0.01,3000,75,500,980,151,151,135,148,0.02793516802063,0.1430657845643164,0.0432671081677704,3.4845916114790287,2.669448123620309,False,True,True,True,True,True,True,True,True,False,,True,21,7,5
Eryth,cellstate,5,0.75,0.01,3000,75,1000,1963,152,152,149,151,0.0044947044300033,0.2663103122402603,0.0855263157894736,7.610230045311956,2.3613628441965844,False,True,True,True,True,True,True,True,True,False,,True,22,9,6
Eryth,cellstate,5,0.75,0.01,3000,100,100,196,121,121,82,101,0.0714097881665449,0.049060260217285,0.0134986225895316,0.4046143250688705,2.149724517906336,False,True,True,True,True,True,True,True,True,False,,True,20,2,2
Eryth,cellstate,5,0.75,0.01,3000,100,250,492,142,142,116,137,0.0699385961652794,0.0928812228460115,0.0245729697332933,1.5814104485066427,2.729597442812906,False,True,True,True,True,True,True,True,True,False,,True,21,5,5
Eryth,cellstate,5,0.75,0.01,3000,100,500,982,151,151,136,147,0.0335689004904875,0.1423895005729381,0.0433554083885209,3.484415011037528,2.664459161147903,False,True,True,True,True,True,True,True,True,False,,True,21,7,5
Eryth,cellstate,5,0.75,0.01,3000,100,1000,1962,153,153,149,152,0.0121830773863294,0.2646106864505005,0.0843653250773993,7.490884072927416,2.3416322669418643,False,True,True,True,True,True,True,True,True,False,,True,22,9,6
Eryth,cellstate,5,0.75,0.01,4000,10,100,200,33,33,32,32,0.0019436181719848,0.3513256400956936,0.1893939393939394,3.872159090909091,2.123106060606061,False,True,True,False,True,True,True,True,False,False,,False,13,4,3
Eryth,cellstate,5,0.75,0.01,4000,10,250,362,33,33,33,32,-0.0071853511550645,0.6288546317916477,0.3428030303030303,7.660984848484849,1.7291666666666667,False,True,True,True,True,True,True,True,False,False,,False,14,9,7
Eryth,cellstate,5,0.75,0.01,4000,10,500,362,33,33,33,32,-0.0071853511550645,0.6288546317916477,0.3428030303030303,7.660984848484849,1.7291666666666667,False,True,True,True,True,True,True,True,False,False,,False,14,9,7
Eryth,cellstate,5,0.75,0.01,4000,10,1000,362,33,33,33,32,-0.0071853511550645,0.6288546317916477,0.3428030303030303,7.660984848484849,1.7291666666666667,False,True,True,True,True,True,True,True,False,False,,False,14,9,7
Eryth,cellstate,5,0.75,0.01,4000,25,100,200,65,65,57,64,0.0032770512780499,0.1254867354867355,0.048076923076923,1.710096153846154,3.308413461538461,False,True,True,True,True,True,True,True,True,False,,False,16,5,3
Eryth,cellstate,5,0.75,0.01,4000,25,250,500,70,70,66,69,0.0067337579374916,0.2479268410836301,0.10351966873706,4.449275362318841,2.2306418219461697,False,True,True,True,True,True,True,True,True,False,,False,17,7,4
Eryth,cellstate,5,0.75,0.01,4000,25,500,1000,69,69,69,68,-0.0072829135294599,0.4986067569490779,0.2131287297527706,9.37851662404092,1.956734867860188,False,True,True,True,True,True,True,True,True,False,,False,17,9,6
Eryth,cellstate,5,0.75,0.01,4000,25,1000,1116,68,68,68,67,-0.009993752603082,0.5609488896479986,0.2449517120280948,10.644644424934151,1.880158033362599,False,True,True,True,True,True,True,True,True,False,,False,17,10,7
Eryth,cellstate,5,0.75,0.01,4000,50,100,199,110,110,81,95,0.0423959094229364,0.0424850906669088,0.0165971643035863,0.5869891576313595,2.852627189324437,False,True,True,True,True,True,True,True,True,False,,True,20,2,2
Eryth,cellstate,5,0.75,0.01,4000,50,250,500,123,123,103,121,0.0228404126186005,0.1182831623485805,0.0333200053312008,2.143276022924164,2.8118086098893778,False,True,True,True,True,True,True,True,True,False,,True,21,4,4
Eryth,cellstate,5,0.75,0.01,4000,50,500,1000,126,126,116,125,0.0304715742065611,0.1998585715522894,0.0634920634920634,4.484952380952381,2.4589206349206347,False,True,True,True,True,True,True,True,True,False,,True,22,8,5
Eryth,cellstate,5,0.75,0.01,4000,50,1000,2000,127,127,126,127,0.0089873613585581,0.3529636623149585,0.1249843769528809,9.765404324459444,2.161104861892264,False,True,True,True,True,True,True,True,True,False,,True,22,11,7
Eryth,cellstate,5,0.75,0.01,4000,75,100,197,120,120,90,97,0.0312943052930056,0.0273743386243386,0.0137955182072829,0.4609943977591036,2.6766806722689074,False,True,True,True,True,True,True,True,True,False,,True,20,2,2
Eryth,cellstate,5,0.75,0.01,4000,75,250,492,143,143,116,137,0.0620048560527228,0.0870540155032133,0.0242292918349256,1.5541711809317442,2.695557963163597,False,True,True,True,True,True,True,True,True,False,,True,21,5,5
Eryth,cellstate,5,0.75,0.01,4000,75,500,981,150,150,132,147,0.0266863528192618,0.1423866430411265,0.0438926174496644,3.5195973154362417,2.565413870246085,False,True,True,True,True,True,True,True,True,False,,True,21,6,5
Eryth,cellstate,5,0.75,0.01,4000,75,1000,1962,151,151,148,150,0.0061198140436689,0.268157697877997,0.0866225165562913,7.668388520971303,2.3513907284768214,False,True,True,True,True,True,True,True,True,False,,True,22,9,6
Eryth,cellstate,5,0.75,0.01,4000,100,100,196,122,122,81,101,0.0721986851716581,0.0531923449956236,0.0132773336946213,0.4020457932529467,2.034886871697602,False,True,True,True,True,True,True,True,True,False,,True,20,2,2
Eryth,cellstate,5,0.75,0.01,4000,100,250,492,142,142,116,136,0.0681883070235222,0.087368351523281,0.0245729697332933,1.5759164918589552,2.711866946359005,False,True,True,True,True,True,True,True,True,False,,True,21,5,5
Eryth,cellstate,5,0.75,0.01,4000,100,500,981,151,151,136,147,0.0358163171497762,0.1424568126626458,0.0433112582781456,3.500485651214128,2.658807947019868,False,True,True,True,True,True,True,True,True,False,,True,21,7,5
Eryth,cellstate,5,0.75,0.01,4000,100,1000,1963,152,152,149,151,0.0105827480928574,0.2657596651613741,0.0855263157894736,7.6169832694318576,2.357920878354828,False,True,True,True,True,True,True,True,True,False,,True,22,9,6
Eryth,cellstate,5,0.75,0.02,2000,10,100,200,36,36,35,36,0.0407652785289345,0.335533062616396,0.1587301587301587,3.824603174603175,2.2626984126984127,False,False,True,True,True,True,True,True,False,False,,False,13,3,2
Eryth,cellstate,5,0.75,0.02,2000,10,250,443,36,36,36,36,-0.0035384351299897,0.627805788365185,0.3515873015873016,8.724603174603175,1.742063492063492,False,False,True,True,True,True,True,True,False,False,,False,13,8,4
Eryth,cellstate,5,0.75,0.02,2000,10,500,462,35,35,35,35,-0.0168598269628099,0.654880366197434,0.388235294117647,9.94201680672269,1.6521008403361344,False,False,True,True,False,True,True,True,False,False,,False,12,8,4
Eryth,cellstate,5,0.75,0.02,2000,10,1000,447,36,36,36,36,-0.0055017994030125,0.6239029943214591,0.3547619047619048,8.838095238095239,1.7373015873015871,False,False,True,True,True,True,True,True,False,False,,False,13,8,4
Eryth,cellstate,5,0.75,0.02,2000,25,100,200,77,77,64,75,0.0654784514243973,0.0986181524951578,0.0341763499658236,1.1153451811346549,2.784688995215311,False,True,True,True,True,True,True,True,True,False,,False,16,4,3
Eryth,cellstate,5,0.75,0.02,2000,25,250,500,78,78,73,78,0.0434490994024072,0.2247826097367653,0.0832500832500832,3.917082917082917,2.4114219114219115,False,True,True,True,True,True,True,True,True,False,,False,16,8,4
Eryth,cellstate,5,0.75,0.02,2000,25,500,1000,78,78,76,78,0.0301329076097636,0.3802418894050176,0.1665001665001665,8.506327006327007,1.9935064935064928,False,True,True,True,True,True,True,True,True,False,,False,16,12,5
Eryth,cellstate,5,0.75,0.02,2000,25,1000,1553,78,78,78,78,-0.0023249504330585,0.5435709659237506,0.2585747585747586,13.704462204462205,1.8305028305028304,False,True,True,True,True,True,True,True,True,False,,False,16,12,4
Eryth,cellstate,5,0.75,0.02,2000,50,100,200,118,118,81,101,0.0126454293628809,0.0897198376011935,0.0144864551644212,0.3813559322033898,1.896566710126032,False,True,True,True,True,True,True,True,True,False,,True,21,5,2
Eryth,cellstate,5,0.75,0.02,2000,50,250,500,130,130,107,128,0.0423842767411445,0.1046151640382409,0.0298151460942158,1.934704830053668,2.883422778771616,False,True,True,True,True,True,True,True,True,False,,True,22,9,5
Eryth,cellstate,5,0.75,0.02,2000,50,500,1000,132,132,124,132,0.0506137209179838,0.1678642840915629,0.0578302105019662,4.542389544297941,2.527816331251446,False,True,True,True,True,True,True,True,True,False,,True,22,12,7
Eryth,cellstate,5,0.75,0.02,2000,50,1000,2000,130,130,129,130,0.018155747112219,0.3134727617084036,0.1192605843768634,9.96839594514013,2.1456768038163387,False,True,True,True,True,True,True,True,True,False,,True,22,17,7
Eryth,cellstate,5,0.75,0.02,2000,75,100,192,122,122,82,106,0.0768626977418186,0.0241880159912946,0.0130063677008535,0.3411461861536377,1.813304430293998,False,True,True,True,True,True,True,True,True,False,,True,21,4,3
Eryth,cellstate,5,0.75,0.02,2000,75,250,487,146,146,119,141,0.0750326791126603,0.0855805856357194,0.023004251299008,1.4627775153519131,2.7577231931979216,False,True,True,True,True,True,True,True,True,False,,True,22,8,5
Eryth,cellstate,5,0.75,0.02,2000,75,500,947,150,150,138,150,0.066878141307944,0.1317130332470126,0.0423713646532438,3.686353467561521,2.7709619686800897,False,True,True,True,True,True,True,True,True,False,,True,22,10,6
Eryth,cellstate,5,0.75,0.02,2000,75,1000,1956,152,152,148,152,0.0400311049394961,0.2309168453540904,0.0852213314743813,8.138680724991286,2.284942488672012,False,True,True,True,True,True,True,True,True,False,,True,22,14,6
Eryth,cellstate,5,0.75,0.02,2000,100,100,198,130,130,89,110,0.0593767313019391,0.0481279831279831,0.0118067978533094,0.2159809183064997,1.2224209898628504,False,True,True,True,True,True,True,True,True,False,,True,21,4,1
Eryth,cellstate,5,0.75,0.02,2000,100,250,486,144,144,121,139,0.0566183825792551,0.0816218072880448,0.0236013986013986,1.5201534576534577,2.8886946386946386,False,True,True,True,True,True,True,True,True,False,,True,22,8,5
Eryth,cellstate,5,0.75,0.02,2000,100,500,932,151,151,139,151,0.070525894606247,0.1225377677983302,0.0411479028697571,3.5796026490066226,2.7807505518763795,False,True,True,True,True,True,True,True,True,False,,True,22,10,6
Eryth,cellstate,5,0.75,0.02,2000,100,1000,1949,155,155,150,155,0.0363143236340968,0.2253821940565468,0.081650607457059,7.955090071219104,2.294470046082949,False,True,True,True,True,True,True,True,True,False,,True,22,15,7
Eryth,cellstate,5,0.75,0.02,3000,10,100,200,37,37,36,37,-0.0014192401080674,0.3343457681692977,0.1501501501501501,3.5675675675675675,2.3821321321321323,False,False,True,True,True,True,True,True,False,False,,False,13,3,2
Eryth,cellstate,5,0.75,0.02,3000,10,250,466,37,37,37,37,-0.0151383636100605,0.636906623724261,0.3498498498498498,8.691441441441441,1.7642642642642643,False,False,True,True,True,True,True,True,False,False,,False,13,9,5
Eryth,cellstate,5,0.75,0.02,3000,10,500,479,37,37,37,37,-0.0157442461390541,0.6496974835912478,0.3596096096096096,8.968468468468469,1.746996996996997,False,False,True,True,True,True,True,True,False,False,,False,13,9,5
Eryth,cellstate,5,0.75,0.02,3000,10,1000,478,37,37,37,37,-0.0157442461390541,0.6496974835912478,0.3588588588588589,8.944444444444445,1.7477477477477477,False,False,True,True,True,True,True,True,False,False,,False,13,9,5
Eryth,cellstate,5,0.75,0.02,3000,25,100,200,75,75,61,71,0.0717304673348629,0.1358242498242498,0.036036036036036,1.2115315315315316,2.7135135135135133,False,True,True,True,True,True,True,True,True,False,,False,16,4,3
Eryth,cellstate,5,0.75,0.02,3000,25,250,500,77,77,73,77,0.0415161351140642,0.2245812416709025,0.0854408749145591,4.136021872863978,2.4528366370471635,False,True,True,True,True,True,True,True,True,False,,False,16,11,6
Eryth,cellstate,5,0.75,0.02,3000,25,500,1000,76,76,75,76,0.0187444330067363,0.3864878091055587,0.175438596491228,9.000350877192982,1.998245614035088,False,True,True,True,True,True,True,True,True,False,,False,16,11,5
Eryth,cellstate,5,0.75,0.02,3000,25,1000,1822,77,77,77,77,0.0019709477828774,0.6206048269341365,0.3113465481886534,16.545967190704033,1.7407723855092276,False,True,True,True,True,True,True,True,True,False,,False,16,16,7
Eryth,cellstate,5,0.75,0.02,3000,50,100,200,115,115,77,100,0.1008893591466727,0.0647162499336412,0.015255530129672,0.4702517162471396,2.4391304347826086,False,True,True,True,True,True,True,True,True,False,,True,22,4,3
Eryth,cellstate,5,0.75,0.02,3000,50,250,500,130,130,112,129,0.0646566685148372,0.0943466804688523,0.0298151460942158,2.0636255217650565,3.1240906380441262,False,True,True,True,True,True,True,True,True,False,,True,22,6,4
Eryth,cellstate,5,0.75,0.02,3000,50,500,1000,132,132,125,132,0.0560814546204156,0.1659557578846802,0.0578302105019662,4.766192458940551,2.5778394633356467,False,True,True,True,True,True,True,True,True,False,,True,22,13,7
Eryth,cellstate,5,0.75,0.02,3000,50,1000,2000,132,132,132,132,0.0153586167727342,0.2930857776395777,0.1156604210039324,10.157992135091373,2.152498265093685,False,True,True,True,True,True,True,True,True,False,,True,22,16,10
Eryth,cellstate,5,0.75,0.02,3000,75,100,199,129,129,88,108,0.0811943577292172,0.0450606241303915,0.0120518410852713,0.2897892441860465,1.7022165697674418,False,True,True,True,True,True,True,True,True,False,,True,20,5,2
Eryth,cellstate,5,0.75,0.02,3000,75,250,500,150,150,123,146,0.0931680450920075,0.0674338526397349,0.0223713646532438,1.634586129753915,3.1241610738255035,False,True,True,True,True,True,True,True,True,False,,True,22,7,4
Eryth,cellstate,5,0.75,0.02,3000,75,500,987,152,152,144,152,0.0630821964330765,0.1232657791964756,0.0430027884280237,3.9418351341930986,2.8653276402927847,False,True,True,True,True,True,True,True,True,False,,True,22,11,7
Eryth,cellstate,5,0.75,0.02,3000,75,1000,1987,152,152,150,152,0.0308435695415896,0.2229336381514778,0.0865719762983618,8.563698152666435,2.302065179505054,False,True,True,True,True,True,True,True,True,False,,True,22,14,8
Eryth,cellstate,5,0.75,0.02,3000,100,100,193,121,121,76,106,0.0860321724001099,0.0370088130418709,0.0132920110192837,0.2690771349862259,1.6025482093663912,False,True,True,True,True,True,True,True,True,False,,False,21,4,3
Eryth,cellstate,5,0.75,0.02,3000,100,250,489,149,149,124,145,0.0764639431177942,0.0566868605360511,0.0221748594231815,1.5291583529838564,3.218801015780881,False,True,True,True,True,True,True,True,True,False,,True,22,7,4
Eryth,cellstate,5,0.75,0.02,3000,100,500,974,152,152,145,152,0.0599666443404173,0.1236356661241602,0.0424363889857093,3.877483443708609,2.908983966538864,False,True,True,True,True,True,True,True,True,False,,True,22,13,7
Eryth,cellstate,5,0.75,0.02,3000,100,1000,1948,153,153,150,153,0.0329694766080959,0.2204093014005193,0.0837633298933608,8.277863777089783,2.303233574131407,False,True,True,True,True,True,True,True,True,False,,True,22,14,8
Eryth,cellstate,5,0.75,0.02,4000,10,100,200,37,37,36,37,-0.0058992510516056,0.3288414244296597,0.1501501501501501,3.57957957957958,2.3596096096096097,False,False,True,True,True,True,True,True,False,False,,False,13,3,2
Eryth,cellstate,5,0.75,0.02,4000,10,250,480,37,37,37,37,-0.0285930309007232,0.6771294444216237,0.3603603603603603,8.94894894894895,1.7484984984984986,False,False,True,True,True,True,True,True,False,False,,False,13,9,4
Eryth,cellstate,5,0.75,0.02,4000,10,500,521,37,37,37,36,-0.0296597830570991,0.7162780344400363,0.3911411411411411,9.57057057057057,1.6283783783783785,False,False,True,True,False,True,True,True,False,False,,False,12,8,4
Eryth,cellstate,5,0.75,0.02,4000,10,1000,521,37,37,37,36,-0.0296597830570991,0.7162780344400363,0.3911411411411411,9.57057057057057,1.6283783783783785,False,False,True,True,False,True,True,True,False,False,,False,12,8,4
Eryth,cellstate,5,0.75,0.02,4000,25,100,200,76,76,60,73,0.0878405792578259,0.1568381910487173,0.0350877192982456,1.1807017543859648,2.77859649122807,False,True,True,True,True,True,True,True,True,False,,False,16,7,4
Eryth,cellstate,5,0.75,0.02,4000,25,250,500,77,77,71,77,0.0503316885403656,0.2482812149048799,0.0854408749145591,3.8995215311004783,2.3720095693779903,False,True,True,True,True,True,True,True,True,False,,False,16,11,5
Eryth,cellstate,5,0.75,0.02,4000,25,500,1000,76,76,74,76,0.015930377760504,0.3874429630819886,0.175438596491228,8.998771929824562,1.9607017543859648,False,True,True,True,True,True,True,True,True,False,,False,16,11,5
Eryth,cellstate,5,0.75,0.02,4000,25,1000,1935,76,76,76,76,-0.0109525572230028,0.6688917271719402,0.3394736842105263,17.859122807017545,1.7085964912280702,False,True,True,True,True,True,True,True,True,False,,False,16,13,6
Eryth,cellstate,5,0.75,0.02,4000,50,100,199,120,120,77,99,0.0864503168854685,0.0641463166463166,0.0139355742296918,0.3891456582633053,1.8455182072829133,False,True,True,True,True,True,True,True,True,False,,True,22,4,3
Eryth,cellstate,5,0.75,0.02,4000,50,250,500,130,130,111,128,0.0601706487812128,0.0933730674871422,0.0298151460942158,2.07757901013715,3.112403100775194,False,True,True,True,True,True,True,True,True,False,,True,22,8,5
Eryth,cellstate,5,0.75,0.02,4000,50,500,1000,130,130,123,130,0.038367093034936,0.1625084379986952,0.0596302921884317,4.864877757901014,2.5429338103756707,False,True,True,True,True,True,True,True,True,False,,True,22,12,8
Eryth,cellstate,5,0.75,0.02,4000,50,1000,2000,130,130,130,130,0.0165967359586717,0.2858365126934048,0.1192605843768634,10.359570661896242,2.14144305307096,False,True,True,True,True,True,True,True,True,False,,True,22,18,10
Eryth,cellstate,5,0.75,0.02,4000,75,100,199,124,124,92,108,0.0856048350172461,0.0328777405390308,0.0130474691843692,0.2892735378966692,1.7629819040125885,False,True,True,True,True,True,True,True,True,False,,True,21,5,2
Eryth,cellstate,5,0.75,0.02,4000,75,250,496,148,148,121,141,0.0635937154445913,0.0788840336188566,0.0227983085125942,1.519994484280199,3.0654072439786724,False,True,True,True,True,True,True,True,True,False,,True,22,8,5
Eryth,cellstate,5,0.75,0.02,4000,75,500,992,151,151,145,151,0.0524556947069943,0.1331700233519739,0.0437969094922737,3.883576158940397,2.982030905077263,False,True,True,True,True,True,True,True,True,False,,True,22,8,5
Eryth,cellstate,5,0.75,0.02,4000,75,1000,1989,152,152,150,152,0.030858214759959,0.2254907563211469,0.0866591146741024,8.480829557337051,2.319841408156152,False,True,True,True,True,True,True,True,True,False,,True,22,14,8
Eryth,cellstate,5,0.75,0.02,4000,100,100,199,127,127,92,108,0.0676261408381917,0.0268330095101748,0.0124359455068116,0.2589676290463692,1.4510061242344707,False,True,True,True,True,True,True,True,True,False,,True,21,5,2
Eryth,cellstate,5,0.75,0.02,4000,100,250,493,150,150,125,145,0.0744965136865687,0.0764426379720496,0.0220581655480984,1.614944071588367,3.380268456375839,False,True,True,True,True,True,True,True,True,False,,True,22,8,5
Eryth,cellstate,5,0.75,0.02,4000,100,500,974,152,152,144,152,0.062692704246484,0.1320097064690625,0.0424363889857093,3.7700853956082256,2.9234053677239458,False,True,True,True,True,True,True,True,True,False,,True,22,9,6
Eryth,cellstate,5,0.75,0.02,4000,100,1000,1981,153,153,152,153,0.0337309881940157,0.2241453832497014,0.0851823185414516,8.376504987960097,2.339482284141727,False,True,True,True,True,True,True,True,True,False,,True,22,15,9
Eryth,cellstate,5,0.75,0.03,2000,10,100,200,35,35,32,35,0.0645775874582668,0.3778131485694511,0.1680672268907563,3.4403361344537817,1.8512605042016808,False,True,True,True,True,True,True,True,False,False,,False,14,9,5
Eryth,cellstate,5,0.75,0.03,2000,10,250,450,35,35,35,35,0.0006887168739859,0.6427301339330261,0.3781512605042016,9.587394957983191,1.677310924369748,False,True,True,True,True,True,True,True,False,False,,False,14,14,6
Eryth,cellstate,5,0.75,0.03,2000,10,500,471,35,35,35,35,-0.0043490057135561,0.6581079361560295,0.3957983193277311,9.994117647058824,1.653781512605042,False,True,True,True,True,True,True,True,False,False,,False,14,14,6
Eryth,cellstate,5,0.75,0.03,2000,10,1000,505,35,35,35,35,-0.0187326409853882,0.6918782980181434,0.4243697478991596,10.878151260504202,1.6050420168067228,False,True,True,True,False,True,True,True,False,False,,False,12,12,5
Eryth,cellstate,5,0.75,0.03,2000,25,100,200,78,78,56,75,0.0650308641975308,0.1790431664866053,0.0333000333000333,0.8276723276723277,2.3263403263403264,False,True,True,True,True,True,True,True,True,False,,False,15,6,2
Eryth,cellstate,5,0.75,0.03,2000,25,250,500,78,78,76,78,0.0772228231476474,0.2346537092064951,0.0832500832500832,4.028804528804529,2.614219114219114,False,True,True,True,True,True,True,True,True,False,,False,16,8,3
Eryth,cellstate,5,0.75,0.03,2000,25,500,1000,78,78,78,78,0.0575839022962584,0.3709183632331266,0.1665001665001665,8.901931401931401,2.078754578754579,False,True,True,True,True,True,True,True,True,False,,False,16,10,5
Eryth,cellstate,5,0.75,0.03,2000,25,1000,1749,78,78,78,78,0.0017130333263797,0.5623141686570481,0.2912087912087912,15.86013986013986,1.7589077589077589,False,True,True,True,True,True,True,True,True,False,,False,15,15,7
Eryth,cellstate,5,0.75,0.03,2000,50,100,198,116,116,72,105,0.1489554419284149,0.0292248221127531,0.0148425787106446,0.2197151424287856,0.9764617691154422,False,True,True,True,True,True,True,True,True,False,,True,19,3,2
Eryth,cellstate,5,0.75,0.03,2000,50,250,496,130,130,107,129,0.1150401701323251,0.1073323677446702,0.0295766249254621,1.781335718545021,2.8876565295169945,False,True,True,True,True,True,True,True,True,False,,True,20,5,2
Eryth,cellstate,5,0.75,0.03,2000,50,500,992,130,130,125,130,0.0774807746936125,0.1733870520372589,0.0591532498509242,4.537328562909958,2.609958258795468,False,True,True,True,True,True,True,True,True,False,,True,20,8,3
Eryth,cellstate,5,0.75,0.03,2000,50,1000,2000,126,126,126,126,0.0366507346689672,0.3064087423974248,0.1269841269841269,10.648126984126984,2.1106666666666665,False,True,True,True,True,True,True,True,True,False,,True,20,10,5
Eryth,cellstate,5,0.75,0.03,2000,75,100,195,119,119,77,102,0.1577501826150475,0.0382463694376694,0.0138869106964819,0.2036034752884204,0.91917105825381,False,True,True,True,True,True,True,True,True,False,,True,20,3,2
Eryth,cellstate,5,0.75,0.03,2000,75,250,492,144,144,120,142,0.1160910514295016,0.0746110949235948,0.0238927738927738,1.5703185703185705,2.9728535353535355,False,True,True,True,True,True,True,True,True,False,,True,22,7,3
Eryth,cellstate,5,0.75,0.03,2000,75,500,981,152,152,141,151,0.0891178199597568,0.1320903793834634,0.0427413733008016,3.63140467061694,2.7845939351690485,False,True,True,True,True,True,True,True,True,False,,True,21,8,3
Eryth,cellstate,5,0.75,0.03,2000,75,1000,1957,152,152,152,152,0.0379412906111784,0.2298814471085649,0.0852649006622516,8.272525270128964,2.3596200766817708,False,True,True,True,True,True,True,True,True,False,,True,22,10,5
Eryth,cellstate,5,0.75,0.03,2000,100,100,197,126,126,79,113,0.1339172158631056,0.0455487413820747,0.0125079365079365,0.1049523809523809,0.3850793650793651,False,True,True,True,True,True,True,True,True,False,,True,21,3,2
Eryth,cellstate,5,0.75,0.03,2000,100,250,488,143,143,117,140,0.1183062146397087,0.0907318417199839,0.0240323057224465,1.5493450211760071,3.004038215305821,False,True,True,True,True,True,True,True,True,False,,True,22,6,2
Eryth,cellstate,5,0.75,0.03,2000,100,500,974,151,151,140,150,0.0894326784534182,0.133889841622163,0.0430022075055187,3.659823399558499,2.7384988962472407,False,True,True,True,True,True,True,True,True,False,,True,21,8,3
Eryth,cellstate,5,0.75,0.03,2000,100,1000,1937,151,151,150,151,0.0582095816287888,0.2311456133353795,0.0855187637969095,8.262825607064018,2.342693156732892,False,True,True,True,True,True,True,True,True,False,,True,21,11,5
Eryth,cellstate,5,0.75,0.03,3000,10,100,200,35,35,33,35,0.0549141238481121,0.3557523586050787,0.1680672268907563,3.589075630252101,2.219327731092437,False,True,True,True,True,True,True,True,False,False,,False,14,9,5
Eryth,cellstate,5,0.75,0.03,3000,10,250,500,35,35,35,35,-0.0131319882883733,0.6955328892187356,0.4201680672268907,10.783193277310923,1.6058823529411763,False,True,True,True,False,True,True,True,False,False,,False,13,13,7
Eryth,cellstate,5,0.75,0.03,3000,10,500,549,35,35,35,35,-0.0178384483119618,0.7379199774498257,0.4613445378151261,11.903361344537815,1.5588235294117647,False,True,True,True,False,True,True,True,False,False,,False,13,13,7
Eryth,cellstate,5,0.75,0.03,3000,10,1000,550,35,35,35,35,-0.0184338779323754,0.7370334023272256,0.4621848739495798,11.952100840336136,1.557983193277311,False,True,True,True,False,True,True,True,False,False,,False,13,13,7
Eryth,cellstate,5,0.75,0.03,3000,25,100,200,74,74,64,72,0.1014661530651855,0.1594980447921624,0.0370233246945575,1.284524250277675,3.4185486856719733,False,True,True,True,True,True,True,True,True,False,,False,16,5,2
Eryth,cellstate,5,0.75,0.03,3000,25,250,500,74,74,71,74,0.0717994288237233,0.2388982596490336,0.0925583117363939,4.23435764531655,2.4385412810070344,False,True,True,True,True,True,True,True,True,False,,False,15,7,2
Eryth,cellstate,5,0.75,0.03,3000,25,500,1000,77,77,77,77,0.0381854900923538,0.3653650174133133,0.1708817498291182,9.149692412850309,2.042378673957621,False,True,True,True,True,True,True,True,True,False,,False,16,9,4
Eryth,cellstate,5,0.75,0.03,3000,25,1000,1894,74,74,74,74,0.0077460668197107,0.6368012226262668,0.3506108848574602,18.803776379118844,1.6740096260644206,False,True,True,True,True,True,True,True,True,False,,False,15,14,7
Eryth,cellstate,5,0.75,0.03,3000,50,100,199,111,111,72,101,0.106786703601108,0.0411976294329235,0.0162981162981162,0.3519246519246519,1.548157248157248,False,True,True,True,True,True,True,True,True,False,,True,19,3,2
Eryth,cellstate,5,0.75,0.03,3000,50,250,500,126,126,105,126,0.0813853682202184,0.1042026517836085,0.0317460317460317,1.886984126984127,2.7537777777777777,False,True,True,True,True,True,True,True,True,False,,False,20,5,2
Eryth,cellstate,5,0.75,0.03,3000,50,500,1000,130,130,129,130,0.0550113110208606,0.1656469650322064,0.0596302921884317,4.834883720930232,2.794752534287418,False,True,True,True,True,True,True,True,True,False,,True,21,10,4
Eryth,cellstate,5,0.75,0.03,3000,50,1000,2000,127,127,127,127,0.0343840254624222,0.2923503816706885,0.1249843769528809,10.85851768528934,2.101737282839645,False,True,True,True,True,True,True,True,True,False,,False,20,9,3
Eryth,cellstate,5,0.75,0.03,3000,75,100,198,133,133,79,114,0.1710086076238954,0.0369593647789136,0.0112781954887218,0.1442241968557758,0.7528480291638187,False,True,True,True,True,True,True,True,True,False,,True,20,2,2
Eryth,cellstate,5,0.75,0.03,3000,75,250,500,152,152,123,151,0.1209022755497114,0.0881755392010809,0.021784593935169,1.438785291042175,3.236842105263158,False,True,True,True,True,True,True,True,True,False,,True,22,4,3
Eryth,cellstate,5,0.75,0.03,3000,75,500,1000,153,153,149,153,0.0777358472809745,0.127261567258961,0.0429996560027519,3.845975232198143,3.0862143102855177,False,True,True,True,True,True,True,True,True,False,,True,22,8,5
Eryth,cellstate,5,0.75,0.03,3000,75,1000,2000,153,153,153,153,0.0550996307317912,0.2136481292441854,0.0859993120055039,8.693799449604404,2.3455882352941178,False,True,True,True,True,True,True,True,True,False,,True,22,14,7
Eryth,cellstate,5,0.75,0.03,3000,100,100,197,131,131,80,110,0.1387289992695398,0.0399719449337769,0.0115678214914856,0.108220786846741,0.4525543159130945,False,True,True,True,True,True,True,True,True,False,,True,20,2,2
Eryth,cellstate,5,0.75,0.03,3000,100,250,496,152,152,122,148,0.1091114178156624,0.0852882476140989,0.0216103171836876,1.320364238410596,3.047969675845242,False,True,True,True,True,True,True,True,True,False,,True,22,5,4
Eryth,cellstate,5,0.75,0.03,3000,100,500,992,155,155,150,154,0.0850111977067096,0.1325294262181312,0.0415584415584415,3.7138667783829074,3.028529534981148,False,True,True,True,True,True,True,True,True,False,,True,22,9,5
Eryth,cellstate,5,0.75,0.03,3000,100,1000,1964,154,154,153,154,0.0524229647526114,0.20909432102637,0.0833545539427892,8.48425430778372,2.336473983532807,False,True,True,True,True,True,True,True,True,False,,True,22,12,6
Eryth,cellstate,5,0.75,0.03,4000,10,100,200,36,36,33,36,0.0457736970024304,0.3844820305540121,0.1587301587301587,3.3436507936507938,2.021428571428572,False,True,True,True,False,True,True,True,False,False,,False,13,7,3
Eryth,cellstate,5,0.75,0.03,4000,10,250,489,35,35,35,35,-0.0126935216682914,0.6911746899294098,0.4109243697478991,10.485714285714286,1.63109243697479,False,True,True,True,True,True,True,True,False,False,,False,14,12,6
Eryth,cellstate,5,0.75,0.03,4000,10,500,573,35,35,35,35,-0.026375447850035,0.7708962713478857,0.4815126050420168,12.136134453781512,1.5495798319327732,False,True,True,True,False,True,True,True,False,False,,False,12,12,5
Eryth,cellstate,5,0.75,0.03,4000,10,1000,555,35,35,35,35,-0.0169865002177384,0.7435726933678136,0.4663865546218487,11.853781512605044,1.5630252100840336,False,True,True,True,True,True,True,True,False,False,,False,14,15,7
Eryth,cellstate,5,0.75,0.03,4000,25,100,200,76,76,60,73,0.0533641975308641,0.1314407814407814,0.0350877192982456,1.075438596491228,2.7270175438596493,False,True,True,True,True,True,True,True,True,False,,False,16,5,2
Eryth,cellstate,5,0.75,0.03,4000,25,250,500,77,77,74,77,0.0578835169922642,0.2222892901040141,0.0854408749145591,4.102358168147642,2.443438140806562,False,True,True,True,True,True,True,True,True,False,,False,16,7,3
Eryth,cellstate,5,0.75,0.03,4000,25,500,1000,76,76,76,76,0.0374472288467968,0.3705357763941133,0.175438596491228,9.17859649122807,2.0550877192982457,False,True,True,True,True,True,True,True,True,False,,False,15,9,4
Eryth,cellstate,5,0.75,0.03,4000,25,1000,2000,76,76,76,76,-0.002411328125,0.6546609719708119,0.3508771929824561,19.205438596491227,1.6810526315789474,False,True,True,True,True,True,True,True,True,False,,False,15,16,10
Eryth,cellstate,5,0.75,0.03,4000,50,100,199,112,112,73,101,0.0958618856332703,0.0477616687700721,0.0160070785070785,0.2330276705276705,1.1003056628056629,False,True,True,True,True,True,True,True,False,False,,True,18,3,2
Eryth,cellstate,5,0.75,0.03,4000,50,250,494,124,124,107,123,0.0820125890829352,0.0987832960033229,0.0323891948596905,2.061631261473905,3.1852871754523995,False,True,True,True,True,True,True,True,True,False,,False,19,5,2
Eryth,cellstate,5,0.75,0.03,4000,50,500,1000,130,130,125,130,0.0746724509222558,0.1672220739571859,0.0596302921884317,4.6246869409660105,2.5957066189624327,False,True,True,True,True,True,True,True,True,False,,True,21,9,5
Eryth,cellstate,5,0.75,0.03,4000,50,1000,1965,125,125,125,125,0.0417966599220767,0.2913502053667156,0.1267741935483871,10.988387096774192,2.105354838709677,False,True,True,True,True,True,True,True,True,False,,False,20,10,4
Eryth,cellstate,5,0.75,0.03,4000,75,100,198,126,126,81,108,0.1162601161028339,0.0349077730030111,0.0125714285714285,0.1247619047619047,0.4819047619047619,False,True,True,True,True,True,True,True,True,False,,True,20,4,3
Eryth,cellstate,5,0.75,0.03,4000,75,250,500,151,151,123,145,0.1024111512893564,0.0914352492551495,0.0220750551876379,1.2433995584988962,2.78878587196468,False,True,True,True,True,True,True,True,True,False,,True,21,5,3
Eryth,cellstate,5,0.75,0.03,4000,75,500,990,152,152,147,152,0.0739057330101621,0.1224817219462175,0.0431334959916347,3.8485099337748334,2.8839752527012896,False,True,True,True,True,True,True,True,True,False,,True,22,8,4
Eryth,cellstate,5,0.75,0.03,4000,75,1000,1939,150,150,149,150,0.0500262117706521,0.2124267265973523,0.0867561521252796,8.58599552572707,2.326398210290828,False,True,True,True,True,True,True,True,True,False,,True,22,12,8
Eryth,cellstate,5,0.75,0.03,4000,100,100,192,124,124,78,109,0.1226222826086956,0.0203193312064279,0.012588512981904,0.1012981904012588,0.4561369000786782,False,True,True,True,True,True,True,True,True,False,,True,18,2,2
Eryth,cellstate,5,0.75,0.03,4000,100,250,496,152,152,124,146,0.093350549940547,0.0942229775072572,0.0216103171836876,1.2434646218194494,2.9320320669222726,False,True,True,True,True,True,True,True,True,False,,True,21,6,3
Eryth,cellstate,5,0.75,0.03,4000,100,500,960,153,153,141,150,0.0613988448948103,0.1202600582101843,0.0412796697626419,3.4401444788441693,2.6722566219470245,False,True,True,True,True,True,True,True,True,False,,True,22,6,4
Eryth,cellstate,5,0.75,0.03,4000,100,1000,1914,153,153,152,152,0.0579374449877626,0.2062704365981019,0.0823013415892672,8.19109047127623,2.3451152390780874,False,True,True,True,True,True,True,True,True,False,,True,22,12,8
Eryth,cellstate,5,0.9,0.005,2000,10,100,195,32,32,32,29,-0.0298438934802571,0.5763197009496352,0.1965725806451612,3.274193548387097,1.8820564516129032,False,True,True,False,False,True,True,True,True,False,,False,8,2,1
Eryth,cellstate,5,0.9,0.005,2000,10,250,238,33,33,33,31,-0.0158824528622388,0.522350033242237,0.2253787878787878,4.203598484848484,1.93939393939394,False,True,True,False,False,True,True,True,True,False,,False,11,3,2
Eryth,cellstate,5,0.9,0.005,2000,10,500,238,33,33,33,31,-0.0158824528622388,0.522350033242237,0.2253787878787878,4.203598484848484,1.93939393939394,False,True,True,False,False,True,True,True,True,False,,False,11,3,2
Eryth,cellstate,5,0.9,0.005,2000,10,1000,214,32,32,32,29,-0.0362959222320414,0.5869539967256685,0.2157258064516129,3.6875,1.8336693548387093,False,True,True,False,False,True,True,True,True,False,,False,8,2,1
Eryth,cellstate,5,0.9,0.005,2000,25,100,200,70,70,58,64,0.0184210526315789,0.154138060818733,0.041407867494824,1.1565217391304348,2.4478260869565216,False,True,True,True,False,True,True,True,True,False,,False,15,2,1
Eryth,cellstate,5,0.9,0.005,2000,25,250,500,75,75,73,72,0.0041548835173935,0.2856159326345877,0.09009009009009,3.605045045045045,2.4994594594594592,False,True,True,True,False,True,True,True,True,False,,False,15,4,1
Eryth,cellstate,5,0.9,0.005,2000,25,500,772,75,75,75,73,-0.0057142740857263,0.4296186658800518,0.1390990990990991,5.812792792792793,2.215135135135135,False,True,True,True,False,True,True,True,True,False,,False,15,4,1
Eryth,cellstate,5,0.9,0.005,2000,25,1000,772,75,75,75,73,-0.0060754862118717,0.4296186658800518,0.1390990990990991,5.812792792792793,2.215135135135135,False,True,True,True,False,True,True,True,True,False,,False,15,4,1
Eryth,cellstate,5,0.9,0.005,2000,50,100,198,92,92,59,82,0.0200273832854573,0.1038324580364222,0.0236502627806975,0.5430004777830865,1.7122551361681797,False,True,True,True,False,True,True,True,True,False,,True,17,2,1
Eryth,cellstate,5,0.9,0.005,2000,50,250,479,112,112,92,104,0.0110603678703543,0.1790607992740535,0.038529601029601,1.8072715572715568,2.4237451737451736,False,True,True,True,True,True,True,True,True,False,,True,21,2,1
Eryth,cellstate,5,0.9,0.005,2000,50,500,966,113,113,107,111,0.001199431167973,0.2740387018689889,0.0763274336283185,4.55641592920354,2.4574905183312263,False,True,True,True,True,True,True,True,True,False,,True,21,5,2
Eryth,cellstate,5,0.9,0.005,2000,50,1000,1409,113,113,113,111,-0.0105066472039245,0.3586008613950233,0.1113305941845764,6.9599399494311,2.310208596713021,False,True,True,True,False,True,True,True,True,False,,True,20,5,3
Eryth,cellstate,5,0.9,0.005,2000,75,100,195,107,107,71,87,-0.0148540063377093,0.0594216531132418,0.0171927349673778,0.4295538705695644,1.7839887145124316,False,True,True,True,True,True,True,True,True,False,,False,18,2,1
Eryth,cellstate,5,0.9,0.005,2000,75,250,495,124,124,108,109,0.0262790869984004,0.1590260984443601,0.0324547600314712,1.6370967741935485,2.636178861788618,False,True,True,True,True,True,True,True,True,False,,False,20,2,1
Eryth,cellstate,5,0.9,0.005,2000,75,500,979,128,128,124,124,0.0044098008148483,0.255936138635211,0.0602239173228346,3.9069266732283454,2.6833169291338583,False,True,True,True,False,True,True,True,True,False,,True,20,2,1
Eryth,cellstate,5,0.9,0.005,2000,75,1000,1712,128,128,128,127,-0.003958536558888,0.3556672905789216,0.1053149606299212,7.380659448818897,2.3572219488188977,False,True,True,True,True,True,True,True,True,False,,True,21,7,3
Eryth,cellstate,5,0.9,0.005,2000,100,100,197,101,101,66,82,0.0370613976214126,0.0787549359331537,0.0195049504950495,0.4047524752475248,1.4392079207920792,False,True,True,True,False,True,True,True,True,False,,True,17,2,1
Eryth,cellstate,5,0.9,0.005,2000,100,250,472,122,122,104,109,0.0296514635871293,0.1517186766884451,0.0319739872645982,1.5903671589215551,2.67965045386804,False,True,True,True,True,True,True,True,True,False,,True,21,2,1
Eryth,cellstate,5,0.9,0.005,2000,100,500,980,129,129,125,124,0.004052034995669,0.2526809584496963,0.0593507751937984,3.862827034883721,2.674236918604651,False,True,True,True,False,True,True,True,True,False,,True,20,2,1
Eryth,cellstate,5,0.9,0.005,2000,100,1000,1742,129,129,129,127,-0.00279794144263,0.3407687838175997,0.1054990310077519,7.515625,2.3238856589147288,False,True,True,True,False,True,True,True,True,False,,True,20,5,3
Eryth,cellstate,5,0.9,0.005,3000,10,100,200,33,33,32,31,-0.0205320247933884,0.4446551863664163,0.1893939393939394,3.367424242424242,1.8238636363636365,False,True,True,False,False,True,True,True,True,False,,False,11,2,1
Eryth,cellstate,5,0.9,0.005,3000,10,250,238,33,33,33,31,-0.0158824528622388,0.522350033242237,0.2253787878787878,4.203598484848484,1.93939393939394,False,True,True,False,False,True,True,True,True,False,,False,11,3,2
Eryth,cellstate,5,0.9,0.005,3000,10,500,238,33,33,33,31,-0.0158824528622388,0.522350033242237,0.2253787878787878,4.203598484848484,1.93939393939394,False,True,True,False,False,True,True,True,True,False,,False,11,3,2
Eryth,cellstate,5,0.9,0.005,3000,10,1000,214,32,32,32,29,-0.0362959222320414,0.5869539967256685,0.2157258064516129,3.6875,1.8336693548387093,False,True,True,False,False,True,True,True,True,False,,False,8,2,1
Eryth,cellstate,5,0.9,0.005,3000,25,100,199,65,65,53,61,0.0270849080372889,0.1584438814076823,0.0478365384615384,1.2704326923076923,2.4185096153846155,False,True,True,True,False,True,True,True,True,False,,False,12,2,1
Eryth,cellstate,5,0.9,0.005,3000,25,250,500,75,75,73,73,0.0123045184107277,0.2954366578888407,0.09009009009009,3.6225225225225226,2.574054054054054,False,True,True,True,False,True,True,True,True,False,,True,16,4,3
Eryth,cellstate,5,0.9,0.005,3000,25,500,781,76,76,76,74,0.0003997362324422,0.4002967202091773,0.1370175438596491,5.82859649122807,2.250526315789473,False,True,True,True,False,True,True,True,True,False,,True,17,5,4
Eryth,cellstate,5,0.9,0.005,3000,25,1000,757,75,75,75,73,-0.002717340379678,0.4034602953703698,0.1363963963963964,5.732972972972973,2.2538738738738737,False,True,True,True,False,True,True,True,True,False,,True,17,5,4
Eryth,cellstate,5,0.9,0.005,3000,50,100,196,95,95,66,79,0.0105817111815301,0.0888007898534214,0.0219484882418813,0.52508398656215,1.8022396416573347,False,True,True,True,False,True,True,True,True,False,,False,18,2,1
Eryth,cellstate,5,0.9,0.005,3000,50,250,500,113,113,102,106,0.0001560240672617,0.2079389925416379,0.0395069532237673,2.046539190897598,2.9775600505689,False,True,True,True,False,True,True,True,True,False,,True,20,2,1
Eryth,cellstate,5,0.9,0.005,3000,50,500,966,113,113,107,111,-0.0019128639804733,0.2767598228811805,0.0763274336283185,4.530736409608091,2.458043615676359,False,True,True,True,True,True,True,True,True,False,,True,21,5,2
Eryth,cellstate,5,0.9,0.005,3000,50,1000,1433,113,113,113,112,-0.0059801803578471,0.3774926332510541,0.1132269279393173,7.089838811630847,2.322692793931732,False,True,True,True,True,True,True,True,True,False,,True,21,7,3
Eryth,cellstate,5,0.9,0.005,3000,75,100,197,107,107,72,87,-0.0186980609418282,0.0554658736901727,0.017369070710633,0.4001058014459531,1.652001410685946,False,True,True,True,True,True,True,True,True,False,,False,18,2,1
Eryth,cellstate,5,0.9,0.005,3000,75,250,490,123,123,108,108,0.023517291008318,0.1602415795308348,0.0326536052245768,1.6351459416233507,2.64760762361722,False,True,True,True,False,True,True,True,True,False,,False,19,2,1
Eryth,cellstate,5,0.9,0.005,3000,75,500,961,128,128,120,121,0.0056147083718067,0.2575374719132072,0.0591166338582677,3.705339566929134,2.493294783464567,False,True,True,True,True,True,True,True,True,False,,True,21,5,2
Eryth,cellstate,5,0.9,0.005,3000,75,1000,1712,128,128,128,127,-0.0034700198043141,0.3556672905789216,0.1053149606299212,7.380659448818897,2.3572219488188977,False,True,True,True,True,True,True,True,True,False,,True,21,7,3
Eryth,cellstate,5,0.9,0.005,3000,100,100,197,102,102,66,82,0.0321619372332142,0.0725681725681725,0.0191225004853426,0.3904096291982139,1.4035138807998446,False,True,True,True,False,True,True,True,True,False,,True,17,2,1
Eryth,cellstate,5,0.9,0.005,3000,100,250,490,123,123,107,108,0.022057936163841,0.1739416456827021,0.0326536052245768,1.6407437025189924,2.5902972144475545,False,True,True,True,False,True,True,True,True,False,,False,19,2,1
Eryth,cellstate,5,0.9,0.005,3000,100,500,956,129,129,121,122,0.0076415891800507,0.2565040831211299,0.0578972868217054,3.636143410852713,2.5168362403100777,False,True,True,True,True,True,True,True,True,False,,True,21,4,1
Eryth,cellstate,5,0.9,0.005,3000,100,1000,1721,128,128,128,126,-0.0023637610438564,0.3414950686964802,0.1058686023622047,7.473056102362205,2.325049212598425,False,True,True,True,False,True,True,True,True,False,,True,20,5,3
Eryth,cellstate,5,0.9,0.005,4000,10,100,195,32,32,32,29,-0.0283685306365258,0.5839787086086429,0.1965725806451612,3.2661290322580645,1.8840725806451613,False,True,True,False,False,True,True,True,True,False,,False,8,2,1
Eryth,cellstate,5,0.9,0.005,4000,10,250,214,32,32,32,29,-0.0362959222320414,0.5869539967256685,0.2157258064516129,3.6875,1.8336693548387093,False,True,True,False,False,True,True,True,True,False,,False,8,2,1
Eryth,cellstate,5,0.9,0.005,4000,10,500,238,33,33,33,31,-0.0158824528622388,0.522350033242237,0.2253787878787878,4.203598484848484,1.93939393939394,False,True,True,False,False,True,True,True,True,False,,False,11,3,2
Eryth,cellstate,5,0.9,0.005,4000,10,1000,238,33,33,33,31,-0.0158824528622388,0.522350033242237,0.2253787878787878,4.203598484848484,1.93939393939394,False,True,True,False,False,True,True,True,True,False,,False,11,3,2
Eryth,cellstate,5,0.9,0.005,4000,25,100,199,66,66,53,62,0.0144312869180593,0.1515757267094165,0.0463869463869463,1.234032634032634,2.393706293706294,False,True,True,True,False,True,True,True,True,False,,False,13,2,1
Eryth,cellstate,5,0.9,0.005,4000,25,250,500,75,75,72,73,0.0135047131800378,0.280407970362328,0.09009009009009,3.581981981981982,2.497297297297297,False,True,True,True,False,True,True,True,True,False,,False,15,4,1
Eryth,cellstate,5,0.9,0.005,4000,25,500,772,75,75,75,73,-0.0057142740857263,0.4296186658800518,0.1390990990990991,5.812792792792793,2.215135135135135,False,True,True,True,False,True,True,True,True,False,,False,15,4,1
Eryth,cellstate,5,0.9,0.005,4000,25,1000,772,75,75,75,73,-0.0060754862118717,0.4296186658800518,0.1390990990990991,5.812792792792793,2.215135135135135,False,True,True,True,False,True,True,True,True,False,,False,15,4,1
Eryth,cellstate,5,0.9,0.005,4000,50,100,196,93,93,65,77,0.0099592575826165,0.1099601712504938,0.0229079008882655,0.5690743338008415,1.988779803646564,False,True,True,True,False,True,True,True,True,False,,False,17,2,1
Eryth,cellstate,5,0.9,0.005,4000,50,250,479,112,112,93,104,0.0095715972339348,0.1813919394048753,0.038529601029601,1.81716537966538,2.457046332046332,False,True,True,True,True,True,True,True,True,False,,True,21,2,1
Eryth,cellstate,5,0.9,0.005,4000,50,500,965,114,114,108,112,-0.0016733090520775,0.2742771878982996,0.0749107281478031,4.47973917093619,2.479972054028877,False,True,True,True,True,True,True,True,True,False,,True,21,5,2
Eryth,cellstate,5,0.9,0.005,4000,50,1000,1433,113,113,113,112,-0.0075808338412994,0.3774926332510541,0.1132269279393173,7.089838811630847,2.322692793931732,False,True,True,True,True,True,True,True,True,False,,True,21,7,3
Eryth,cellstate,5,0.9,0.005,4000,75,100,198,111,111,73,88,-0.0192154820317425,0.0573271323271323,0.0162162162162162,0.3838656838656838,1.5995085995085996,False,True,True,True,True,True,True,True,True,False,,False,18,2,1
Eryth,cellstate,5,0.9,0.005,4000,75,250,495,124,124,108,109,0.0204058159722222,0.156555770962135,0.0324547600314712,1.6114607920272752,2.6533569367951744,False,True,True,True,True,True,True,True,True,False,,False,20,2,1
Eryth,cellstate,5,0.9,0.005,4000,75,500,979,128,128,124,124,0.0021639498208617,0.2539917076937492,0.0602239173228346,3.8997293307086616,2.6902066929133857,False,True,True,True,False,True,True,True,True,False,,True,20,2,1
Eryth,cellstate,5,0.9,0.005,4000,75,1000,1733,128,128,128,126,-0.0014909703309528,0.3429661270825855,0.1066067913385826,7.49956938976378,2.3211737204724407,False,True,True,True,False,True,True,True,True,False,,True,20,5,3
Eryth,cellstate,5,0.9,0.005,4000,100,100,197,102,102,67,83,0.0276014539930555,0.0724167588786965,0.0191225004853426,0.390215492137449,1.5559114735002912,False,True,True,True,False,True,True,True,True,False,,True,17,2,1
Eryth,cellstate,5,0.9,0.005,4000,100,250,485,122,122,107,107,0.0264183196112038,0.1569005245053033,0.0328546267443435,1.6551957729304971,2.653366752472565,False,True,True,True,False,True,True,True,True,False,,False,19,2,1
Eryth,cellstate,5,0.9,0.005,4000,100,500,979,129,129,125,124,0.0035169855317045,0.2544909984868161,0.0592902131782945,3.8444767441860463,2.6764777131782944,False,True,True,True,False,True,True,True,True,False,,True,20,2,1
Eryth,cellstate,5,0.9,0.005,4000,100,1000,1742,129,129,129,127,-0.0037802212710637,0.3407687838175996,0.1054990310077519,7.515625,2.3238856589147288,False,True,True,True,False,True,True,True,True,False,,True,20,5,3
Eryth,cellstate,5,0.9,0.01,2000,10,100,200,33,33,32,32,0.0218655040295944,0.389188979964381,0.1893939393939394,4.090909090909091,1.996212121212121,False,True,True,False,True,True,True,True,True,False,,False,12,3,2
Eryth,cellstate,5,0.9,0.01,2000,10,250,307,33,33,33,32,-0.0047949735449735,0.587057718531427,0.2907196969696969,6.25094696969697,1.793560606060606,False,True,True,False,True,True,True,True,True,False,,False,12,5,4
Eryth,cellstate,5,0.9,0.01,2000,10,500,298,34,34,34,32,-0.0070220741357767,0.5739528938002922,0.2655971479500891,5.3431372549019605,1.8021390374331552,False,True,True,False,True,True,True,True,False,False,,False,11,4,3
Eryth,cellstate,5,0.9,0.01,2000,10,1000,298,34,34,34,32,-0.0070220741357767,0.5739528938002921,0.2655971479500891,5.3431372549019605,1.8021390374331552,False,True,True,False,True,True,True,True,False,False,,False,11,4,3
Eryth,cellstate,5,0.9,0.01,2000,25,100,200,69,69,56,67,0.014384168835254,0.0746088050435876,0.0426257459505541,1.4092071611253196,2.6212702472293263,False,True,True,True,True,True,True,True,True,False,,False,14,3,2
Eryth,cellstate,5,0.9,0.01,2000,25,250,500,72,72,68,71,0.001569931629013,0.2850946838388509,0.0978090766823161,4.083724569640062,2.26095461658842,False,True,True,True,True,True,True,True,True,False,,False,14,4,2
Eryth,cellstate,5,0.9,0.01,2000,25,500,991,74,74,73,74,-0.008027750749379,0.4840236985486619,0.1834505738615327,8.141799333580156,2.0633098852276937,False,True,True,True,True,True,True,True,True,False,,False,15,7,4
Eryth,cellstate,5,0.9,0.01,2000,25,1000,1063,73,73,73,73,-0.0071306701646674,0.503080239077909,0.2022450532724505,8.984779299847792,2.039954337899544,False,True,True,True,True,True,True,True,True,False,,False,15,7,4
Eryth,cellstate,5,0.9,0.01,2000,50,100,198,105,105,80,92,0.0561930338541666,0.046377379234522,0.0181318681318681,0.5562271062271062,2.0096153846153846,False,True,True,True,True,True,True,True,True,False,,False,17,2,2
Eryth,cellstate,5,0.9,0.01,2000,50,250,500,121,121,102,120,0.0356833634393857,0.1279624183098839,0.0344352617079889,2.0325757575757577,2.613567493112948,False,True,True,True,True,True,True,True,True,False,,False,19,3,2
Eryth,cellstate,5,0.9,0.01,2000,50,500,1000,120,120,115,120,0.0274322964479909,0.2261258201710008,0.0700280112044818,4.91890756302521,2.517016806722689,False,True,True,True,True,True,True,True,True,False,,False,19,4,2
Eryth,cellstate,5,0.9,0.01,2000,50,1000,2000,122,122,120,122,-0.0054512706156893,0.386359869534319,0.135482996883891,10.08738653299011,2.094567131824956,False,True,True,True,True,True,True,True,True,False,,False,20,9,6
Eryth,cellstate,5,0.9,0.01,2000,75,100,194,110,110,78,93,0.0338388411045722,0.0362258953168044,0.0161801501251042,0.3659716430358632,1.554462051709758,False,True,True,True,True,True,True,True,True,False,,False,18,2,2
Eryth,cellstate,5,0.9,0.01,2000,75,250,478,134,134,107,132,0.0241588758079409,0.0897084283388058,0.0268207833015374,1.5411289417573786,2.5538660083043427,False,True,True,True,True,True,True,True,True,False,,True,20,3,2
Eryth,cellstate,5,0.9,0.01,2000,75,500,952,139,139,129,138,0.026330027914905,0.1866342751244853,0.0496298613283286,3.7305286205817954,2.649671567094151,False,True,True,True,True,True,True,True,True,False,,True,20,4,2
Eryth,cellstate,5,0.9,0.01,2000,75,1000,1870,140,140,135,140,0.008632288002011,0.3083615611226787,0.0960945529290853,7.912487153134635,2.2291880781089413,False,True,True,True,True,True,True,True,True,False,,True,21,5,4
Eryth,cellstate,5,0.9,0.01,2000,100,100,194,110,110,78,94,0.0280669986419194,0.0345592286501377,0.0161801501251042,0.4095913261050876,1.8,False,True,True,True,True,True,True,True,True,False,,False,18,2,2
Eryth,cellstate,5,0.9,0.01,2000,100,250,477,134,134,107,132,0.0271440647264823,0.0895630220915558,0.0267646728762204,1.5314218381775333,2.5471327572663003,False,True,True,True,True,True,True,True,True,False,,False,19,3,2
Eryth,cellstate,5,0.9,0.01,2000,100,500,943,140,140,131,140,0.0172886613853538,0.1863664645352493,0.0484583761562178,3.693833504624872,2.805498458376156,False,True,True,True,True,True,True,True,True,False,,True,21,3,2
Eryth,cellstate,5,0.9,0.01,2000,100,1000,1871,140,140,135,140,0.0089048519686329,0.3094588069938243,0.0961459403905447,7.919475847893114,2.228365878725591,False,True,True,True,True,True,True,True,True,False,,True,21,5,4
Eryth,cellstate,5,0.9,0.01,3000,10,100,200,34,34,34,32,-0.015834839876033,0.4162551740838939,0.17825311942959,3.767379679144385,2.074866310160428,False,True,True,False,True,True,True,True,False,False,,False,11,3,2
Eryth,cellstate,5,0.9,0.01,3000,10,250,307,33,33,33,32,-0.0047949735449735,0.587057718531427,0.2907196969696969,6.25094696969697,1.793560606060606,False,True,True,False,True,True,True,True,True,False,,False,12,5,4
Eryth,cellstate,5,0.9,0.01,3000,10,500,298,34,34,34,32,-0.0070220741357767,0.5739528938002922,0.2655971479500891,5.3431372549019605,1.8021390374331552,False,True,True,False,True,True,True,True,False,False,,False,11,4,3
Eryth,cellstate,5,0.9,0.01,3000,10,1000,307,33,33,33,32,-0.0047949735449735,0.587057718531427,0.2907196969696969,6.25094696969697,1.793560606060606,False,True,True,False,True,True,True,True,True,False,,False,12,5,4
Eryth,cellstate,5,0.9,0.01,3000,25,100,197,70,70,55,69,0.0094342263654432,0.1225721104292533,0.0407867494824016,1.406625258799172,2.825879917184265,False,True,True,True,True,True,True,True,True,False,,False,16,2,2
Eryth,cellstate,5,0.9,0.01,3000,25,250,491,74,74,69,73,0.0181763450544287,0.2542223438633592,0.0908922621251388,4.018696778970751,2.347463902258423,False,True,True,True,True,True,True,True,True,False,,False,16,3,2
Eryth,cellstate,5,0.9,0.01,3000,25,500,1000,74,74,74,73,-0.0048582603475725,0.4713316994607884,0.1851166234727878,8.314513143280266,2.0564605701592003,False,True,True,True,True,True,True,True,True,False,,False,15,6,3
Eryth,cellstate,5,0.9,0.01,3000,25,1000,1063,73,73,73,73,-0.0071306701646674,0.503080239077909,0.2022450532724505,8.984779299847792,2.039954337899544,False,True,True,True,True,True,True,True,True,False,,False,15,7,4
Eryth,cellstate,5,0.9,0.01,3000,50,100,199,101,101,76,93,0.0528808864265928,0.0533346191762033,0.0197029702970297,0.7734653465346535,3.202277227722772,False,True,True,True,True,True,True,True,True,False,,False,18,3,2
Eryth,cellstate,5,0.9,0.01,3000,50,250,500,120,120,101,118,0.0421814362125267,0.1324079251788229,0.0350140056022409,1.9995098039215689,2.5483893557422967,False,True,True,True,True,True,True,True,True,False,,False,19,3,2
Eryth,cellstate,5,0.9,0.01,3000,50,500,989,122,122,118,122,0.0113328236291913,0.2210262505312849,0.0669963419590841,4.82312694756808,2.5790543286817504,False,True,True,True,True,True,True,True,True,False,,False,19,3,2
Eryth,cellstate,5,0.9,0.01,3000,50,1000,2000,123,123,121,123,-0.0064633834662638,0.3800547042356042,0.1332800213248034,9.96281487405038,2.106157536985206,False,True,True,True,True,True,True,True,True,False,,False,20,9,6
Eryth,cellstate,5,0.9,0.01,3000,75,100,192,109,109,78,94,0.0282980691409411,0.0364424057084607,0.0163098878695209,0.3712198436969079,1.5814644920149508,False,True,True,True,True,True,True,True,True,False,,False,18,2,2
Eryth,cellstate,5,0.9,0.01,3000,75,250,472,132,132,111,129,0.0039447587581441,0.0863276983984836,0.027295859356928,1.6876590330788803,2.876705991209808,False,True,True,True,True,True,True,True,True,False,,False,19,2,2
Eryth,cellstate,5,0.9,0.01,3000,75,500,945,140,140,131,140,0.0173379310679423,0.1852447937843308,0.0485611510791366,3.69737923946557,2.7961459403905446,False,True,True,True,True,True,True,True,True,False,,True,21,3,2
Eryth,cellstate,5,0.9,0.01,3000,75,1000,1907,140,140,136,140,0.0034478542534563,0.3195597820377749,0.0979958890030832,7.9516443987667005,2.237153134635149,False,True,True,True,True,True,True,True,True,False,,True,21,7,5
Eryth,cellstate,5,0.9,0.01,3000,100,100,191,110,110,80,93,0.0360262965668371,0.0418686868686868,0.015929941618015,0.3982485404503753,1.6874061718098414,False,True,True,True,True,True,True,True,True,False,,False,18,2,2
Eryth,cellstate,5,0.9,0.01,3000,100,250,472,132,132,109,129,0.0121169149501239,0.0847649739660012,0.027295859356928,1.625144575526255,2.698646773074254,False,True,True,True,True,True,True,True,True,False,,False,19,2,2
Eryth,cellstate,5,0.9,0.01,3000,100,500,944,140,140,130,140,0.0187150661033385,0.1840987075342169,0.0485097636176772,3.667934224049332,2.764234326824255,False,True,True,True,True,True,True,True,True,False,,True,21,3,2
Eryth,cellstate,5,0.9,0.01,3000,100,1000,1907,140,140,136,140,0.0039292258136825,0.3151627373783484,0.0979958890030832,7.959609455292909,2.239568345323741,False,True,True,True,True,True,True,True,True,False,,True,21,7,5
Eryth,cellstate,5,0.9,0.01,4000,10,100,200,34,34,34,32,-0.0174119825082192,0.4207143106797087,0.17825311942959,3.775401069518717,2.072192513368984,False,True,True,False,True,True,True,True,False,False,,False,11,3,2
Eryth,cellstate,5,0.9,0.01,4000,10,250,298,34,34,34,32,-0.0070220741357767,0.5739528938002921,0.2655971479500891,5.3431372549019605,1.8021390374331552,False,True,True,False,True,True,True,True,False,False,,False,11,4,3
Eryth,cellstate,5,0.9,0.01,4000,10,500,307,33,33,33,32,-0.0047949735449735,0.587057718531427,0.2907196969696969,6.25094696969697,1.793560606060606,False,True,True,False,True,True,True,True,True,False,,False,12,5,3
Eryth,cellstate,5,0.9,0.01,4000,10,1000,307,33,33,33,32,-0.0047949735449735,0.587057718531427,0.2907196969696969,6.25094696969697,1.793560606060606,False,True,True,False,True,True,True,True,True,False,,False,12,5,4
Eryth,cellstate,5,0.9,0.01,4000,25,100,200,68,68,56,66,0.0238088501584427,0.0721027338674397,0.0438981562774363,1.4455662862159788,2.7888498683055314,False,True,True,True,True,True,True,True,True,False,,False,14,3,2
Eryth,cellstate,5,0.9,0.01,4000,25,250,500,72,72,68,71,0.0040141065172669,0.2873673274964667,0.0978090766823161,4.074139280125196,2.2544992175273864,False,True,True,True,True,True,True,True,True,False,,False,14,4,2
Eryth,cellstate,5,0.9,0.01,4000,25,500,997,73,73,73,72,-0.0071289825430842,0.482262908412284,0.1896879756468797,8.38089802130898,2.0435692541856927,False,True,True,True,True,True,True,True,True,False,,False,15,7,4
Eryth,cellstate,5,0.9,0.01,4000,25,1000,1063,73,73,73,73,-0.0071306701646674,0.503080239077909,0.2022450532724505,8.984779299847792,2.039954337899544,False,True,True,True,True,True,True,True,True,False,,False,15,7,4
Eryth,cellstate,5,0.9,0.01,4000,50,100,199,99,99,73,91,0.0618559556786703,0.054412086230268,0.020511234796949,0.7468563182848897,2.9080601937744794,False,True,True,True,True,True,True,True,True,False,,False,18,3,2
Eryth,cellstate,5,0.9,0.01,4000,50,250,500,120,120,102,118,0.0394696939730759,0.1357668173902693,0.0350140056022409,2.0118347338935574,2.5476190476190474,False,True,True,True,True,True,True,True,True,False,,False,19,3,2
Eryth,cellstate,5,0.9,0.01,4000,50,500,1000,121,121,116,121,0.0280755684626791,0.2214593157446131,0.0688705234159779,4.879132231404959,2.5334022038567494,False,True,True,True,True,True,True,True,True,False,,False,19,4,2
Eryth,cellstate,5,0.9,0.01,4000,50,1000,2000,122,122,120,122,-0.0040746905419325,0.3832523986262083,0.135482996883891,10.109741227475952,2.096125186289121,False,True,True,True,True,True,True,True,True,False,,False,20,9,6
Eryth,cellstate,5,0.9,0.01,4000,75,100,192,109,109,76,94,0.0267308601134215,0.0377530216979758,0.0163098878695209,0.351087325857968,1.2482161060142711,False,True,True,True,True,True,True,True,True,False,,False,18,2,2
Eryth,cellstate,5,0.9,0.01,4000,75,250,471,132,132,110,129,0.0103090020418207,0.0813836182450733,0.027238029146426,1.622889197316678,2.6839000693962527,False,True,True,True,True,True,True,True,True,False,,False,19,2,2
Eryth,cellstate,5,0.9,0.01,4000,75,500,942,140,140,131,140,0.0154818228991788,0.186319884313882,0.0484069886947584,3.679907502569373,2.8073997944501543,False,True,True,True,True,True,True,True,True,False,,True,21,3,2
Eryth,cellstate,5,0.9,0.01,4000,75,1000,1870,140,140,135,140,0.0081596084744374,0.3095629451313011,0.0960945529290853,7.920195272353546,2.2328879753340183,False,True,True,True,True,True,True,True,True,False,,True,21,5,4
Eryth,cellstate,5,0.9,0.01,4000,100,100,191,109,109,77,93,0.0395793950850661,0.0364424057084607,0.0162249405368671,0.3404689092762487,1.3134556574923548,False,True,True,True,True,True,True,True,True,False,,False,18,2,2
Eryth,cellstate,5,0.9,0.01,4000,100,250,472,132,132,110,129,0.0140624696772691,0.0929775166406182,0.027295859356928,1.616643534582466,2.6874855424473747,False,True,True,True,True,True,True,True,True,False,,False,19,2,2
Eryth,cellstate,5,0.9,0.01,4000,100,500,944,140,140,130,140,0.0221370232018758,0.1876332216755201,0.0485097636176772,3.667060637204522,2.784224049331963,False,True,True,True,True,True,True,True,True,False,,True,21,3,2
Eryth,cellstate,5,0.9,0.01,4000,100,1000,1906,140,140,136,140,0.004152930670682,0.3157744520946562,0.0979445015416238,7.958992805755396,2.24311408016444,False,True,True,True,True,True,True,True,True,False,,True,21,7,5
Eryth,cellstate,5,0.9,0.02,2000,10,100,200,37,37,37,37,0.0610726643598615,0.3553022979493567,0.1501501501501501,3.4917417417417416,2.38963963963964,False,True,True,True,True,True,True,True,False,False,,False,13,7,3
Eryth,cellstate,5,0.9,0.02,2000,10,250,435,37,37,37,37,-0.0005020408163265,0.6197266950704723,0.3265765765765765,8.295045045045045,1.7747747747747749,False,True,True,True,True,True,True,True,False,False,,False,13,10,5
Eryth,cellstate,5,0.9,0.02,2000,10,500,436,37,37,37,37,-0.0005020408163265,0.6197266950704723,0.3273273273273273,8.302552552552553,1.774024024024024,False,True,True,True,True,True,True,True,False,False,,False,13,10,5
Eryth,cellstate,5,0.9,0.02,2000,10,1000,435,37,37,37,37,-0.0009999999999999,0.6209756103537951,0.3265765765765765,8.273273273273274,1.7747747747747749,False,True,True,True,True,True,True,True,False,False,,False,13,10,5
Eryth,cellstate,5,0.9,0.02,2000,25,100,200,72,72,60,71,0.0333152220538191,0.1580799601632935,0.0391236306729264,1.4301643192488265,2.960093896713615,False,True,True,True,True,True,True,True,True,False,,False,15,3,2
Eryth,cellstate,5,0.9,0.02,2000,25,250,500,74,74,72,74,0.037795061728395,0.2423741828655005,0.0925583117363939,4.379674194742688,2.446131062569419,False,True,True,True,True,True,True,True,True,False,,False,15,7,3
Eryth,cellstate,5,0.9,0.02,2000,25,500,1000,74,74,74,74,0.0207577934444852,0.4252226667342064,0.1851166234727878,9.259163272861905,1.983894853757868,False,True,True,True,True,True,True,True,True,False,,False,15,8,3
Eryth,cellstate,5,0.9,0.02,2000,25,1000,1447,73,73,73,73,0.0058032068992516,0.581019836656874,0.2753044140030441,13.595319634703197,1.7981354642313547,False,True,True,True,True,True,True,True,True,False,,False,15,11,5
Eryth,cellstate,5,0.9,0.02,2000,50,100,198,108,108,76,98,0.0461551660041751,0.0858722810111698,0.0171339563862928,0.4565593631014192,1.959674627898927,False,True,True,True,True,True,True,True,True,False,,False,19,2,1
Eryth,cellstate,5,0.9,0.02,2000,50,250,500,126,126,111,124,0.0440305586767116,0.1122482406248086,0.0317460317460317,2.1124444444444443,2.9943492063492063,False,True,True,True,True,True,True,True,True,False,,True,21,4,2
Eryth,cellstate,5,0.9,0.02,2000,50,500,1000,127,127,123,127,0.0277296126029898,0.1933329684130978,0.0624921884764404,4.764279465066867,2.587239095113111,False,True,True,True,True,True,True,True,True,False,,True,21,8,4
Eryth,cellstate,5,0.9,0.02,2000,50,1000,2000,126,126,124,126,0.0102376086258556,0.3393078637722573,0.1269841269841269,10.27847619047619,2.0764444444444443,False,True,True,True,True,True,True,True,True,False,,True,21,14,6
Eryth,cellstate,5,0.9,0.02,2000,75,100,192,119,119,80,100,0.0681865687240586,0.0784395576412382,0.0136732659165361,0.2524569149693775,1.2021079618287993,False,True,True,True,True,True,True,True,True,False,,False,19,1,1
Eryth,cellstate,5,0.9,0.02,2000,75,250,478,138,138,120,128,0.0640525186213862,0.0828954745144676,0.0252829789484819,1.5891780387178671,2.85777002009944,False,True,True,True,True,True,True,True,True,False,,True,20,5,3
Eryth,cellstate,5,0.9,0.02,2000,75,500,990,144,144,137,144,0.0454735759368192,0.1645459046945217,0.048076923076923,4.018453768453768,2.7124125874125875,False,True,True,True,True,True,True,True,True,False,,True,21,5,2
Eryth,cellstate,5,0.9,0.02,2000,75,1000,1977,145,145,143,145,0.0262712298553983,0.2706850823735588,0.094683908045977,8.558668582375478,2.2519636015325672,False,True,True,True,True,True,True,True,True,False,,True,21,10,5
Eryth,cellstate,5,0.9,0.02,2000,100,100,198,115,115,78,102,0.0496486660507824,0.0758767802246063,0.0151029748283752,0.4471395881006865,2.628222730739893,False,True,True,True,True,True,True,True,True,False,,False,19,1,1
Eryth,cellstate,5,0.9,0.02,2000,100,250,495,140,140,120,135,0.0439964357317888,0.0981469572247988,0.0254367934224049,1.672816032887975,2.9934737923946555,False,True,True,True,True,True,True,True,True,False,,True,21,2,1
Eryth,cellstate,5,0.9,0.02,2000,100,500,955,144,144,135,142,0.0644659765181163,0.1590265522807587,0.0463772338772338,3.808226495726496,2.687597125097125,False,True,True,True,True,True,True,True,True,False,,True,21,8,4
Eryth,cellstate,5,0.9,0.02,2000,100,1000,1909,145,145,144,144,0.0372887739627057,0.2603264703086357,0.0914272030651341,8.256657088122605,2.271503831417625,False,True,True,True,True,True,True,True,True,False,,True,21,11,6
Eryth,cellstate,5,0.9,0.02,3000,10,100,200,37,37,37,37,0.0374987175541192,0.3422328289975348,0.1501501501501501,3.5262762762762763,2.346096096096096,False,True,True,True,True,True,True,True,False,False,,False,13,7,3
Eryth,cellstate,5,0.9,0.02,3000,10,250,459,35,35,35,35,-0.02608942534204,0.7195962548682086,0.3857142857142857,9.384873949579832,1.6571428571428573,False,False,True,True,False,True,True,True,False,False,,False,11,6,4
Eryth,cellstate,5,0.9,0.02,3000,10,500,467,35,35,35,34,-0.0272423318439801,0.7305173577220331,0.3924369747899159,9.382352941176473,1.5932773109243696,False,False,True,True,False,True,True,True,False,False,,False,11,6,4
Eryth,cellstate,5,0.9,0.02,3000,10,1000,467,35,35,35,34,-0.0272423318439801,0.7305173577220331,0.3924369747899159,9.382352941176473,1.5932773109243696,False,False,True,True,False,True,True,True,False,False,,False,11,6,4
Eryth,cellstate,5,0.9,0.02,3000,25,100,200,74,74,61,73,0.0653977338420626,0.1394444894444894,0.0370233246945575,1.2082562014068865,3.235653461680859,False,True,True,True,True,True,True,True,True,False,,False,15,4,2
Eryth,cellstate,5,0.9,0.02,3000,25,250,500,74,74,73,74,0.0211004390645634,0.2487081711220221,0.0925583117363939,4.43687523139578,2.465938541281007,False,True,True,True,True,True,True,True,True,False,,False,15,6,2
Eryth,cellstate,5,0.9,0.02,3000,25,500,1000,74,74,74,74,0.0041679853700071,0.406888200767095,0.1851166234727878,9.435209181784524,1.967604590892262,False,True,True,True,True,True,True,True,True,False,,False,15,8,3
Eryth,cellstate,5,0.9,0.02,3000,25,1000,1762,74,74,74,74,-0.0068981665100057,0.6680623521761758,0.3261754905590522,16.501666049611256,1.7115883006293966,False,True,True,True,True,True,True,True,True,False,,False,15,12,5
Eryth,cellstate,5,0.9,0.02,3000,50,100,198,111,111,81,99,0.0093225428236438,0.0743674743674743,0.0162162162162162,0.3884520884520884,1.855036855036855,False,True,True,True,True,True,True,True,True,False,,True,19,1,1
Eryth,cellstate,5,0.9,0.02,3000,50,250,500,125,125,107,121,0.0078977844010341,0.1214320959398358,0.032258064516129,1.964903225806452,2.949870967741936,False,True,True,True,True,True,True,True,True,False,,True,21,2,2
Eryth,cellstate,5,0.9,0.02,3000,50,500,1000,125,125,120,124,0.0144498736623068,0.1940071701804946,0.064516129032258,4.862129032258064,2.5427096774193547,False,True,True,True,True,True,True,True,True,False,,True,21,5,2
Eryth,cellstate,5,0.9,0.02,3000,50,1000,2000,124,124,123,124,0.0037872775556301,0.3328504941811569,0.1311303435615001,10.616837136113295,2.089758720167847,False,True,True,True,True,True,True,True,True,False,,True,21,12,6
Eryth,cellstate,5,0.9,0.02,3000,75,100,198,114,114,77,97,0.1032165952800873,0.0856465659097237,0.015370284117373,0.3345753764943331,1.9120478186616985,False,True,True,True,True,True,True,True,True,False,,False,19,1,1
Eryth,cellstate,5,0.9,0.02,3000,75,250,500,143,143,125,139,0.0217999963160124,0.0900524975564487,0.0246232640598837,1.7041761055845563,3.1810302373682657,False,True,True,True,True,True,True,True,True,False,,True,21,3,2
Eryth,cellstate,5,0.9,0.02,3000,75,500,990,145,145,137,144,0.0180579575851674,0.1616245675634327,0.0474137931034482,3.9295977011494254,2.7664272030651342,False,True,True,True,True,True,True,True,True,False,,True,21,4,2
Eryth,cellstate,5,0.9,0.02,3000,75,1000,1978,145,145,144,145,0.0137266030672624,0.265557046645667,0.0947318007662835,8.6625,2.2784003831417623,False,True,True,True,True,True,True,True,True,False,,True,21,8,4
Eryth,cellstate,5,0.9,0.02,3000,100,100,198,114,114,76,98,0.0726323451191175,0.0962507765139344,0.015370284117373,0.363685763080267,2.052476323552244,False,True,True,True,True,True,True,True,True,False,,False,19,1,1
Eryth,cellstate,5,0.9,0.02,3000,100,250,497,141,141,116,133,0.0271301785682493,0.1142103316762429,0.025177304964539,1.5620060790273556,2.872441742654509,False,True,True,True,True,True,True,True,True,False,,True,21,2,2
Eryth,cellstate,5,0.9,0.02,3000,100,500,990,145,145,136,144,0.0132676890654591,0.1632118857560286,0.0474137931034482,3.912978927203065,2.7365900383141764,False,True,True,True,True,True,True,True,True,False,,True,21,4,2
Eryth,cellstate,5,0.9,0.02,3000,100,1000,1925,146,146,146,146,0.0122624456179395,0.257750585356396,0.0909305621162021,8.310439300897496,2.3130373169579594,False,True,True,True,True,True,True,True,True,False,,True,21,10,6
Eryth,cellstate,5,0.9,0.02,4000,10,100,200,35,35,35,34,0.0128954840454299,0.334685477920772,0.1680672268907563,3.6487394957983192,2.347058823529412,False,False,True,True,False,True,True,True,False,False,,False,11,4,2
Eryth,cellstate,5,0.9,0.02,4000,10,250,461,35,35,35,35,-0.0240895061728395,0.7105078469349598,0.3873949579831933,9.347058823529412,1.66218487394958,False,False,True,True,False,True,True,True,False,False,,False,11,6,4
Eryth,cellstate,5,0.9,0.02,4000,10,500,417,36,36,36,36,-0.0299221453287197,0.6550368110977343,0.3309523809523809,7.903968253968254,1.784920634920635,False,True,True,True,True,True,True,True,False,False,,False,13,10,5
Eryth,cellstate,5,0.9,0.02,4000,10,1000,447,37,37,37,37,-0.0232717862319665,0.6605423157809427,0.3355855855855856,8.25,1.7725225225225223,False,True,True,True,True,True,True,True,False,False,,False,13,10,5
Eryth,cellstate,5,0.9,0.02,4000,25,100,200,72,72,59,68,0.0375949124201639,0.1087189816356482,0.0391236306729264,1.307316118935837,2.8763693270735526,False,True,True,True,True,True,True,True,True,False,,False,15,2,1
Eryth,cellstate,5,0.9,0.02,4000,25,250,500,72,72,70,72,0.0501644534687636,0.2497698594834817,0.0978090766823161,4.650039123630673,2.3937793427230045,False,True,True,True,True,True,True,True,True,False,,False,15,5,2
Eryth,cellstate,5,0.9,0.02,4000,25,500,1000,72,72,72,72,0.0149790914661428,0.4366682688708229,0.1956181533646322,9.642214397496089,1.97085289514867,False,True,True,True,True,True,True,True,True,False,,False,15,9,4
Eryth,cellstate,5,0.9,0.02,4000,25,1000,1800,74,74,74,74,-0.0092261994898018,0.675505050795997,0.3332099222510181,16.933728248796744,1.7027027027027026,False,True,True,True,True,True,True,True,True,False,,False,15,12,5
Eryth,cellstate,5,0.9,0.02,4000,50,100,198,110,110,77,98,0.0121679201578541,0.085437542255724,0.0165137614678899,0.3707256046705588,1.6019182652210175,False,True,True,True,True,True,True,True,True,False,,True,19,1,1
Eryth,cellstate,5,0.9,0.02,4000,50,250,500,125,125,109,122,0.0157035495432997,0.0951881653949765,0.032258064516129,2.080387096774193,2.9612903225806453,False,True,True,True,True,True,True,True,True,False,,True,21,5,2
Eryth,cellstate,5,0.9,0.02,4000,50,500,1000,125,125,120,124,0.0159112325009679,0.1931237133743034,0.064516129032258,4.8665806451612905,2.5421290322580643,False,True,True,True,True,True,True,True,True,False,,True,21,5,2
Eryth,cellstate,5,0.9,0.02,4000,50,1000,2000,125,125,122,125,0.0126946795705841,0.3268473442019258,0.1290322580645161,10.416,2.057741935483871,False,True,True,True,True,True,True,True,True,False,,True,21,8,4
Eryth,cellstate,5,0.9,0.02,4000,75,100,200,120,120,79,106,0.0315512465373961,0.0909201446701446,0.0140056022408963,0.1835434173669467,0.7721288515406163,False,True,True,True,True,True,True,True,True,False,,True,19,1,1
Eryth,cellstate,5,0.9,0.02,4000,75,250,500,142,142,124,138,0.0293095733800861,0.0941786375855184,0.0249725302167615,1.6890919988013184,3.1856457896314057,False,True,True,True,True,True,True,True,True,False,,True,20,4,3
Eryth,cellstate,5,0.9,0.02,4000,75,500,961,145,145,137,144,0.009557244259701,0.1409571361774711,0.0460249042145593,3.755651340996169,2.7344827586206897,False,True,True,True,True,True,True,True,True,False,,True,21,8,4
Eryth,cellstate,5,0.9,0.02,4000,75,1000,1979,145,145,144,145,0.0150516241999758,0.2626205275642128,0.09477969348659,8.662116858237548,2.2804597701149425,False,True,True,True,True,True,True,True,True,False,,True,21,8,4
Eryth,cellstate,5,0.9,0.02,4000,100,100,198,116,116,75,100,0.0705636034404708,0.087207667811116,0.0148425787106446,0.3341079460269865,1.9950524737631183,False,True,True,True,True,True,True,True,True,False,,False,19,1,1
Eryth,cellstate,5,0.9,0.02,4000,100,250,484,141,141,123,137,0.0161632284732868,0.0868860205366364,0.0245187436676798,1.6340932117527862,3.209827760891591,False,True,True,True,True,True,True,True,True,False,,True,20,3,2
Eryth,cellstate,5,0.9,0.02,4000,100,500,954,144,144,136,143,0.0118184308954533,0.1390956154460614,0.0463286713286713,3.7523310023310015,2.742667055167056,False,True,True,True,True,True,True,True,True,False,,True,21,8,4
Eryth,cellstate,5,0.9,0.02,4000,100,1000,1978,145,145,144,145,0.0105328232200682,0.2648513399391147,0.0947318007662835,8.635392720306513,2.2813697318007664,False,True,True,True,True,True,True,True,True,False,,True,21,8,4
Eryth,cellstate,5,0.9,0.03,2000,10,100,200,37,37,36,37,0.0616372046326508,0.3276883468059938,0.1501501501501501,3.3205705705705704,2.358108108108108,False,True,True,True,False,True,True,True,False,False,,False,12,6,2
Eryth,cellstate,5,0.9,0.03,2000,10,250,462,36,36,36,36,0.0073538364136654,0.6079117453057791,0.3666666666666666,9.45873015873016,1.7023809523809523,False,True,True,True,True,True,True,True,False,False,,False,13,10,4
Eryth,cellstate,5,0.9,0.03,2000,10,500,509,36,36,36,36,0.0021311157271309,0.6554809657096169,0.403968253968254,10.41984126984127,1.6571428571428573,False,True,True,True,True,True,True,True,False,False,,False,13,11,4
Eryth,cellstate,5,0.9,0.03,2000,10,1000,510,37,37,37,37,0.0055219618711681,0.6506137602145641,0.3828828828828828,9.974474474474476,1.68018018018018,False,True,True,True,False,True,True,True,False,False,,False,12,11,3
Eryth,cellstate,5,0.9,0.03,2000,25,100,200,69,69,59,67,0.0484995274102079,0.1210304992913688,0.0426257459505541,1.444160272804774,2.937553282182438,False,True,True,True,True,True,True,True,True,False,,False,15,4,1
Eryth,cellstate,5,0.9,0.03,2000,25,250,500,70,70,65,70,0.0472987748614585,0.2550566572174025,0.10351966873706,4.404761904761905,2.2579710144927536,False,True,True,True,True,True,True,True,True,False,,False,15,9,2
Eryth,cellstate,5,0.9,0.03,2000,25,500,1000,70,70,70,70,0.0242585213389652,0.4251973666695327,0.2070393374741201,10.043478260869565,1.924430641821946,False,True,True,True,True,True,True,True,True,False,,False,15,10,3
Eryth,cellstate,5,0.9,0.03,2000,25,1000,1459,69,69,69,69,0.0062920234167921,0.5895547750313562,0.3109548167092924,15.06372549019608,1.7335890878090368,False,True,True,True,True,True,True,True,True,False,,False,15,12,3
Eryth,cellstate,5,0.9,0.03,2000,50,100,199,114,114,77,103,0.068663257852447,0.0478835978835978,0.0154479118149355,0.3795994410805775,1.8861977953733893,False,True,True,True,True,True,True,True,True,False,,True,19,3,1
Eryth,cellstate,5,0.9,0.03,2000,50,250,500,122,122,111,122,0.0617280174665091,0.1266503443750342,0.0338707492209727,2.234250101612248,3.30639479745292,False,True,True,True,True,True,True,True,True,False,,True,19,4,1
Eryth,cellstate,5,0.9,0.03,2000,50,500,989,122,122,118,122,0.0534460048511933,0.174085001327399,0.0669963419590841,5.084676873052432,2.577225308223818,False,True,True,True,True,True,True,True,True,False,,True,19,7,2
Eryth,cellstate,5,0.9,0.03,2000,50,1000,1980,122,122,122,122,0.0227301692858296,0.3165558767403559,0.1341281669150521,10.889920065031838,2.087996206476088,False,True,True,True,True,True,True,True,True,False,,True,20,10,3
Eryth,cellstate,5,0.9,0.03,2000,75,100,197,119,119,79,103,0.1204763556480518,0.023403300714225,0.0140293405497792,0.3238142714713004,1.4564876798176898,False,True,True,True,True,True,True,True,True,False,,False,19,3,1
Eryth,cellstate,5,0.9,0.03,2000,75,250,496,140,140,123,139,0.094617202268431,0.094422317219175,0.0254881808838643,1.8197841726618704,3.418550873586845,False,True,True,True,True,True,True,True,True,False,,True,20,3,1
Eryth,cellstate,5,0.9,0.03,2000,75,500,986,142,142,139,141,0.0677060497050382,0.1466191843075121,0.0492458295874538,4.196883428228948,2.843322345420038,False,True,True,True,True,True,True,True,True,False,,True,21,6,2
Eryth,cellstate,5,0.9,0.03,2000,75,1000,1980,143,143,143,143,0.0483905826548632,0.2542536680452134,0.0975081256771397,9.08701861518763,2.259430710134936,False,True,True,True,True,True,True,True,True,False,,True,21,10,5
Eryth,cellstate,5,0.9,0.03,2000,100,100,195,122,122,78,106,0.1269101533966399,0.0174538121259432,0.0132095921961793,0.2702208372849207,1.292372307275437,False,True,True,True,True,True,True,True,True,False,,False,19,3,1
Eryth,cellstate,5,0.9,0.03,2000,100,250,495,140,140,122,139,0.0865820318933187,0.1007115985037979,0.0254367934224049,1.7753854059609455,3.334429599177801,False,True,True,True,True,True,True,True,True,False,,True,20,4,1
Eryth,cellstate,5,0.9,0.03,2000,100,500,986,143,143,138,143,0.0923103690363541,0.1571077418948855,0.0485570767260908,4.044863587117108,2.811238057716931,False,True,True,True,True,True,True,True,True,False,,True,21,4,1
Eryth,cellstate,5,0.9,0.03,2000,100,1000,1967,143,143,143,143,0.0486219998170482,0.2508392896208235,0.0968679208115827,9.053924948291144,2.2643061164187923,False,True,True,True,True,True,True,True,True,False,,True,21,8,3
Eryth,cellstate,5,0.9,0.03,3000,10,100,200,35,35,33,35,0.0564849760487734,0.3699565933599547,0.1680672268907563,3.687394957983193,2.149579831932773,False,True,True,True,True,True,True,True,False,False,,False,13,4,1
Eryth,cellstate,5,0.9,0.03,3000,10,250,474,35,35,35,35,-0.0082778209322944,0.7127920261645263,0.3983193277310924,9.656302521008405,1.6638655462184877,False,True,True,True,True,True,True,True,False,False,,False,13,12,5
Eryth,cellstate,5,0.9,0.03,3000,10,500,571,37,37,37,37,-0.0141365872284989,0.744817412743948,0.4286786786786787,11.09009009009009,1.614864864864865,False,True,True,True,False,True,True,True,False,False,,False,12,11,3
Eryth,cellstate,5,0.9,0.03,3000,10,1000,571,37,37,37,37,-0.0147125396106835,0.7471873094990136,0.4286786786786787,11.07057057057057,1.6186186186186189,False,True,True,True,False,True,True,True,False,False,,False,12,11,3
Eryth,cellstate,5,0.9,0.03,3000,25,100,200,73,73,58,71,0.0374199975848327,0.1096746480308124,0.0380517503805175,1.10369101978691,2.3418949771689497,False,True,True,True,True,True,True,True,True,False,,False,15,4,1
Eryth,cellstate,5,0.9,0.03,3000,25,250,500,73,73,68,73,0.0365702479338842,0.2313802304944478,0.0951293759512937,4.343417047184171,2.3531202435312024,False,True,True,True,True,True,True,True,True,False,,False,15,4,1
Eryth,cellstate,5,0.9,0.03,3000,25,500,1000,71,71,71,71,0.0099630388107073,0.4301111310011037,0.2012072434607646,9.640241448692151,1.9774647887323944,False,True,True,True,True,True,True,True,True,False,,False,16,10,3
Eryth,cellstate,5,0.9,0.03,3000,25,1000,1907,73,73,73,73,-0.0041810652817991,0.6792829672826423,0.3628234398782344,19.00513698630137,1.6565829528158296,False,True,True,True,True,True,True,True,True,False,,False,15,11,3
Eryth,cellstate,5,0.9,0.03,3000,50,100,198,113,113,77,101,0.0704910063198833,0.0378347316400413,0.0156447534766118,0.378397597977244,1.756953223767383,False,True,True,True,True,True,True,True,True,False,,True,19,3,1
Eryth,cellstate,5,0.9,0.03,3000,50,250,495,122,122,103,122,0.0429398085555134,0.1234503310862461,0.033532041728763,2.114483132366888,2.9023845007451565,False,True,True,True,True,True,True,True,True,False,,True,20,3,1
Eryth,cellstate,5,0.9,0.03,3000,50,500,988,123,123,120,123,0.021786255400176,0.1797799244738958,0.0658403305344528,5.037784886045582,2.624083699853392,False,True,True,True,True,True,True,True,True,False,,True,20,8,3
Eryth,cellstate,5,0.9,0.03,3000,50,1000,1976,123,123,122,123,0.0140427092656473,0.321542719034418,0.1316806610689057,10.86625349860056,2.081900573104092,False,True,True,True,True,True,True,True,True,False,,True,20,10,3
Eryth,cellstate,5,0.9,0.03,3000,75,100,200,125,125,82,102,0.0743690583974649,0.0197269841269841,0.0129032258064516,0.2586451612903225,1.5005161290322582,False,True,True,True,True,True,True,True,True,False,,True,20,3,1
Eryth,cellstate,5,0.9,0.03,3000,75,250,497,143,143,118,138,0.0563770881050898,0.1009562641298551,0.0244755244755244,1.582832660297449,3.148133556584261,False,True,True,True,True,True,True,True,True,False,,True,21,3,1
Eryth,cellstate,5,0.9,0.03,3000,75,500,994,144,144,141,143,0.0549106388117377,0.1535544546969616,0.0482711732711732,4.0933857808857805,2.752816627816628,False,True,True,True,True,True,True,True,True,False,,True,21,4,1
Eryth,cellstate,5,0.9,0.03,3000,75,1000,1978,145,145,143,145,0.0250619854979978,0.2385735791696767,0.0947318007662835,8.897222222222222,2.2549808429118774,False,True,True,True,True,True,True,True,True,False,,True,21,9,3
Eryth,cellstate,5,0.9,0.03,3000,100,100,199,126,126,83,103,0.0801833408782254,0.0209246661627614,0.0126349206349206,0.2998095238095238,2.010730158730159,False,True,True,True,True,True,True,True,True,False,,True,20,2,1
Eryth,cellstate,5,0.9,0.03,3000,100,250,494,144,144,115,138,0.0472958025546321,0.0821899434128536,0.0239898989898989,1.5212218337218335,2.9081682206682204,False,True,True,True,True,True,True,True,True,False,,True,21,4,1
Eryth,cellstate,5,0.9,0.03,3000,100,500,990,145,145,138,144,0.0441676374422429,0.1421181525087998,0.0474137931034482,4.083620689655173,2.801053639846743,False,True,True,True,True,True,True,True,True,False,,True,21,7,3
Eryth,cellstate,5,0.9,0.03,3000,100,1000,1982,145,145,145,145,0.0390963140975625,0.253705652887023,0.0949233716475095,8.851149425287357,2.30234674329502,False,True,True,True,True,True,True,True,True,False,,True,21,7,3
Eryth,cellstate,5,0.9,0.03,4000,10,100,200,35,35,34,35,0.0462757348789943,0.3773662425343098,0.1680672268907563,3.5831932773109245,2.256302521008404,False,True,True,True,True,True,True,True,False,False,,False,13,4,1
Eryth,cellstate,5,0.9,0.03,4000,10,250,470,34,34,33,34,-0.0288117842588165,0.7321051475054821,0.4188948306595365,9.852941176470589,1.5401069518716577,False,True,True,True,True,True,True,True,False,False,,False,13,12,5
Eryth,cellstate,5,0.9,0.03,4000,10,500,543,35,35,35,35,-0.0209205913732662,0.758682095080013,0.4563025210084033,11.312605042016807,1.5798319327731092,False,True,True,True,True,True,True,True,False,False,,False,13,12,5
Eryth,cellstate,5,0.9,0.03,4000,10,1000,542,36,36,36,36,-0.0180669694348327,0.7528037502135431,0.4301587301587302,10.806349206349209,1.607936507936508,False,True,True,True,True,True,True,True,False,False,,False,13,13,3
Eryth,cellstate,5,0.9,0.03,4000,25,100,200,71,71,54,70,0.0493430292437814,0.1043135659332842,0.0402414486921529,1.1012072434607645,2.53158953722334,False,True,True,True,True,True,True,True,True,False,,False,16,4,1
Eryth,cellstate,5,0.9,0.03,4000,25,250,500,71,71,67,71,0.0369298696844993,0.2403428771267029,0.1006036217303823,4.350704225352112,2.338229376257545,False,True,True,True,True,True,True,True,True,False,,False,16,8,3
Eryth,cellstate,5,0.9,0.03,4000,25,500,1000,71,71,71,71,0.0198529813428924,0.4245028272482377,0.2012072434607646,9.71006036217304,1.9762575452716296,False,True,True,True,True,True,True,True,True,False,,False,16,10,3
Eryth,cellstate,5,0.9,0.03,4000,25,1000,1900,71,71,71,71,-0.0088720005507529,0.7132749493002503,0.3822937625754527,19.133601609657948,1.6348088531187124,False,True,True,True,True,True,True,True,True,False,,False,16,13,4
Eryth,cellstate,5,0.9,0.03,4000,50,100,198,112,112,76,99,0.0671609434616718,0.0271825396825396,0.0159266409266409,0.3321267696267696,1.523648648648649,False,True,True,True,True,True,True,True,True,False,,False,18,3,1
Eryth,cellstate,5,0.9,0.03,4000,50,250,500,126,126,112,122,0.0456330895022299,0.1309646065209045,0.0317460317460317,1.9635555555555555,3.1613333333333333,False,True,True,True,True,True,True,True,True,False,,True,20,3,1
Eryth,cellstate,5,0.9,0.03,4000,50,500,989,124,124,122,124,0.0308546900643858,0.1841973243555464,0.0648439548911618,4.955350118017309,2.6638473642800946,False,True,True,True,True,True,True,True,True,False,,False,19,6,2
Eryth,cellstate,5,0.9,0.03,4000,50,1000,1975,124,124,123,124,0.0136684488058271,0.311659887399195,0.1294912142669813,10.740755310778914,2.096511932861264,False,True,True,True,True,True,True,True,True,False,,False,19,9,3
Eryth,cellstate,5,0.9,0.03,4000,75,100,196,123,123,75,101,0.0552896055541557,0.0669029254395108,0.0130614420898307,0.156270825003332,0.6120884979341596,False,True,True,True,True,True,True,True,True,False,,False,18,2,1
Eryth,cellstate,5,0.9,0.03,4000,75,250,498,143,143,120,137,0.0586876324055811,0.1093403283037178,0.0245247710036442,1.548951048951049,3.1284349453363536,False,True,True,True,True,True,True,True,True,False,,True,21,2,1
Eryth,cellstate,5,0.9,0.03,4000,75,500,994,145,145,142,144,0.0481195534028717,0.1548084414984083,0.0476053639846743,3.934147509578544,2.82404214559387,False,True,True,True,True,True,True,True,True,False,,True,21,4,1
Eryth,cellstate,5,0.9,0.03,4000,75,1000,2000,146,146,146,146,0.0267411459279215,0.2472167777004213,0.0944733112895607,8.946008502598016,2.315682569674068,False,True,True,True,True,True,True,True,True,False,,True,21,9,4
Eryth,cellstate,5,0.9,0.03,4000,100,100,195,123,123,75,103,0.0797706540078355,0.0602881761418346,0.0129948020791683,0.1710649073703851,0.6959882713581235,False,True,True,True,True,True,True,True,True,False,,True,19,2,1
Eryth,cellstate,5,0.9,0.03,4000,100,250,500,144,144,118,138,0.0494839293798098,0.1143376857051728,0.0242812742812742,1.5106351981351982,2.992715617715618,False,True,True,True,True,True,True,True,True,False,,True,21,2,1
Eryth,cellstate,5,0.9,0.03,4000,100,500,989,145,145,138,144,0.05598046811965,0.1422144794687482,0.0473659003831417,3.9661877394636016,2.731034482758621,False,True,True,True,True,True,True,True,True,False,,True,21,6,2
Eryth,cellstate,5,0.9,0.03,4000,100,1000,2000,146,146,146,146,0.0323410131532529,0.2445571056914619,0.0944733112895607,8.945819555975437,2.316957959376476,False,True,True,True,True,True,True,True,True,False,,True,21,9,4
Mono,cellstate,50,0.5,0.005,2000,10,250,239,44,44,43,40,0.0040658034653155,0.4008587394805716,0.1263213530655391,2.8234672304439745,2.3292811839323466,False,True,False,False,True,False,False,False,True,False,,True,10,1,0
Mono,cellstate,50,0.5,0.005,2000,10,500,226,44,44,43,40,0.0086677144970414,0.4053772584012645,0.1194503171247357,2.6331923890063424,2.373678646934461,False,False,False,False,True,False,False,False,True,False,,True,9,1,0
Mono,cellstate,50,0.5,0.005,2000,25,100,199,84,84,64,77,0.0379955361887554,0.0762748494891351,0.028542742398164,0.9829317269076304,2.79360298336202,False,True,True,True,True,False,False,True,True,False,,True,17,0,0
Mono,cellstate,50,0.5,0.005,2000,25,250,500,93,93,83,89,0.0252104819131902,0.1835398626270133,0.0584385226741468,2.714936886395512,2.451846657316503,False,True,True,True,True,False,False,True,True,False,,True,19,2,1
Mono,cellstate,50,0.5,0.005,2000,25,500,984,92,92,92,88,0.0109898119597516,0.3466556026180293,0.1175346392737697,5.931677018633541,2.371476349737219,False,True,True,True,True,False,False,True,True,False,,True,18,7,4
Mono,cellstate,50,0.5,0.005,2000,25,1000,1081,94,94,94,90,0.0044466359658005,0.3636411481882152,0.1236559139784946,6.346373827499428,2.3148021047815144,False,True,True,True,True,False,False,True,True,False,,True,19,8,4
Mono,cellstate,50,0.5,0.005,2000,50,100,198,123,123,87,103,0.0260787543841003,0.0575240477679502,0.0131947221111555,0.2881514061042249,1.4674130347860856,False,False,True,True,True,True,True,True,True,False,,False,21,1,1
Mono,cellstate,50,0.5,0.005,2000,50,250,500,148,148,122,140,0.0320516422387524,0.1174054402653473,0.0229821658393086,1.469847398418827,2.7388766317337745,False,True,True,True,True,True,False,True,True,False,,True,22,1,1
Mono,cellstate,50,0.5,0.005,2000,50,500,1000,152,152,139,147,0.0227617996775384,0.1813138190999975,0.043569187870338,3.2916957127919138,2.607398048100384,False,True,True,True,True,True,False,True,True,False,,True,22,4,3
Mono,cellstate,50,0.5,0.005,2000,50,1000,2000,152,152,152,149,0.0087535835547724,0.2963193749375758,0.0871383757406761,7.178807947019868,2.431117113976996,False,True,True,True,True,True,False,True,True,False,,True,22,9,5
Mono,cellstate,50,0.5,0.005,2000,75,1000,1990,166,166,164,164,0.0302833938631359,0.2833918324601457,0.0726542533771449,6.541219423147134,2.4740051113545087,False,True,True,True,True,True,True,True,True,False,,True,24,8,6
Mono,cellstate,50,0.5,0.005,2000,100,100,198,124,124,84,101,0.0443636070767,0.0384344598054275,0.0129819040125885,0.3039601363755573,1.530946761080514,False,True,True,True,True,True,True,True,True,False,,True,21,1,1
Mono,cellstate,50,0.5,0.005,2000,100,1000,1990,169,169,166,167,0.0234435506790086,0.2772674906122162,0.0700901662440124,6.369646379261764,2.4735841081994927,False,True,True,True,True,True,True,True,True,False,,True,24,8,6
Mono,cellstate,50,0.5,0.005,3000,10,100,200,44,44,42,41,0.0228762996219281,0.3008088205614944,0.1057082452431289,2.6300211416490487,2.31553911205074,False,True,False,False,True,False,True,False,True,False,,True,11,0,0
Mono,cellstate,50,0.5,0.005,3000,10,250,317,45,45,45,42,-0.0076758658967182,0.5119470876436435,0.1601010101010101,3.951010101010101,2.207575757575757,False,True,False,False,True,False,False,False,True,False,,True,9,1,0
Mono,cellstate,50,0.5,0.005,3000,10,500,317,45,45,45,42,-0.0076758658967182,0.5119470876436434,0.1601010101010101,3.951010101010101,2.207575757575757,False,True,False,False,True,False,False,False,True,False,,True,9,1,0
Mono,cellstate,50,0.5,0.005,3000,25,250,500,96,96,87,93,0.0141790742017931,0.2376198110890294,0.0548245614035087,2.71875,2.6150219298245614,False,True,True,True,True,False,True,True,True,False,,True,20,0,0
Mono,cellstate,50,0.5,0.005,3000,25,500,1000,96,96,94,92,0.0031148976293103,0.3197005285982772,0.1096491228070175,5.951864035087719,2.225986842105263,False,True,True,True,True,False,False,True,True,False,,True,19,6,4
Mono,cellstate,50,0.5,0.005,3000,25,1000,1477,98,98,98,94,-0.0007925925925925,0.4636760365504493,0.1553755522827687,8.5954134231012,2.067641489585525,False,True,True,True,True,False,True,True,True,False,,True,20,10,7
Mono,cellstate,50,0.5,0.005,3000,50,250,500,147,147,118,142,0.0478450520833333,0.1124563327618233,0.0232969900288882,1.5091324200913243,2.800065231572081,False,True,True,True,True,True,False,True,True,False,,True,22,1,1
Mono,cellstate,50,0.5,0.005,3000,50,500,1000,151,151,140,149,0.0405617099971272,0.1952420449774197,0.0441501103752759,3.419293598233996,2.656644591611479,False,True,True,True,True,True,True,True,True,False,,True,23,1,1
Mono,cellstate,50,0.5,0.005,3000,75,100,196,122,122,83,102,0.0811225043402777,0.0279739386296763,0.0132773336946213,0.2803143205527706,1.4456713182495595,False,True,True,True,True,True,True,True,True,False,,True,22,1,1
Mono,cellstate,50,0.5,0.005,3000,75,500,1000,168,168,153,165,0.0260990423495772,0.1813106512787849,0.035642999714856,2.9026589677787284,2.6758269175933846,False,True,True,True,True,True,True,True,True,False,,True,24,1,1
Mono,cellstate,50,0.5,0.005,3000,100,100,196,124,124,83,104,0.0660688877553759,0.0301725156563866,0.012850773669027,0.2328874901652242,1.109887227904537,False,True,True,True,True,True,True,True,True,False,,True,22,1,1
Mono,cellstate,50,0.5,0.005,3000,100,250,500,166,166,131,152,0.0414162979287546,0.0852379923116834,0.0182548375319459,1.1196787148594378,2.442168674698795,False,True,True,True,True,True,True,True,True,False,,True,24,1,1
Mono,cellstate,50,0.5,0.005,3000,100,1000,2000,173,173,169,172,0.0401423598034313,0.2451183136411224,0.0672133351256889,6.273860733969619,2.460176098938029,False,True,True,True,True,True,True,True,True,False,,True,24,7,6
Mono,cellstate,50,0.5,0.005,4000,10,250,307,47,47,47,44,-0.0037486860602069,0.4422472730147082,0.1419981498612396,3.5198889916743754,2.228492136910268,False,True,False,False,True,False,False,False,True,False,,True,10,2,0
Mono,cellstate,50,0.5,0.005,4000,10,500,362,46,46,46,43,-0.0184519552862358,0.5042349597630507,0.1748792270531401,4.443478260869565,2.019806763285024,False,True,False,False,True,False,True,False,True,False,,True,11,1,0
Mono,cellstate,50,0.5,0.005,4000,10,1000,307,47,47,47,44,-0.0037486860602069,0.4422472730147082,0.1419981498612396,3.5198889916743754,2.228492136910268,False,True,False,False,True,False,False,False,True,False,,True,10,2,0
Mono,cellstate,50,0.5,0.005,4000,25,1000,1556,98,98,98,95,-0.0028347550089268,0.4771024231782407,0.1636860929938985,9.141699978960656,2.0174626551651587,False,True,True,True,True,False,True,True,True,False,,True,20,10,7
Mono,cellstate,50,0.5,0.005,4000,50,100,199,120,120,86,97,0.0491982507288629,0.0742079761197408,0.0139355742296918,0.2219887955182072,0.9119747899159664,False,False,True,True,True,True,True,True,True,False,,True,19,1,1
Mono,cellstate,50,0.5,0.005,4000,50,250,500,146,146,119,139,0.0574759204248807,0.1175765280620235,0.0236183278223901,1.500472366556448,2.7128483703353803,False,True,True,True,True,True,True,True,True,False,,True,23,1,1
Mono,cellstate,50,0.5,0.005,4000,50,500,1000,150,150,139,148,0.0417260654261704,0.1873124785038261,0.0447427293064877,3.5229977628635347,2.680178970917226,False,True,True,True,True,True,True,True,True,False,,True,23,1,1
Mono,cellstate,50,0.5,0.005,4000,50,1000,2000,149,149,145,147,0.0184931155647513,0.2897326040964152,0.0906947215672047,7.588109922002539,2.267141302376201,False,True,True,True,True,True,False,True,True,False,,True,22,7,5
Mono,cellstate,50,0.5,0.005,4000,75,100,197,117,117,86,94,0.0518537410400279,0.094122544122544,0.0145151783082817,0.2874300029472443,1.2299587385794282,False,False,True,True,True,True,True,True,True,False,,False,18,1,1
Mono,cellstate,50,0.5,0.005,4000,75,250,500,161,161,130,151,0.0473982913896497,0.1127916733220858,0.0194099378881987,1.2782996894409937,2.584627329192547,False,True,True,True,True,True,True,True,True,False,,True,24,1,1
Mono,cellstate,50,0.5,0.005,4000,75,500,1000,169,169,155,166,0.0255804391326992,0.1657108262606645,0.0352211890673429,2.9477669766131305,2.823612285150747,False,True,True,True,True,True,True,True,True,False,,True,24,1,1
Mono,cellstate,50,0.5,0.005,4000,75,1000,2000,170,170,167,169,0.0288429568956361,0.2492377155543637,0.0696136442742777,6.528193525931083,2.4702053602506093,False,True,True,True,True,True,True,True,True,False,,True,24,6,5
Mono,cellstate,50,0.5,0.005,4000,100,100,197,121,121,87,97,0.0346078222977999,0.0907355729669779,0.0135674931129476,0.2797520661157024,1.2754820936639115,False,False,True,True,True,True,True,True,True,False,,True,19,1,1
Mono,cellstate,50,0.5,0.005,4000,100,250,500,163,163,129,153,0.0357126155808269,0.1226606372762994,0.0189350905097326,1.2267287737635386,2.544762553965008,False,True,True,True,True,True,True,True,True,False,,True,24,1,1
Mono,cellstate,50,0.5,0.005,4000,100,500,1000,172,172,155,169,0.0300070245618949,0.1644170721456084,0.0339997280021759,2.8582891336869305,2.809669522643819,False,True,True,True,True,True,True,True,True,False,,True,24,1,1
Mono,cellstate,50,0.5,0.005,4000,100,1000,2000,172,172,169,172,0.0245621987980025,0.2678978821840863,0.0679994560043519,6.483000135998912,2.506833945328437,False,True,True,True,True,True,True,True,True,False,,True,24,6,5
Mono,cellstate,50,0.5,0.01,2000,10,100,200,47,47,42,44,0.027253086419753,0.3016767502308639,0.0925069380203515,2.234042553191489,2.3154486586493985,False,False,False,True,True,False,True,False,True,False,,True,9,1,0
Mono,cellstate,50,0.5,0.01,2000,10,500,299,47,47,47,44,0.0073226445372927,0.4446146957168333,0.1382978723404255,3.404717853839038,2.260869565217391,False,False,False,True,True,False,True,False,True,False,,True,9,3,2
Mono,cellstate,50,0.5,0.01,2000,25,100,199,82,82,61,77,0.0165091670439112,0.0979076479076479,0.0299608551641071,0.862842517314062,2.1469436916591387,False,True,False,True,True,False,True,True,True,False,,True,15,2,1
Mono,cellstate,50,0.5,0.01,2000,25,250,500,98,98,87,96,0.054323043126373,0.1742936699685497,0.0525983589312013,2.782032400589101,2.6292867662528927,False,True,True,True,True,False,True,True,True,False,,True,17,3,2
Mono,cellstate,50,0.5,0.01,2000,25,500,1000,100,100,100,99,0.0037634343678299,0.3375836505843329,0.101010101010101,5.881111111111111,2.3805050505050507,False,True,True,True,True,False,True,True,True,False,,True,17,5,4
Mono,cellstate,50,0.5,0.01,2000,25,1000,1311,99,99,99,98,-0.0090139578831098,0.4234916628766227,0.1351267779839208,7.667388167388167,2.1904761904761907,False,True,True,True,True,False,True,True,True,False,,True,17,8,6
Mono,cellstate,50,0.5,0.01,2000,50,100,196,116,116,77,101,0.0164469079812995,0.031307102858827,0.0146926536731634,0.3499250374812593,1.6280359820089956,False,False,False,True,True,True,True,True,True,False,,False,17,1,1
Mono,cellstate,50,0.5,0.01,2000,50,250,500,152,152,117,146,0.0072764759559924,0.1045472507901346,0.021784593935169,1.4288079470198676,2.6026925758103867,False,True,True,True,True,True,True,True,True,False,,True,21,2,1
Mono,cellstate,50,0.5,0.01,2000,50,500,1000,155,155,141,153,0.0265599889307388,0.1685456683679933,0.041893590280687,3.3506493506493507,2.6196062002513614,False,True,True,True,True,True,True,True,True,False,,True,23,4,3
Mono,cellstate,50,0.5,0.01,2000,50,1000,2000,156,156,155,156,-0.0031311950823788,0.3091183059119323,0.0827129859387924,7.190281224152192,2.4159222497932173,False,True,True,True,True,True,True,True,True,False,,True,23,8,6
Mono,cellstate,50,0.5,0.01,2000,75,100,192,120,120,77,99,0.0393133674214755,0.0211389073889073,0.0134453781512605,0.2643557422969187,1.2341036414565827,False,False,True,True,True,True,True,True,True,False,,False,18,1,1
Mono,cellstate,50,0.5,0.01,2000,75,250,500,167,167,121,159,0.05618492312879,0.0846075761849477,0.0180362167231801,1.2002020056272995,2.489070052665753,False,True,True,True,True,True,True,True,True,False,,True,22,2,1
Mono,cellstate,50,0.5,0.01,2000,75,500,1000,176,176,155,176,0.0581472755068247,0.143721910616986,0.0324675324675324,2.895324675324676,2.766461038961039,False,True,True,True,True,True,True,True,True,False,,True,24,4,3
Mono,cellstate,50,0.5,0.01,2000,75,1000,2000,178,178,174,177,0.0168764119618745,0.2471961944495943,0.0634799720688122,6.064146511775535,2.5097441757125627,False,True,True,True,True,True,True,True,True,False,,True,24,8,7
Mono,cellstate,50,0.5,0.01,2000,100,100,195,118,118,80,98,0.0246260387811634,0.0296248008112414,0.0141242937853107,0.2707518470230334,1.3668694770389689,False,True,True,True,True,True,True,True,True,False,,False,19,1,1
Mono,cellstate,50,0.5,0.01,2000,100,500,1000,175,175,153,174,0.059974515235457,0.1665077071010612,0.0328407224958949,2.8518226600985224,2.7066995073891627,False,True,True,True,True,True,True,True,True,False,,True,24,4,3
Mono,cellstate,50,0.5,0.01,2000,100,1000,2000,178,178,173,177,0.0157447479284334,0.2496420407514773,0.0634799720688122,6.067923570113629,2.485939186186758,False,True,True,True,True,True,True,True,True,False,,True,24,6,5
Mono,cellstate,50,0.5,0.01,3000,10,100,200,45,45,41,44,0.0091080671451857,0.2976754438467544,0.101010101010101,2.453535353535353,2.422727272727273,False,False,False,True,True,False,False,False,True,False,,True,7,1,0
Mono,cellstate,50,0.5,0.01,3000,10,250,318,45,45,45,44,-0.00633733564812,0.4814482255315774,0.1606060606060606,4.057070707070707,2.235353535353535,False,False,False,True,True,False,False,False,True,False,,True,7,3,0
Mono,cellstate,50,0.5,0.01,3000,10,500,315,45,45,45,44,-0.0077551577068042,0.449206124616274,0.1590909090909091,4.015151515151516,2.2747474747474747,False,False,False,True,True,False,False,False,True,False,,True,7,3,1
Mono,cellstate,50,0.5,0.01,3000,10,1000,314,45,45,45,44,-0.0077551577068042,0.449206124616274,0.1585858585858585,4.006565656565656,2.275252525252525,False,False,False,True,True,False,False,False,True,False,,True,7,3,0
Mono,cellstate,50,0.5,0.01,3000,25,100,199,87,87,67,80,0.0650290257084846,0.0717777114328838,0.0265971665330125,0.8484362469927826,2.3195669607056937,False,True,False,True,True,False,True,True,True,False,,False,13,0,0
Mono,cellstate,50,0.5,0.01,3000,25,250,500,100,100,86,99,0.0502308449762188,0.1875298217090786,0.0505050505050505,2.609292929292929,2.422323232323232,False,True,True,True,True,False,True,True,True,False,,True,16,3,2
Mono,cellstate,50,0.5,0.01,3000,25,500,1000,100,100,99,99,0.0166442954592305,0.2949750895041831,0.101010101010101,6.031212121212121,2.353939393939394,False,True,True,True,True,False,True,True,True,False,,True,17,6,4
Mono,cellstate,50,0.5,0.01,3000,25,1000,1662,100,100,100,99,-0.0105762734079631,0.4539301417807709,0.1678787878787878,10.04121212121212,2.0552525252525253,False,True,True,True,True,False,True,True,True,False,,True,17,11,7
Mono,cellstate,50,0.5,0.01,3000,50,100,199,123,123,89,102,0.0284120501082755,0.0241579558652729,0.0132613621218179,0.4204984672797547,2.10682393709183,False,False,False,True,True,True,True,True,True,False,,True,19,1,1
Mono,cellstate,50,0.5,0.01,3000,50,500,1000,157,157,137,156,0.0158690966098373,0.167387145526476,0.0408296586640535,3.388208394577821,2.5640617344439,False,True,True,True,True,True,True,True,True,False,,True,23,3,2
Mono,cellstate,50,0.5,0.01,3000,75,100,198,128,128,90,104,0.076606648199446,0.0309180402930402,0.0121801181102362,0.2708538385826771,1.2931840551181102,False,True,False,True,True,True,True,True,True,False,,True,18,1,1
Mono,cellstate,50,0.5,0.01,3000,75,500,1000,178,178,155,177,0.0534194014556053,0.1306048215385276,0.0317399860344061,2.908969720053323,2.721545102520155,False,True,True,True,True,True,True,True,True,False,,True,24,3,3
Mono,cellstate,50,0.5,0.01,3000,75,1000,2000,179,179,175,179,0.0385985192594936,0.218276917937552,0.0627706986378758,6.604827066725252,2.532232753750549,False,True,True,True,True,True,True,True,True,False,,True,24,7,5
Mono,cellstate,50,0.5,0.01,3000,100,250,500,166,166,129,158,0.0939198959253545,0.0986394509338071,0.0182548375319459,1.323037604965316,2.974187659729828,False,True,True,True,True,True,True,True,True,False,,True,23,1,1
Mono,cellstate,50,0.5,0.01,3000,100,500,1000,178,178,155,177,0.0721909570488253,0.1303739506008646,0.0317399860344061,2.924427093252079,2.69961277217038,False,True,True,True,True,True,True,True,True,False,,True,24,3,3
Mono,cellstate,50,0.5,0.01,3000,100,1000,2000,179,179,175,179,0.0530952533333333,0.2177355669188488,0.0627706986378758,6.58273178080472,2.543970874395832,False,True,True,True,True,True,True,True,True,False,,True,24,7,5
Mono,cellstate,50,0.5,0.01,4000,10,250,432,47,47,47,46,0.0099096864860396,0.5186603914147554,0.1998149861239593,5.578630897317299,2.0504162812210915,False,False,False,True,True,False,True,False,True,False,,True,8,3,0
Mono,cellstate,50,0.5,0.01,4000,10,500,434,47,47,47,46,0.0094485612418109,0.5143806366937845,0.2007400555041628,5.611933395004625,2.047641073080481,False,False,False,True,True,False,True,False,True,False,,True,8,3,0
Mono,cellstate,50,0.5,0.01,4000,10,1000,435,47,47,47,46,0.0088176758306628,0.5163195103766206,0.2012025901942645,5.616096207215541,2.0508788159111933,False,False,False,True,True,False,True,False,True,False,,True,8,3,0
Mono,cellstate,50,0.5,0.01,4000,25,100,200,95,95,77,84,0.077827592687052,0.1263392163392163,0.0223964165733482,0.7435610302351624,2.59451287793953,False,True,True,True,True,False,True,True,True,False,,True,17,2,2
Mono,cellstate,50,0.5,0.01,4000,25,250,500,102,102,86,101,0.0531950836438015,0.1949465312741582,0.048534265191225,2.492234517569404,2.448553678897301,False,True,True,True,True,False,True,True,True,False,,True,17,2,2
Mono,cellstate,50,0.5,0.01,4000,25,500,1000,102,102,96,102,0.0187731327418374,0.3064592615988113,0.09706853038245,5.815084449621433,2.245292176276452,False,True,True,True,True,False,True,True,True,False,,True,18,6,4
Mono,cellstate,50,0.5,0.01,4000,50,100,197,123,123,91,96,0.0380588107638888,0.0479108966913845,0.0131280821004931,0.3527255764360922,1.6320138611222177,False,False,True,True,True,True,True,True,True,False,,True,20,1,1
Mono,cellstate,50,0.5,0.01,4000,50,250,500,150,150,126,143,0.0238922637909,0.0969966428096863,0.0223713646532438,1.5693959731543623,2.865011185682327,False,True,True,True,True,True,True,True,True,False,,True,23,2,2
Mono,cellstate,50,0.5,0.01,4000,50,1000,2000,154,154,151,154,0.0245189851616784,0.2588361883614009,0.0848824378236142,7.8858755623461505,2.3331211272387744,False,True,True,True,True,True,True,True,True,False,,True,23,6,3
Mono,cellstate,50,0.5,0.01,4000,75,500,991,175,175,156,174,0.0585230873698506,0.1366689055193367,0.0325451559934318,3.089950738916256,2.8142528735632184,False,True,True,True,True,True,True,True,True,False,,True,24,2,2
Mono,cellstate,50,0.5,0.01,4000,75,1000,1979,176,176,171,176,0.0414933024375977,0.2120091582936434,0.0642532467532467,6.582694805194805,2.4475,False,True,True,True,True,True,True,True,True,False,,True,24,10,7
Mono,cellstate,50,0.5,0.01,4000,100,100,193,129,129,89,106,0.103963510537905,0.0217432868595659,0.011688468992248,0.1737524224806201,0.8802688953488372,False,False,True,True,True,True,True,True,True,False,,False,16,1,1
Mono,cellstate,50,0.5,0.01,4000,100,250,495,166,166,136,153,0.0841484764542936,0.0949486520665974,0.0180722891566265,1.3566630156991604,3.0883899233296823,False,True,True,True,True,True,True,True,True,False,,True,23,1,1
Mono,cellstate,50,0.5,0.02,2000,10,100,171,36,36,36,33,0.0270107137467934,0.4412904485530904,0.1357142857142857,2.4380952380952383,2.353968253968254,False,False,False,False,False,False,False,False,True,False,,True,7,0,0
Mono,cellstate,50,0.5,0.02,2000,10,250,163,35,35,34,33,0.0173201158387168,0.4377297585700948,0.1369747899159664,2.3899159663865546,2.3142857142857145,False,False,False,False,False,False,False,False,True,False,,True,7,0,0
Mono,cellstate,50,0.5,0.02,2000,10,500,163,35,35,34,33,0.0173201158387168,0.4377297585700948,0.1369747899159664,2.3899159663865546,2.3142857142857145,False,False,False,False,False,False,False,False,True,False,,True,7,0,0
Mono,cellstate,50,0.5,0.02,2000,10,1000,161,35,35,34,33,0.0200872359963269,0.4384372257061333,0.1352941176470588,2.357983193277311,2.3210084033613447,False,False,False,False,False,False,False,False,True,False,,True,7,0,0
Mono,cellstate,50,0.5,0.02,2000,25,100,200,81,81,69,78,0.0781840737240075,0.1178535095689091,0.0308641975308641,0.9248456790123456,2.852006172839506,False,True,False,True,False,False,True,False,True,False,,True,13,0,0
Mono,cellstate,50,0.5,0.02,2000,25,500,1000,89,89,87,87,0.0298378889160096,0.4522582249715526,0.1276813074565883,6.205311542390194,2.114274770173646,False,True,False,True,False,False,True,False,True,False,,True,13,3,3
Mono,cellstate,50,0.5,0.02,2000,50,500,1000,140,140,125,137,0.040714186065051,0.2435920820821345,0.0513874614594039,3.7256423432682415,2.3839157245632068,False,True,False,True,True,True,True,False,True,False,,True,19,5,4
Mono,cellstate,50,0.5,0.02,2000,50,1000,1943,140,140,138,138,-0.0011867358941324,0.4138935539945635,0.0998458376156217,7.442394655704009,2.217677286742035,False,True,False,True,True,True,True,False,True,False,,True,19,7,6
Mono,cellstate,50,0.5,0.02,2000,75,500,1000,167,167,144,163,0.0559387674901511,0.18603238025951,0.0360724334463602,2.9832263184474423,2.524312820142846,False,True,True,True,True,True,True,False,True,False,,True,22,5,4
Mono,cellstate,50,0.5,0.02,2000,100,100,199,119,119,86,100,0.0596528353684692,0.0463209992621757,0.0141717704030764,0.1967668423301524,0.8399800598205384,False,True,False,True,True,True,True,False,True,False,,True,19,0,0
Mono,cellstate,50,0.5,0.02,2000,100,250,500,152,152,124,142,0.0698561825637102,0.1179433423134538,0.021784593935169,1.5063611014290694,2.888855001742768,False,True,True,True,True,True,True,False,True,False,,True,22,2,2
Mono,cellstate,50,0.5,0.02,2000,100,500,1000,163,163,143,157,0.0627329941669224,0.1993935803993921,0.0378701810194652,3.081231538286753,2.527910323411346,False,True,True,True,True,True,True,False,True,False,,True,22,7,7
Mono,cellstate,50,0.5,0.02,2000,100,1000,2000,164,164,159,160,0.0057106512760802,0.3412691825137617,0.0748166990872362,6.2742032021547205,2.293842585665121,False,True,True,True,True,True,True,False,True,False,,True,22,9,8
Mono,cellstate,50,0.5,0.02,3000,10,500,276,43,43,43,41,0.0215958068522171,0.4094881415139705,0.1528239202657807,3.684939091915836,2.150609080841639,False,False,False,False,False,False,False,False,True,False,,True,8,1,0
Mono,cellstate,50,0.5,0.02,3000,10,1000,292,44,44,44,42,0.0197060353798126,0.4083134576760601,0.1543340380549683,3.826638477801268,2.136363636363636,False,False,False,False,False,False,False,False,True,False,,True,8,1,0
Mono,cellstate,50,0.5,0.02,3000,25,100,199,87,87,67,80,0.0510840028355387,0.0843604671190878,0.0265971665330125,0.8365410318096765,2.599171344560278,False,True,False,True,True,False,True,True,True,False,,True,15,0,0
Mono,cellstate,50,0.5,0.02,3000,25,500,1000,96,96,93,96,0.0365322863800312,0.2977539788240168,0.1096491228070175,6.676425438596492,2.2047149122807017,False,True,True,True,True,False,True,True,True,False,,True,17,6,4
Mono,cellstate,50,0.5,0.02,3000,25,1000,1774,97,97,97,97,0.0099683998850904,0.4816092354040052,0.1905068728522336,11.594394329896907,1.9749785223367693,False,True,True,True,True,False,True,True,True,False,,True,17,11,6
Mono,cellstate,50,0.5,0.02,3000,50,100,198,123,123,84,97,0.0146700995925758,0.0383855981416957,0.0131947221111555,0.2104491536718646,0.9604158336665334,False,True,False,True,True,False,True,True,True,False,,True,15,1,1
Mono,cellstate,50,0.5,0.02,3000,50,250,499,152,152,120,149,0.0560196356536314,0.0780293560455789,0.0217410247472987,1.4834001394214011,2.992026838619728,False,True,True,True,True,False,True,True,True,False,,True,21,3,2
Mono,cellstate,50,0.5,0.02,3000,50,500,1000,156,156,141,155,0.0286597516435354,0.1512831259418547,0.0413564929693962,3.5944168734491315,2.598924731182796,False,True,True,True,True,False,True,True,True,False,,True,21,3,2
Mono,cellstate,50,0.5,0.02,3000,50,1000,2000,156,156,153,156,0.0174780769679314,0.2709243954193094,0.0827129859387924,7.8211331679073615,2.289495450785773,False,True,True,True,True,False,True,True,True,False,,True,21,7,5
Mono,cellstate,50,0.5,0.02,3000,75,500,987,172,172,155,171,0.0614715722210981,0.1283383485886467,0.0335577315381476,3.154120767033864,2.8325513395892834,False,True,True,True,True,True,True,True,True,False,,True,24,2,1
Mono,cellstate,50,0.5,0.02,3000,75,1000,1970,177,177,172,177,0.0414027903581948,0.2186306477142606,0.0632383153569594,6.684322033898305,2.4419619928094503,False,True,True,True,True,True,True,True,True,False,,True,24,10,8
Mono,cellstate,50,0.5,0.02,3000,100,100,190,128,128,89,102,0.050288452733433,0.0200086805555555,0.0116879921259842,0.1849778543307086,0.8673720472440944,False,True,True,True,True,True,True,True,True,False,,True,18,0,0
Mono,cellstate,50,0.5,0.02,3000,100,250,492,170,170,137,159,0.1001168821681642,0.0750631836444984,0.0171249564914723,1.296971806474069,3.3590323703445875,False,True,True,True,True,True,True,True,True,False,,True,24,1,1
Mono,cellstate,50,0.5,0.02,3000,100,500,987,174,174,156,173,0.0972697992198418,0.126026478101885,0.03278851903528,3.080692312803136,2.788220051823799,False,True,True,True,True,True,True,True,True,False,,True,24,2,1
Mono,cellstate,50,0.5,0.02,3000,100,1000,1977,180,180,177,179,0.0572188297732016,0.2284568947823781,0.0613594040968342,6.48106765983861,2.496772191185599,False,True,True,True,True,True,True,True,True,False,,True,24,11,8
Mono,cellstate,50,0.5,0.02,4000,10,100,200,45,45,42,44,0.0445499221635481,0.2348767461564159,0.101010101010101,2.7515151515151515,2.3368686868686868,False,False,False,False,False,False,False,False,True,False,,True,8,1,0
Mono,cellstate,50,0.5,0.02,4000,10,250,368,45,45,45,44,0.0051384911239544,0.4410234724738541,0.1858585858585858,4.976262626262626,2.0565656565656565,False,False,False,False,False,False,False,False,True,False,,True,8,1,0
Mono,cellstate,50,0.5,0.02,4000,10,500,370,45,45,45,44,0.0040982351560187,0.4396412902900726,0.1868686868686868,5.010606060606061,2.052020202020202,False,False,False,False,False,False,False,False,True,False,,True,8,1,0
Mono,cellstate,50,0.5,0.02,4000,10,1000,327,44,44,44,43,0.0115051020408163,0.412907393856974,0.1728329809725158,4.651162790697675,2.094608879492601,False,False,False,False,False,False,False,False,True,False,,False,6,0,0
Mono,cellstate,50,0.5,0.02,4000,25,250,500,99,99,87,99,0.0424979442399561,0.1780734974656012,0.0515357658214801,2.885281385281385,2.623685837971552,False,True,False,True,False,False,True,False,True,False,,True,14,3,1
Mono,cellstate,50,0.5,0.02,4000,25,500,1000,99,99,94,99,0.0398710459957228,0.2782437858061337,0.1030715316429602,6.488146773861059,2.1935683364254794,False,True,True,True,True,False,True,False,True,False,,True,16,6,3
Mono,cellstate,50,0.5,0.02,4000,25,1000,2000,99,99,98,99,0.0193948494405864,0.4827092625068964,0.2061430632859204,13.399505256648114,1.8719851576994435,False,True,False,True,False,False,True,False,True,False,,True,14,7,2
Mono,cellstate,50,0.5,0.02,4000,50,250,500,151,151,119,149,0.0369307378904481,0.0964771231903393,0.0220750551876379,1.5572626931567328,3.11523178807947,False,True,True,True,True,False,True,True,True,False,,True,20,1,1
Mono,cellstate,50,0.5,0.02,4000,50,500,1000,156,156,140,155,0.0257223950314722,0.1441842414825991,0.0413564929693962,3.72125723738627,2.5866832092638545,False,True,True,True,True,False,True,True,True,False,,True,21,2,2
Mono,cellstate,50,0.5,0.02,4000,50,1000,2000,161,161,159,161,0.0127239616549745,0.240585763256667,0.077639751552795,7.839596273291925,2.370302795031056,False,True,True,True,True,False,True,True,True,False,,True,21,9,6
Mono,cellstate,50,0.5,0.02,4000,75,100,196,128,128,88,109,0.0721986851716581,0.0243743235930735,0.0120570866141732,0.2036171259842519,1.168430118110236,False,True,True,True,True,True,True,True,True,False,,False,17,1,1
Mono,cellstate,50,0.5,0.02,4000,75,250,493,169,169,136,163,0.0614043391438011,0.0972805967671961,0.0173640462102,1.2747604959143422,3.277930402930403,False,True,True,True,True,True,True,True,True,False,,True,22,1,1
Mono,cellstate,50,0.5,0.02,4000,75,500,988,178,178,155,177,0.0673030934601299,0.1162502710392077,0.0313591062019932,3.041103281914556,2.7379864152859774,False,True,True,True,True,True,True,True,True,False,,True,24,2,2
Mono,cellstate,50,0.5,0.02,4000,75,1000,1971,178,178,172,178,0.0556500106834345,0.2037386827015995,0.0625595124738145,6.843490128864343,2.443058465054276,False,True,True,True,True,True,True,True,True,False,,True,24,6,4
Mono,cellstate,50,0.5,0.02,4000,100,100,193,127,127,83,109,0.1063632834662127,0.0289463817022872,0.012060992375953,0.1979752530933633,1.1602299712535933,False,True,True,True,True,True,True,True,True,False,,False,17,1,1
Mono,cellstate,50,0.5,0.02,4000,100,250,495,172,172,133,165,0.1239769126301494,0.0840221241766529,0.0168298653610771,1.1619747042023665,2.9873861009111926,False,True,True,True,True,True,True,True,True,False,,True,22,3,2
Mono,cellstate,50,0.5,0.02,4000,100,500,988,181,181,157,181,0.1212876558337959,0.1456925727178396,0.0303253529772866,2.900092081031308,2.7527624309392267,False,True,True,True,True,True,True,True,True,False,,True,24,7,5
Mono,cellstate,50,0.5,0.03,2000,10,100,153,33,33,32,32,0.0800775639184142,0.4576633074944362,0.1448863636363636,2.428030303030303,2.3446969696969697,False,False,False,False,False,False,False,False,True,False,,False,6,0,0
Mono,cellstate,50,0.5,0.03,2000,10,250,138,33,33,32,31,0.0613151927437641,0.444576711506067,0.1306818181818181,2.0956439393939394,2.350378787878788,False,False,False,False,False,False,False,False,True,False,,False,5,0,0
Mono,cellstate,50,0.5,0.03,2000,10,500,139,33,33,32,31,0.0583837664649341,0.4443509581702658,0.1316287878787878,2.1041666666666665,2.3494318181818183,False,False,False,False,False,False,False,False,True,False,,False,5,0,0
Mono,cellstate,50,0.5,0.03,2000,25,250,500,86,86,75,86,0.0563659734704435,0.2728989396780767,0.0683994528043775,3.128043775649795,2.283310533515732,False,True,False,True,False,False,True,False,True,False,,True,13,2,2
Mono,cellstate,50,0.5,0.03,2000,25,500,980,88,88,87,87,0.0226949770212871,0.4735197910634615,0.1280041797283176,6.039576802507837,2.1965778474399165,False,True,False,True,False,False,True,False,True,False,,True,13,4,4
Mono,cellstate,50,0.5,0.03,2000,25,1000,1161,91,91,91,88,0.0226624527410208,0.5133098718100427,0.1417582417582417,6.692185592185592,2.105372405372405,False,True,False,True,False,False,True,False,True,False,,True,13,4,4
Mono,cellstate,50,0.5,0.03,2000,50,100,199,109,109,79,97,0.0674253240390806,0.0714365145557806,0.0169045191980971,0.3718994223581379,1.4064729867482162,False,True,False,True,True,True,True,False,True,False,,True,17,0,0
Mono,cellstate,50,0.5,0.03,2000,50,250,500,128,128,99,128,0.091477778969907,0.1576997708293243,0.030757874015748,1.811515748031496,2.5936884842519685,False,True,False,True,True,True,True,False,True,False,,True,18,1,1
Mono,cellstate,50,0.5,0.03,2000,50,1000,1836,135,135,135,133,0.0063896560972281,0.4628049799015075,0.1014925373134328,6.938584853510227,2.2519071310116088,False,True,False,True,True,True,True,False,True,False,,True,18,7,4
Mono,cellstate,50,0.5,0.03,2000,75,100,196,114,114,83,101,0.0972944849115505,0.0707121338700285,0.015215028722248,0.4042850489054495,2.4894426331315014,False,True,True,True,True,True,False,False,True,False,,True,17,0,0
Mono,cellstate,50,0.5,0.03,2000,75,250,500,138,138,108,136,0.1167121118419819,0.139606449484966,0.0264466306992489,1.6058923093197928,2.811012377023167,False,True,False,True,True,True,True,False,True,False,,True,20,1,1
Mono,cellstate,50,0.5,0.03,2000,75,500,982,150,150,130,150,0.0765418152992469,0.2432892113991682,0.0439373601789709,3.105413870246085,2.483847874720358,False,True,True,True,True,True,True,False,True,False,,True,21,4,4
Mono,cellstate,50,0.5,0.03,2000,100,100,196,113,113,81,102,0.1110677534975142,0.0714998865441343,0.0154867256637168,0.4752686472819216,2.8049146649810366,False,True,True,True,True,True,False,False,True,False,,True,16,0,0
Mono,cellstate,50,0.5,0.03,2000,100,500,1000,150,150,130,149,0.074330665124584,0.2767684509897309,0.0447427293064877,3.1193288590604027,2.398568232662192,False,True,True,True,True,True,True,False,True,False,,True,21,4,4
Mono,cellstate,50,0.5,0.03,2000,100,1000,1910,152,152,150,150,0.0102742344463182,0.4055509724252038,0.0832171488323457,6.193490763332171,2.3518647612408503,False,True,True,True,True,True,True,False,True,False,,True,21,9,6
Mono,cellstate,50,0.5,0.03,3000,10,100,200,38,38,35,37,0.0008280326696526,0.4362467773323877,0.1422475106685633,2.884068278805121,2.0099573257468,False,False,False,False,False,False,False,False,True,False,,True,6,0,0
Mono,cellstate,50,0.5,0.03,3000,10,250,225,39,39,38,36,0.0112723580877302,0.4382836090565156,0.1518218623481781,3.082995951417004,2.011470985155196,False,False,False,False,False,False,False,False,True,False,,True,6,0,0
Mono,cellstate,50,0.5,0.03,3000,10,500,217,38,38,37,36,0.0095020408163265,0.4237965152135969,0.1543385490753911,3.182788051209104,2.046230440967283,False,False,False,False,False,False,False,False,True,False,,True,6,0,0
Mono,cellstate,50,0.5,0.03,3000,25,250,500,94,94,86,93,0.0415657596155679,0.1991811291819525,0.0571951498512926,2.986959505833905,2.6666666666666665,False,True,True,True,False,False,True,True,True,False,,True,15,5,4
Mono,cellstate,50,0.5,0.03,3000,25,500,1000,97,97,94,95,0.0180841324467907,0.3468878886883711,0.1073883161512027,5.957581615120275,2.176331615120275,False,True,True,True,False,False,True,True,True,False,,True,15,5,4
Mono,cellstate,50,0.5,0.03,3000,25,1000,1571,95,95,95,93,0.0091091423587164,0.5018190067544656,0.1759238521836506,9.841433370660694,1.965509518477044,False,True,True,True,False,False,True,True,True,False,,True,15,6,4
Mono,cellstate,50,0.5,0.03,3000,50,100,199,117,117,80,101,-0.0067640613586559,0.0535649535649535,0.0146625405246094,0.18692897141173,0.7924403183023873,False,True,True,True,True,False,True,True,True,False,,True,19,0,0
Mono,cellstate,50,0.5,0.03,3000,50,250,500,150,150,122,148,0.0465967035334674,0.1081554559856618,0.0223713646532438,1.436331096196868,3.035346756152125,False,True,True,True,True,False,True,True,True,False,,True,21,3,2
Mono,cellstate,50,0.5,0.03,3000,50,500,1000,156,156,145,155,0.0457724555495706,0.1560846098725597,0.0413564929693962,3.6240694789081886,2.793713813068652,False,True,True,True,True,False,True,True,True,False,,True,22,6,4
Mono,cellstate,50,0.5,0.03,3000,75,100,193,118,118,77,99,0.0662191358024691,0.0590566683787022,0.0139794292336665,0.1899898594813849,0.8364479211936839,False,True,True,True,True,True,True,True,True,False,,True,21,0,0
Mono,cellstate,50,0.5,0.03,3000,75,250,500,167,167,130,164,0.0644097583535668,0.1037299417756769,0.0180362167231801,1.292258855782411,3.134153379987014,False,True,True,True,True,True,True,True,True,False,,True,24,3,3
Mono,cellstate,50,0.5,0.03,3000,75,500,1000,173,173,154,172,0.0528470092815603,0.149106083274656,0.0336066675628444,2.9706949858852,2.818927275171394,False,True,True,True,True,True,True,True,True,False,,True,24,7,6
Mono,cellstate,50,0.5,0.03,3000,75,1000,2000,176,176,171,174,0.0364270537984538,0.2292158337351244,0.0649350649350649,6.533603896103896,2.4162662337662337,False,True,True,True,True,True,True,True,True,False,,True,24,9,6
Mono,cellstate,50,0.5,0.03,3000,100,500,1000,174,174,157,173,0.1046455576559546,0.1537881197803625,0.0332203840276393,2.90502292206498,2.866088631984585,False,True,True,True,True,True,True,True,True,False,,True,24,7,6
Mono,cellstate,50,0.5,0.03,3000,100,1000,2000,177,177,172,176,0.0656002425867406,0.2430582732834015,0.064201335387776,6.367873651771957,2.428640215716487,False,True,True,True,True,True,True,True,True,False,,True,24,10,6
Mono,cellstate,50,0.5,0.03,4000,10,100,200,43,43,41,43,-0.0025393431120318,0.2761775827871299,0.1107419712070874,2.826688815060908,2.4014396456256923,False,False,False,False,False,False,False,False,True,False,,True,6,2,0
Mono,cellstate,50,0.5,0.03,4000,10,500,336,42,42,42,42,-0.0065813307571549,0.5038901700440009,0.1951219512195122,4.874564459930314,2.0452961672473866,False,False,False,False,False,False,False,False,True,False,,True,6,2,0
Mono,cellstate,50,0.5,0.03,4000,25,100,200,89,89,68,82,0.0189848347668628,0.0786152673793123,0.0255362614913176,0.7959652706843718,2.653600612870276,False,True,False,True,False,False,True,False,True,False,,True,13,0,0
Mono,cellstate,50,0.5,0.03,4000,25,250,500,96,96,90,96,0.0365516819514306,0.1515471764659912,0.0548245614035087,3.1858552631578947,2.7889254385964914,False,True,False,True,False,False,True,True,True,False,,True,15,4,1
Mono,cellstate,50,0.5,0.03,4000,25,500,1000,98,98,95,98,0.0358663827521958,0.2767667057284295,0.1051967178624027,6.6858826004628655,2.2075531243425206,False,True,False,True,False,False,True,True,True,False,,True,15,5,2
Mono,cellstate,50,0.5,0.03,4000,25,1000,2000,97,97,96,97,0.0122929466248829,0.4975030658936381,0.2147766323024054,13.737972508591064,1.8524484536082475,False,True,False,True,False,False,True,True,True,False,,True,15,7,3
Mono,cellstate,50,0.5,0.03,4000,50,100,200,132,132,91,104,0.0707427003723299,0.0404144256416983,0.0115660421003932,0.2830210501966227,1.8033194540828128,False,True,True,True,True,False,True,False,True,False,,True,21,0,0
Mono,cellstate,50,0.5,0.03,4000,50,250,500,156,156,123,153,0.0581643277501131,0.0989964610662991,0.0206782464846981,1.436641852770885,2.8976840363937137,False,True,True,True,True,False,True,True,True,False,,True,22,3,2
Mono,cellstate,50,0.5,0.03,4000,50,1000,2000,160,160,159,160,0.0333527058132692,0.239866844050641,0.0786163522012578,7.866470125786163,2.3684748427672955,False,True,True,True,True,False,True,True,True,False,,True,22,13,7
Mono,cellstate,50,0.5,0.03,4000,75,250,500,171,171,138,169,0.1074060660932548,0.0728988856955833,0.0171998624011007,1.3074303405572756,3.2616443068455454,False,True,True,True,True,True,True,True,True,False,,True,24,5,4
Mono,cellstate,50,0.5,0.03,4000,75,500,991,177,177,161,176,0.0739942494338014,0.1242243730117602,0.031811761684643,2.9804185927067284,2.930919363122753,False,True,True,True,True,True,True,True,True,False,,True,24,9,4
Mono,cellstate,50,0.5,0.03,4000,100,100,200,141,141,93,112,0.1698337950138503,0.0364362981384257,0.0101317122593718,0.0885005065856129,0.3685410334346504,False,True,True,True,True,True,True,False,True,False,,True,20,0,0
Mono,cellstate,50,0.5,0.03,4000,100,250,495,175,175,133,168,0.1701750148632581,0.0585473897079381,0.0162561576354679,1.231231527093596,3.224269293924466,False,True,True,True,True,True,True,True,True,False,,True,24,4,4
Mono,cellstate,50,0.5,0.03,4000,100,500,1000,180,180,161,178,0.1481420014609203,0.1416020295275837,0.0310366232153941,2.974301675977653,2.858969584109249,False,True,True,True,True,True,True,True,True,False,,True,24,7,4
Mono,cellstate,50,0.75,0.005,2000,10,100,200,45,45,44,41,0.0165997164461247,0.2330126818021106,0.101010101010101,2.2914141414141413,2.5085858585858585,False,False,False,False,True,False,True,False,True,False,,True,10,1,0
Mono,cellstate,50,0.75,0.005,2000,10,250,266,45,45,45,41,0.0099147332936744,0.4019961753264127,0.1343434343434343,3.073737373737374,2.312121212121212,False,False,False,False,True,False,True,False,True,False,,True,10,1,0
Mono,cellstate,50,0.75,0.005,2000,10,500,266,45,45,45,41,0.0099147332936744,0.4019961753264127,0.1343434343434343,3.073737373737374,2.312121212121212,False,False,False,False,True,False,True,False,True,False,,True,10,1,0
Mono,cellstate,50,0.75,0.005,2000,25,250,500,89,89,81,86,0.016904127858578,0.1911943181587575,0.0638406537282941,2.9301583248212464,2.5153217568947905,False,True,True,True,True,False,True,True,True,False,,True,19,1,0
Mono,cellstate,50,0.75,0.005,2000,25,500,1000,93,93,91,89,0.01001756801562,0.349528187005363,0.1168770453482936,6.068256194483404,2.192262739597943,False,True,True,True,True,False,True,True,True,False,,True,19,7,5
Mono,cellstate,50,0.75,0.005,2000,50,100,199,117,117,79,101,0.0215978952455099,0.0349952516619183,0.0146625405246094,0.2567786619510757,0.984453286177424,False,True,True,True,True,True,True,True,True,False,,True,19,0,0
Mono,cellstate,50,0.75,0.005,2000,50,250,500,151,151,120,141,0.0497960069444444,0.0999064725559427,0.0220750551876379,1.274216335540839,2.30560706401766,False,True,True,True,True,True,True,True,True,False,,True,22,1,1
Mono,cellstate,50,0.75,0.005,2000,50,500,1000,154,154,138,149,0.0345253420596626,0.1795988994161364,0.0424412189118071,3.1670910788557847,2.485951956540192,False,True,True,True,True,True,True,True,True,False,,True,23,1,1
Mono,cellstate,50,0.75,0.005,2000,75,100,199,127,127,84,100,0.0686181040480301,0.0747310162432904,0.0124359455068116,0.2329708786401699,0.933008373953256,False,True,True,True,True,True,True,True,True,False,,False,19,1,1
Mono,cellstate,50,0.75,0.005,2000,75,500,1000,165,165,146,160,0.0445682192188512,0.1778786008756079,0.0369549150036954,2.8909830007390984,2.591869918699187,False,True,True,True,True,True,True,True,True,False,,True,24,1,1
Mono,cellstate,50,0.75,0.005,2000,75,1000,2000,165,165,160,162,0.0230905178066872,0.2955280526174849,0.0739098300073909,6.434478935698448,2.3982631189948265,False,True,True,True,True,True,True,True,True,False,,True,24,9,7
Mono,cellstate,50,0.75,0.005,2000,100,100,197,119,119,80,101,0.0749979441353032,0.0345138055222088,0.0140293405497792,0.2248255234297108,0.8228884774248683,False,True,True,True,True,True,True,True,True,False,,True,19,0,0
Mono,cellstate,50,0.75,0.005,2000,100,500,1000,169,169,147,164,0.0551368184056541,0.1716164444592929,0.0352211890673429,2.7574316708932094,2.5258171315863622,False,True,True,True,True,True,True,True,True,False,,True,24,1,1
Mono,cellstate,50,0.75,0.005,2000,100,1000,2000,170,170,165,168,0.0390468468512873,0.2726708992713083,0.0696136442742777,6.1595544726766445,2.488827010093978,False,True,True,True,True,True,True,True,True,False,,True,24,10,7
Mono,cellstate,50,0.75,0.005,3000,10,100,200,46,46,43,41,0.0016946676406136,0.2887831476442063,0.0966183574879227,2.096135265700484,2.0608695652173914,False,True,False,False,True,False,False,False,True,False,,True,9,1,0
Mono,cellstate,50,0.75,0.005,3000,10,250,328,46,46,46,42,-0.0082773123343139,0.4961179567023045,0.1584541062801932,3.934782608695652,2.097101449275362,False,False,False,True,True,False,True,False,True,False,,True,10,3,2
Mono,cellstate,50,0.75,0.005,3000,10,500,297,46,46,46,42,-0.0030055414670799,0.4632600465535004,0.1434782608695652,3.220289855072464,1.917391304347826,False,True,False,False,True,False,False,False,True,False,,True,9,1,0
Mono,cellstate,50,0.75,0.005,3000,10,1000,328,46,46,46,42,-0.0082773123343139,0.4961179567023045,0.1584541062801932,3.934782608695652,2.097101449275362,False,False,False,True,True,False,True,False,True,False,,True,10,3,2
Mono,cellstate,50,0.75,0.005,3000,25,500,1000,95,95,93,93,0.0171082331978369,0.3703194264102476,0.1119820828667413,5.863717805151176,2.2548712206047035,False,True,True,True,True,False,True,True,True,False,,True,19,5,4
Mono,cellstate,50,0.75,0.005,3000,25,1000,1483,95,95,95,93,0.0025782499976576,0.4840331265544104,0.1660694288913773,9.012318029115342,2.07525195968645,False,True,True,True,True,False,True,True,True,False,,True,19,10,6
Mono,cellstate,50,0.75,0.005,3000,50,500,1000,149,149,138,146,0.0298948888331614,0.2034969837101952,0.0453473607836023,3.483493560674769,2.6622528568837294,False,True,True,True,True,True,True,True,True,False,,True,23,1,1
Mono,cellstate,50,0.75,0.005,3000,50,1000,2000,149,149,146,147,0.0139139818604751,0.3350795220240737,0.0906947215672047,7.445447124977326,2.2899963722111374,False,True,True,True,True,True,True,True,True,False,,True,23,6,5
Mono,cellstate,50,0.75,0.005,3000,75,100,196,116,116,83,91,0.0679931640625,0.0847514315186729,0.0146926536731634,0.3551724137931034,1.5455022488755623,False,True,True,True,True,True,True,True,True,False,,False,20,1,1
Mono,cellstate,50,0.75,0.005,3000,75,1000,2000,168,168,163,167,0.0250390614292371,0.2787683235770931,0.071285999429712,6.479113202167095,2.4247932706016537,False,True,True,True,True,True,True,True,True,False,,True,24,8,6
Mono,cellstate,50,0.75,0.005,3000,100,100,197,123,123,83,101,0.0726318359375,0.0555555555555555,0.0131280821004931,0.2099160335865653,0.8092096494735439,False,True,True,True,True,True,True,True,True,False,,True,21,0,0
Mono,cellstate,50,0.75,0.005,3000,100,500,1000,170,170,152,167,0.0427503411610691,0.1812294612823026,0.0348068221371388,2.8492864601461885,2.779742429516185,False,True,True,True,True,True,True,True,True,False,,True,24,1,1
Mono,cellstate,50,0.75,0.005,3000,100,1000,2000,170,170,167,169,0.0345811785687148,0.2921750859367609,0.0696136442742777,6.377619213365819,2.477479986077271,False,True,True,True,True,True,True,True,True,False,,True,24,5,4
Mono,cellstate,50,0.75,0.005,4000,10,100,200,46,46,43,42,0.0153981008035062,0.2736175161742269,0.0966183574879227,2.1028985507246376,2.06231884057971,False,True,False,False,True,False,False,False,True,False,,True,9,1,0
Mono,cellstate,50,0.75,0.005,4000,10,250,354,47,47,47,44,-0.0092681553944546,0.4926843176927477,0.1637372802960222,4.16049953746531,2.074468085106383,False,True,False,True,True,False,True,False,True,False,,True,11,4,3
Mono,cellstate,50,0.75,0.005,4000,10,500,358,47,47,47,44,-0.0049258534382174,0.4850416729008336,0.1655874190564292,4.256706753006475,2.074005550416281,False,True,False,True,True,False,True,False,True,False,,True,11,4,3
Mono,cellstate,50,0.75,0.005,4000,25,250,500,96,96,84,93,0.0283817509336397,0.1959574689765284,0.0548245614035087,2.655811403508772,2.505482456140351,False,True,True,True,True,False,False,True,True,False,,True,18,1,0
Mono,cellstate,50,0.75,0.005,4000,25,500,1000,95,95,93,93,0.014771745294085,0.3641809484152256,0.1119820828667413,5.918141097424412,2.2442329227323627,False,True,True,True,True,False,True,True,True,False,,True,19,5,4
Mono,cellstate,50,0.75,0.005,4000,25,1000,1424,96,96,96,93,0.0013988925674796,0.4345602083156488,0.156140350877193,8.39046052631579,2.13015350877193,False,True,True,True,True,False,False,True,True,False,,True,18,9,6
Mono,cellstate,50,0.75,0.005,4000,50,100,198,118,118,84,93,0.0534594537145286,0.0865818600364961,0.014341590612777,0.3703462262784296,1.7393886715920617,False,True,True,True,True,True,True,True,True,False,,False,19,1,1
Mono,cellstate,50,0.75,0.005,4000,50,1000,2000,149,149,147,147,0.0176798805834245,0.3315358941694309,0.0906947215672047,7.566116452022492,2.3060946852893163,False,True,True,True,True,True,True,True,True,False,,True,23,7,6
Mono,cellstate,50,0.75,0.005,4000,75,100,197,117,117,85,94,0.0548068404520926,0.0921754171754171,0.0145151783082817,0.3557323902151488,1.6628352490421456,False,True,True,True,True,True,True,True,True,False,,False,20,1,1
Mono,cellstate,50,0.75,0.005,4000,75,250,499,161,161,126,152,0.0590195300752699,0.0961885960726119,0.0193711180124223,1.2547360248447206,2.503843167701864,False,True,True,True,True,True,True,True,True,False,,True,23,1,1
Mono,cellstate,50,0.75,0.005,4000,75,500,1000,166,166,151,163,0.0109717451523545,0.1878425657968851,0.0365096750638919,2.956809054399416,2.797663380795911,False,True,True,True,True,True,True,True,True,False,,True,24,1,1
Mono,cellstate,50,0.75,0.005,4000,100,100,196,118,118,85,95,0.0444471571180555,0.0934422921711057,0.0141967260611328,0.3286252354048964,1.45907576416051,False,True,True,True,True,True,True,True,True,False,,False,20,1,1
Mono,cellstate,50,0.75,0.005,4000,100,250,499,162,162,124,154,0.0547609460618686,0.1002490073155956,0.0191319684073307,1.2375584694425277,2.4809830534468214,False,True,True,True,True,True,True,True,True,False,,True,23,1,1
Mono,cellstate,50,0.75,0.005,4000,100,500,1000,169,169,152,166,0.0316060022047741,0.1868598754320964,0.0352211890673429,2.870597351366582,2.806389123696816,False,True,True,True,True,True,True,True,True,False,,True,24,1,1
Mono,cellstate,50,0.75,0.01,2000,10,100,200,46,46,44,44,0.0151751647589316,0.2942870327949073,0.0966183574879227,2.4231884057971014,2.5589371980676328,False,False,False,True,True,False,True,False,True,False,,True,9,1,0
Mono,cellstate,50,0.75,0.01,2000,10,250,323,46,46,46,44,0.0105137869470343,0.4545843487471478,0.1560386473429951,4.081642512077295,2.15024154589372,False,False,False,True,True,False,True,False,True,False,,True,9,3,1
Mono,cellstate,50,0.75,0.01,2000,10,1000,323,46,46,46,44,0.0105137869470343,0.4545843487471478,0.1560386473429951,4.081642512077295,2.15024154589372,False,False,False,True,True,False,True,False,True,False,,True,9,3,1
Mono,cellstate,50,0.75,0.01,2000,25,250,500,95,95,85,94,0.0319645335670976,0.2038601990777936,0.0559910414333706,2.823852183650616,2.4378499440089585,False,True,True,True,True,False,True,True,True,False,,True,18,3,2
Mono,cellstate,50,0.75,0.01,2000,25,500,1000,98,98,96,97,0.0022601215660846,0.3383880325108565,0.1051967178624027,6.01662108142226,2.27540500736377,False,True,True,True,True,False,True,True,True,False,,True,18,5,4
Mono,cellstate,50,0.75,0.01,2000,25,1000,1291,96,96,96,94,-0.0020069802618528,0.4026320773983972,0.1415570175438596,7.999013157894737,2.1125,False,True,True,True,True,False,True,True,True,False,,True,17,8,4
Mono,cellstate,50,0.75,0.01,2000,50,100,198,113,113,78,97,0.0039472579155118,0.0159595321099745,0.0156447534766118,0.3493994943109987,1.361409608091024,False,True,False,True,True,True,True,True,True,False,,False,18,1,1
Mono,cellstate,50,0.75,0.01,2000,50,1000,2000,153,153,150,153,0.000350040467106,0.3016332482133445,0.0859993120055039,7.376461988304094,2.3430082559339525,False,True,True,True,True,True,True,True,True,False,,True,23,8,6
Mono,cellstate,50,0.75,0.01,2000,75,100,194,120,120,88,95,0.0545340158426034,0.0291997354497354,0.0135854341736694,0.176890756302521,0.7235294117647059,False,False,True,True,True,True,True,True,True,False,,False,16,1,1
Mono,cellstate,50,0.75,0.01,2000,75,250,500,162,162,123,160,0.0813966053051292,0.0845409797903511,0.0191703090253814,1.3843646959588989,2.650563607085346,False,True,True,True,True,True,True,True,True,False,,True,22,2,1
Mono,cellstate,50,0.75,0.01,2000,75,500,1000,174,174,152,174,0.059462514476444,0.1608402167423136,0.0332203840276393,2.946681283635639,2.739685070759418,False,True,True,True,True,True,True,True,True,False,,True,24,4,3
Mono,cellstate,50,0.75,0.01,2000,75,1000,2000,177,177,170,177,0.029069017550588,0.2489146498624696,0.064201335387776,6.248972778633796,2.452170005136107,False,True,True,True,True,True,True,True,True,False,,True,24,8,6
Mono,cellstate,50,0.75,0.01,2000,100,100,194,122,122,81,101,0.0487948960302457,0.0204149220542663,0.0131418506977374,0.2204985774285327,0.9262295081967212,False,True,True,True,True,True,True,True,True,False,,False,19,1,1
Mono,cellstate,50,0.75,0.01,2000,100,250,500,164,164,124,160,0.0736943564386392,0.0797291004174829,0.018704174771809,1.346513541822535,2.6004414185246145,False,True,True,True,True,True,True,True,True,False,,True,22,2,2
Mono,cellstate,50,0.75,0.01,2000,100,500,1000,176,176,156,176,0.0856456553209518,0.1492985613876568,0.0324675324675324,2.960194805194805,2.9167532467532467,False,True,True,True,True,True,True,True,True,False,,True,24,4,3
Mono,cellstate,50,0.75,0.01,3000,10,100,200,46,46,41,44,0.0419284149013878,0.2374692656022579,0.0966183574879227,2.488405797101449,2.2666666666666666,False,False,False,True,True,False,True,False,True,False,,True,9,0,0
Mono,cellstate,50,0.75,0.01,3000,10,250,390,46,46,46,44,0.0192974633372968,0.4927501013817286,0.1884057971014492,5.218357487922705,2.0033816425120774,False,False,False,True,True,False,True,False,True,False,,True,9,3,2
Mono,cellstate,50,0.75,0.01,3000,10,500,426,46,46,46,45,-0.0064711238293444,0.5325026202051095,0.2057971014492753,5.742512077294686,2.01256038647343,False,False,False,True,True,False,True,False,True,False,,True,10,3,1
Mono,cellstate,50,0.75,0.01,3000,10,1000,424,46,46,46,45,-0.0056146767429733,0.5272585829201882,0.2048309178743961,5.716425120772947,2.0169082125603865,False,False,False,True,True,False,True,False,True,False,,True,10,3,1
Mono,cellstate,50,0.75,0.01,3000,25,100,200,84,84,66,81,0.0863795835219556,0.1191816373013851,0.0286861732644865,0.8825301204819277,2.3848250143430865,False,True,False,True,True,False,True,True,True,False,,True,14,0,0
Mono,cellstate,50,0.75,0.01,3000,25,250,500,95,95,83,95,0.0276029877772747,0.1679019488697056,0.0559910414333706,2.8746920492721166,2.5555431131019035,False,True,True,True,True,False,True,True,True,False,,True,17,2,1
Mono,cellstate,50,0.75,0.01,3000,25,500,1000,95,95,91,95,0.0061141304347826,0.3373411870461108,0.1119820828667413,6.301007838745801,2.214221724524076,False,True,True,True,True,False,True,True,True,False,,True,18,5,3
Mono,cellstate,50,0.75,0.01,3000,50,100,200,121,121,84,105,0.0165105103492711,0.0731864095500459,0.0137741046831955,0.2984159779614325,1.4446969696969696,False,True,True,True,True,True,True,True,True,False,,True,20,1,1
Mono,cellstate,50,0.75,0.01,3000,50,500,1000,155,155,144,155,0.029276048654756,0.156267237632406,0.041893590280687,3.5670297444490995,2.7773355676581484,False,True,True,True,True,True,True,True,True,False,,True,23,3,2
Mono,cellstate,50,0.75,0.01,3000,75,100,194,120,120,83,99,0.0608448392937981,0.0301647426647426,0.0135854341736694,0.3049019607843137,1.9001400560224089,False,True,False,True,True,True,True,True,True,False,,True,18,1,1
Mono,cellstate,50,0.75,0.01,3000,75,250,500,168,168,131,158,0.0606022622654639,0.0709912134688109,0.017821499857428,1.2878172226974622,2.7328557171371544,False,True,True,True,True,True,True,True,True,False,,True,23,2,2
Mono,cellstate,50,0.75,0.01,3000,75,1000,1977,176,176,172,176,0.0305265202034477,0.2119523384067035,0.0641883116883116,6.544253246753247,2.5025,False,True,True,True,True,True,True,True,True,False,,True,24,7,4
Mono,cellstate,50,0.75,0.01,3000,100,100,198,125,125,87,102,0.0303308571585208,0.0681406593406593,0.012774193548387,0.2512903225806451,1.3010967741935484,False,False,False,True,True,True,True,True,True,False,,True,15,1,1
Mono,cellstate,50,0.75,0.01,3000,100,500,1000,176,176,152,175,0.0811178421644143,0.1476380033030536,0.0324675324675324,2.9182792207792208,2.665811688311688,False,True,True,True,True,True,True,True,True,False,,True,24,4,3
Mono,cellstate,50,0.75,0.01,3000,100,1000,2000,177,177,170,177,0.0572559425545207,0.2255037767880309,0.064201335387776,6.535984848484849,2.423279404211608,False,True,True,True,True,True,True,True,True,False,,True,24,11,8
Mono,cellstate,50,0.75,0.01,4000,10,100,200,45,45,42,43,0.0450446415240825,0.2078552311885645,0.101010101010101,2.6333333333333333,2.4166666666666665,False,False,False,True,True,False,False,False,True,False,,True,8,0,0
Mono,cellstate,50,0.75,0.01,4000,10,250,410,45,45,45,43,0.0092184075967859,0.4709331524429593,0.207070707070707,5.773232323232323,1.944949494949495,False,False,False,True,True,False,False,False,True,False,,True,8,3,2
Mono,cellstate,50,0.75,0.01,4000,10,500,456,46,46,46,45,0.0040737460263534,0.5057090335551407,0.2202898550724637,6.320772946859903,1.9695652173913043,False,False,False,True,True,False,False,False,True,False,,True,9,3,1
Mono,cellstate,50,0.75,0.01,4000,25,100,200,85,85,68,79,0.0528428819444444,0.1379950063696193,0.0280112044817927,0.9183473389355742,2.8606442577030813,False,True,True,True,True,False,False,True,True,False,,True,16,2,2
Mono,cellstate,50,0.75,0.01,4000,25,250,500,98,98,88,97,0.0277009238855937,0.1712835575411592,0.0525983589312013,2.797811908268462,2.7683568272669894,False,True,True,True,True,False,False,True,True,False,,True,18,3,2
Mono,cellstate,50,0.75,0.01,4000,25,500,1000,100,100,97,100,0.0270479859187442,0.3097364839522925,0.101010101010101,5.985151515151515,2.2843434343434343,False,True,True,True,True,False,False,True,True,False,,True,18,6,3
Mono,cellstate,50,0.75,0.01,4000,50,500,1000,156,156,144,154,0.0503763597864092,0.1754294928733178,0.0413564929693962,3.5369313482216707,2.740281224152192,False,True,True,True,True,True,False,True,True,False,,True,22,2,2
Mono,cellstate,50,0.75,0.01,4000,50,1000,2000,154,154,148,154,0.0174014309675391,0.2568104924815939,0.0848824378236142,7.879551820728292,2.2481538069773364,False,True,True,True,True,True,False,True,True,False,,True,22,5,2
Mono,cellstate,50,0.75,0.01,4000,75,250,500,167,167,137,159,0.0784177565165952,0.0896441547181244,0.0180362167231801,1.2951807228915662,2.7850804415265853,False,True,True,True,True,True,True,True,True,False,,True,22,2,2
Mono,cellstate,50,0.75,0.01,4000,100,100,193,125,125,87,104,0.0907084653689452,0.0440126984126984,0.0124516129032258,0.1376129032258064,0.5387741935483871,False,False,True,True,True,True,True,True,True,False,,True,17,1,1
Mono,cellstate,50,0.75,0.01,4000,100,250,500,169,169,137,161,0.0825371106224468,0.0908194852372953,0.0176105945336714,1.2934277261200338,2.8767962806424343,False,True,True,True,True,True,True,True,True,False,,True,22,2,2
Mono,cellstate,50,0.75,0.01,4000,100,500,992,175,175,161,173,0.0848115731097224,0.1359337781527947,0.0325779967159277,3.0884729064039407,3.004663382594417,False,True,True,True,True,True,True,True,True,False,,True,24,3,2
Mono,cellstate,50,0.75,0.01,4000,100,1000,2000,177,177,172,177,0.065988245078663,0.2163729985955296,0.064201335387776,6.706696199280945,2.44038906009245,False,True,True,True,True,True,True,True,True,False,,True,24,9,6
Mono,cellstate,50,0.75,0.02,2000,10,100,190,39,39,39,37,0.041908393849649,0.3828965581391106,0.1282051282051282,2.586369770580297,2.541160593792173,False,False,False,False,False,False,False,False,True,False,,False,5,0,0
Mono,cellstate,50,0.75,0.02,2000,10,250,222,39,39,39,36,0.0279962252280591,0.3872470654807545,0.1497975708502024,3.142375168690958,2.1923076923076925,False,False,False,True,False,False,True,False,True,False,,True,9,1,1
Mono,cellstate,50,0.75,0.02,2000,10,500,181,37,37,37,36,0.0390809384978481,0.424486457344177,0.1358858858858858,2.6426426426426426,2.45945945945946,False,False,False,False,False,False,False,False,True,False,,False,4,0,0
Mono,cellstate,50,0.75,0.02,2000,10,1000,183,37,37,37,36,0.0362719138056975,0.4249803011783089,0.1373873873873874,2.674174174174174,2.4504504504504503,False,False,False,False,False,False,False,False,True,False,,False,4,0,0
Mono,cellstate,50,0.75,0.02,2000,25,250,500,95,95,84,94,0.0306586496624893,0.194097602060266,0.0559910414333706,2.801455767077268,2.377827547592385,False,True,True,True,True,False,True,False,True,False,,True,17,3,2
Mono,cellstate,50,0.75,0.02,2000,25,500,1000,95,95,92,94,0.0247693061224489,0.3482361571048609,0.1119820828667413,6.002351623740202,2.218701007838746,False,True,True,True,True,False,True,False,True,False,,True,17,5,4
Mono,cellstate,50,0.75,0.02,2000,50,100,200,114,114,83,98,0.0479871961805555,0.0566827422090579,0.015525539512498,0.3036019251668995,1.8010402111473374,False,True,False,True,True,True,True,False,True,False,,True,18,0,0
Mono,cellstate,50,0.75,0.02,2000,50,250,500,144,144,112,138,0.047978019209867,0.1206164935779593,0.0242812742812742,1.4271076146076147,2.895833333333333,False,True,True,True,True,True,True,False,True,False,,True,19,1,1
Mono,cellstate,50,0.75,0.02,2000,50,500,1000,148,148,136,145,0.0301982629054419,0.2064877384769538,0.0459643316786173,3.4849696635410923,2.631228166942453,False,True,True,True,True,True,True,False,True,False,,True,19,5,4
Mono,cellstate,50,0.75,0.02,2000,75,100,200,123,123,87,105,0.0730791370850579,0.0313911472448057,0.0133280021324803,0.2770891643342663,1.738571238171398,False,True,True,True,True,True,True,False,True,False,,True,20,0,0
Mono,cellstate,50,0.75,0.02,2000,75,250,500,160,160,120,153,0.0624788992947161,0.0942240781240393,0.0196540880503144,1.275314465408805,2.9531053459119496,False,True,True,True,True,True,True,False,True,False,,True,22,0,0
Mono,cellstate,50,0.75,0.02,2000,75,500,1000,169,169,150,165,0.0573153524318955,0.1851932349665315,0.0352211890673429,2.949880247957171,2.6799802761341223,False,True,True,True,True,True,True,False,True,False,,True,22,8,7
Mono,cellstate,50,0.75,0.02,2000,75,1000,2000,170,170,166,167,0.0114763322512859,0.3052985864238419,0.0696136442742777,6.246571528019492,2.3341106856943963,False,True,True,True,True,True,True,False,True,False,,True,23,9,8
Mono,cellstate,50,0.75,0.02,2000,100,100,200,125,125,87,103,0.1185845269097222,0.0412888888888888,0.0129032258064516,0.1778064516129032,0.9147741935483872,False,True,True,True,True,True,True,False,True,False,,True,20,0,0
Mono,cellstate,50,0.75,0.02,2000,100,250,500,166,166,125,155,0.0964917086711958,0.1292359344433031,0.0182548375319459,1.2593282219788244,2.8950346841913106,False,True,True,True,True,True,True,True,True,False,,True,24,1,0
Mono,cellstate,50,0.75,0.02,2000,100,500,1000,171,171,148,168,0.0778779687039647,0.1756544437042811,0.0343997248022015,2.895424836601307,2.637598899208806,False,True,True,True,True,True,True,True,True,False,,True,24,4,3
Mono,cellstate,50,0.75,0.02,2000,100,1000,2000,174,174,167,171,0.0333374889534149,0.2762295596541411,0.0664407680552787,6.096106570991961,2.369078466547073,False,True,True,True,True,True,True,True,True,False,,True,24,9,6
Mono,cellstate,50,0.75,0.02,3000,10,100,200,43,43,40,43,-0.0054741613201825,0.2605602559774926,0.1107419712070874,2.841638981173865,2.3449612403100777,False,False,False,False,False,False,False,False,True,False,,True,8,1,0
Mono,cellstate,50,0.75,0.02,3000,10,500,350,44,44,44,43,0.0006183115338882,0.4385843061832633,0.1849894291754757,4.8308668076109935,2.0739957716701904,False,False,False,False,False,False,False,False,True,False,,True,8,1,0
Mono,cellstate,50,0.75,0.02,3000,10,1000,350,44,44,44,43,0.0006183115338882,0.4369677458717893,0.1849894291754757,4.825052854122622,2.078752642706131,False,False,False,False,False,False,False,False,True,False,,True,8,1,0
Mono,cellstate,50,0.75,0.02,3000,25,100,200,86,86,71,79,0.0089554419284149,0.0775866252610438,0.027359781121751,1.038030095759234,3.685362517099864,False,True,False,True,True,False,True,False,True,False,,True,13,0,0
Mono,cellstate,50,0.75,0.02,3000,25,250,500,94,94,83,94,0.0193951170804291,0.1789655576386272,0.0571951498512926,3.052505147563487,2.500800732097918,False,True,True,True,True,False,True,False,True,False,,True,15,2,2
Mono,cellstate,50,0.75,0.02,3000,25,1000,1883,96,96,96,96,0.0041556014154799,0.4829980071411451,0.206469298245614,12.789802631578947,1.9197368421052632,False,True,True,True,True,False,True,False,True,False,,True,16,13,7
Mono,cellstate,50,0.75,0.02,3000,50,100,198,115,115,84,101,0.0539334839429208,0.0338578329882677,0.0151029748283752,0.3128146453089245,1.7382151029748285,False,True,True,True,True,False,True,False,True,False,,False,15,1,1
Mono,cellstate,50,0.75,0.02,3000,50,500,1000,154,154,139,153,0.04805505059249,0.1602211331561791,0.0424412189118071,3.625498684322214,2.636703166114931,False,True,True,True,True,False,True,True,True,False,,True,21,5,4
Mono,cellstate,50,0.75,0.02,3000,50,1000,2000,154,154,149,154,0.020236400038207,0.2782982004053601,0.0848824378236142,7.999915117562176,2.243230625583567,False,True,True,True,True,True,True,True,True,False,,True,22,11,7
Mono,cellstate,50,0.75,0.02,3000,75,100,192,121,121,81,106,0.0736062587715369,0.0335452426361517,0.0132231404958677,0.1787878787878788,0.8557851239669422,False,True,True,True,True,True,True,False,True,False,,False,15,1,1
Mono,cellstate,50,0.75,0.02,3000,75,1000,1972,176,176,170,176,0.0432123952499797,0.2284161032914086,0.064025974025974,6.7299675324675325,2.4280844155844155,False,True,True,True,True,True,True,True,True,False,,True,24,11,7
Mono,cellstate,50,0.75,0.02,3000,100,250,492,165,165,125,161,0.1203877452437574,0.065867860798342,0.0181818181818181,1.1825942350332594,2.913377679231338,False,True,True,True,True,True,True,True,True,False,,True,23,2,2
Mono,cellstate,50,0.75,0.02,3000,100,500,989,177,177,155,176,0.1096522335272408,0.1298109367114025,0.0317475603492552,2.945268361581921,2.7667565485362093,False,True,True,True,True,True,True,True,True,False,,True,24,6,4
Mono,cellstate,50,0.75,0.02,3000,100,1000,1988,177,177,171,177,0.0674237491367468,0.2116672461544581,0.0638161273754494,6.8054057524396505,2.415382639958912,False,True,True,True,True,True,True,True,True,False,,True,24,8,6
Mono,cellstate,50,0.75,0.02,4000,10,100,200,46,46,37,45,0.003096172874972,0.2208969329678712,0.0966183574879227,2.398550724637681,2.03719806763285,False,False,False,False,False,False,False,False,True,False,,True,7,1,0
Mono,cellstate,50,0.75,0.02,4000,10,250,426,46,46,46,45,-0.002041379534257,0.4736970345705634,0.2057971014492753,5.806763285024155,1.9985507246376808,False,False,False,False,False,False,False,False,True,False,,True,7,1,0
Mono,cellstate,50,0.75,0.02,4000,10,500,473,47,47,47,46,-0.008954474263321,0.5485108823274313,0.2187789084181313,6.071230342275671,1.958834412580944,False,False,False,False,True,False,False,False,True,False,,True,9,1,0
Mono,cellstate,50,0.75,0.02,4000,10,1000,425,46,46,46,45,-0.0017775829741641,0.4749548195215928,0.2053140096618357,5.779227053140096,2.0004830917874394,False,False,False,False,False,False,False,False,True,False,,True,7,1,0
Mono,cellstate,50,0.75,0.02,4000,25,100,200,90,90,72,83,0.0469844719608796,0.0564121064121063,0.0249687890137328,0.519725343320849,1.984769038701623,False,True,False,True,False,False,True,False,True,False,,False,11,1,0
Mono,cellstate,50,0.75,0.02,4000,25,250,500,98,98,87,98,0.0317286652078774,0.1727059625948356,0.0525983589312013,2.8091731537976017,2.5290342941300232,False,True,True,True,True,False,True,False,True,False,,True,15,1,1
Mono,cellstate,50,0.75,0.02,4000,25,500,1000,98,98,94,98,0.0148718762635709,0.2771063970349963,0.1051967178624027,6.515674310961498,2.214390911003577,False,True,True,True,True,False,True,False,True,False,,True,16,5,3
Mono,cellstate,50,0.75,0.02,4000,50,500,1000,162,162,144,160,0.0365244075681321,0.1422543691122852,0.0383406180507629,3.330534468215628,2.6971091173989725,False,True,True,True,True,True,True,True,True,False,,True,22,6,4
Mono,cellstate,50,0.75,0.02,4000,50,1000,2000,162,162,159,162,0.0211614003864287,0.2315704807424225,0.0766812361015259,7.6859519975462,2.381757533931447,False,True,True,True,True,True,True,True,True,False,,True,22,9,7
Mono,cellstate,50,0.75,0.02,4000,75,250,500,169,169,130,162,0.0982729105301503,0.0798680185776452,0.0176105945336714,1.168040293040293,2.840412792335869,False,True,True,True,True,True,True,True,True,False,,True,23,4,3
Mono,cellstate,50,0.75,0.02,4000,75,1000,2000,180,180,176,180,0.0530413071359728,0.1990908961530424,0.0620732464307883,6.773929236499069,2.512911235257604,False,True,True,True,True,True,True,True,True,False,,True,24,11,9
Mono,cellstate,50,0.75,0.02,4000,100,500,1000,175,175,155,173,0.113203838594057,0.1143798250497411,0.0328407224958949,3.094646962233169,2.726568144499179,False,True,True,True,True,True,True,True,True,False,,True,24,2,2
Mono,cellstate,50,0.75,0.03,2000,10,100,169,33,33,32,31,0.0610365013774104,0.5147287056377966,0.1600378787878787,2.809659090909091,2.037878787878788,False,False,False,False,False,False,False,False,True,False,,False,6,0,0
Mono,cellstate,50,0.75,0.03,2000,10,500,169,33,33,32,31,0.0601182277318641,0.5001401796856343,0.1600378787878787,2.777462121212121,2.053977272727273,False,False,False,False,False,False,False,False,True,False,,False,6,0,0
Mono,cellstate,50,0.75,0.03,2000,25,100,200,84,84,64,81,0.0546675900277008,0.107575295075295,0.0286861732644865,0.8360585197934596,2.5474756167527253,False,True,False,True,False,False,True,False,True,False,,True,12,0,0
Mono,cellstate,50,0.75,0.03,2000,25,250,500,91,91,79,88,0.026560365148717,0.2842047065066547,0.061050061050061,2.753235653235653,2.154945054945055,False,True,False,True,False,False,True,False,True,False,,True,12,0,0
Mono,cellstate,50,0.75,0.03,2000,25,500,1000,90,90,88,88,0.01295090572267,0.4728713946189419,0.1248439450686641,6.0053682896379526,2.143196004993758,False,True,False,True,False,False,True,False,True,False,,True,12,2,2
Mono,cellstate,50,0.75,0.03,2000,25,1000,1228,93,93,93,90,0.0193642592501781,0.5354368230652882,0.1435250116877045,7.0273492286115005,2.068373071528752,False,True,False,True,False,False,True,False,True,False,,True,12,3,2
Mono,cellstate,50,0.75,0.03,2000,50,100,199,110,110,81,95,0.029796332337381,0.0697470711107074,0.0165971643035863,0.464720600500417,1.9301918265221016,False,True,False,True,True,True,True,False,True,False,,True,17,0,0
Mono,cellstate,50,0.75,0.03,2000,50,250,500,139,139,109,137,0.0740918025205225,0.1391757308244804,0.026066103638828,1.65947242206235,2.7580022938171203,False,True,False,True,True,True,True,False,True,False,,True,18,1,0
Mono,cellstate,50,0.75,0.03,2000,50,1000,1909,139,139,137,138,0.003409322502693,0.4373896298219952,0.0995203836930455,7.234803461578563,2.2164007924095506,False,True,False,True,True,False,True,True,True,False,,True,18,7,4
Mono,cellstate,50,0.75,0.03,2000,75,100,200,117,117,80,105,0.0793628338614757,0.0657593593491029,0.0147362216327733,0.4297082228116711,2.2475685234305924,False,True,True,True,True,True,True,False,True,False,,True,19,2,2
Mono,cellstate,50,0.75,0.03,2000,75,250,500,149,149,120,145,0.0933876334363326,0.1086925026995275,0.0226736803918011,1.5319698893524396,3.1121440232178488,False,True,False,True,True,True,True,False,True,False,,True,19,0,0
Mono,cellstate,50,0.75,0.03,2000,100,250,500,148,148,116,143,0.1110982089774078,0.1276480939754933,0.0229821658393086,1.4702151130722558,2.860268431697003,False,True,True,True,True,True,True,True,True,False,,True,22,3,3
Mono,cellstate,50,0.75,0.03,2000,100,500,1000,157,157,140,154,0.1035359072945143,0.226327635652205,0.0408296586640535,3.1695247427731505,2.5553650171484565,False,True,True,True,True,True,True,True,True,False,,True,22,4,4
Mono,cellstate,50,0.75,0.03,2000,100,1000,2000,161,161,158,158,0.0274968096025632,0.3756894236156121,0.077639751552795,6.293711180124224,2.3449922360248445,False,True,True,True,True,True,True,True,True,False,,True,22,10,7
Mono,cellstate,50,0.75,0.03,3000,10,100,200,42,42,37,41,-0.0014532871972318,0.3279033213907164,0.1161440185830429,2.524390243902439,1.8873403019744484,False,False,False,False,False,False,False,False,True,False,,True,7,0,0
Mono,cellstate,50,0.75,0.03,3000,10,250,301,43,43,43,42,-0.0056352459016393,0.4629210072627602,0.1666666666666666,3.8881506090808418,2.182170542635659,False,False,False,False,False,False,False,False,True,False,,True,7,0,0
Mono,cellstate,50,0.75,0.03,3000,10,500,286,42,42,42,41,-0.0101384906579711,0.4567887105252737,0.1660859465737514,3.748548199767712,2.1962833914053426,False,False,False,False,False,False,False,False,True,False,,True,7,0,0
Mono,cellstate,50,0.75,0.03,3000,10,1000,301,43,43,43,42,-0.006735420585864,0.4640600402284185,0.1666666666666666,3.888704318936877,2.1805094130675524,False,False,False,False,False,False,False,False,True,False,,True,7,0,0
Mono,cellstate,50,0.75,0.03,3000,25,100,200,89,89,67,81,0.0510941828254847,0.1159823322744671,0.0255362614913176,0.5476251276813074,1.859805924412666,False,True,True,True,True,False,True,False,True,False,,True,16,2,2
Mono,cellstate,50,0.75,0.03,3000,25,250,500,97,97,85,97,0.0637996830245775,0.1925824017282955,0.0536941580756013,2.85448883161512,2.678371993127148,False,True,True,True,True,False,True,False,True,False,,True,16,3,2
Mono,cellstate,50,0.75,0.03,3000,25,500,1000,95,95,94,95,0.0414141535922496,0.3399460347415461,0.1119820828667413,6.39003359462486,2.264837625979843,False,True,True,True,True,False,True,False,True,False,,True,16,5,4
Mono,cellstate,50,0.75,0.03,3000,25,1000,1860,97,97,97,97,0.015062100805504,0.5077467331616847,0.1997422680412371,12.126610824742269,1.9286941580756007,False,True,True,True,True,False,True,False,True,False,,True,17,10,9
Mono,cellstate,50,0.75,0.03,3000,50,100,200,118,118,87,98,0.0250679040289723,0.0755626200541454,0.0144864551644212,0.3571635520788063,2.0234680573663626,False,True,True,True,True,False,True,False,True,False,,False,17,2,1
Mono,cellstate,50,0.75,0.03,3000,50,250,500,149,149,119,146,0.0362374993695234,0.1156750510135484,0.0226736803918011,1.539225467077816,2.9554688917105025,False,True,True,True,True,False,True,True,True,False,,True,22,3,2
Mono,cellstate,50,0.75,0.03,3000,50,500,1000,156,156,143,156,0.0462684105353591,0.1868547604463288,0.0413564929693962,3.5506617038875103,2.780438378825476,False,True,True,True,True,False,True,True,True,False,,True,22,4,2
Mono,cellstate,50,0.75,0.03,3000,50,1000,2000,159,159,156,159,0.0293135506029769,0.2866278799825895,0.0796114959000079,7.479738874293448,2.319799379030332,False,True,True,True,True,False,True,True,True,False,,True,22,8,5
Mono,cellstate,50,0.75,0.03,3000,75,100,192,119,119,88,94,0.0954292959787465,0.081157218132008,0.0136732659165361,0.1890044153254522,0.9424583392679106,False,True,True,True,True,True,True,False,True,False,,False,16,2,2
Mono,cellstate,50,0.75,0.03,3000,75,250,500,168,168,127,160,0.0869422381541954,0.1205525242649302,0.017821499857428,1.2665027088679783,3.01857000285144,False,True,True,True,True,True,True,True,True,False,,True,24,4,4
Mono,cellstate,50,0.75,0.03,3000,75,500,1000,172,172,157,170,0.0791277123730378,0.1575687414665974,0.0339997280021759,3.105875152998776,2.85842513259894,False,True,True,True,True,True,True,True,True,False,,True,24,6,4
Mono,cellstate,50,0.75,0.03,3000,100,100,198,125,125,94,101,0.1694771389769127,0.0524588744588744,0.012774193548387,0.2131612903225806,0.9687096774193548,False,True,True,True,True,True,True,False,True,False,,True,20,4,3
Mono,cellstate,50,0.75,0.03,3000,100,250,500,170,170,129,161,0.1505213897170237,0.1085341625734996,0.0174034110685694,1.2286112077967282,2.9719108945353288,False,True,True,True,True,True,True,True,True,False,,True,24,4,4
Mono,cellstate,50,0.75,0.03,3000,100,500,1000,174,174,157,171,0.1195585862105462,0.1551990900779343,0.0332203840276393,3.0622549996677964,2.84984386419507,False,True,True,True,True,True,True,True,True,False,,True,24,5,4
Mono,cellstate,50,0.75,0.03,4000,10,100,200,43,43,39,43,-0.0026061679307694,0.302181106627071,0.1107419712070874,2.8300110741971207,2.2148394241417497,False,False,False,False,True,False,False,False,True,False,,True,8,3,0
Mono,cellstate,50,0.75,0.03,4000,10,250,426,44,44,44,44,0.0162408304022153,0.555890948377652,0.2251585623678647,6.04862579281184,1.957188160676533,False,False,False,False,True,False,False,False,True,False,,True,8,3,0
Mono,cellstate,50,0.75,0.03,4000,10,500,428,44,44,44,44,0.0162365304735941,0.5549888687282677,0.226215644820296,6.024312896405919,1.9624735729386893,False,False,False,False,True,False,False,False,True,False,,True,8,3,0
Mono,cellstate,50,0.75,0.03,4000,10,1000,429,44,44,44,44,0.0154705721418556,0.556913855864249,0.2267441860465116,6.047568710359408,1.9577167019027484,False,False,False,False,True,False,False,False,True,False,,True,8,3,0
Mono,cellstate,50,0.75,0.03,4000,25,100,200,93,93,68,86,0.032770083102493,0.0624404269565559,0.0233754090696587,0.5935016362786348,1.8194249649368863,False,True,True,True,True,False,True,False,True,False,,False,14,2,2
Mono,cellstate,50,0.75,0.03,4000,25,250,500,99,99,87,99,0.0450158371779501,0.1743747193683356,0.0515357658214801,2.8300350443207587,2.590599876314162,False,True,True,True,True,False,True,False,True,False,,True,16,5,4
Mono,cellstate,50,0.75,0.03,4000,25,500,1000,98,98,95,98,0.0273822741394049,0.2826745528193291,0.1051967178624027,6.530822638333684,2.2279612876078265,False,True,True,True,False,False,True,False,True,False,,True,15,10,7
Mono,cellstate,50,0.75,0.03,4000,25,1000,2000,99,99,99,99,0.0130508426697326,0.4732275146752074,0.2061430632859204,13.699237270665842,1.8843537414965987,False,True,True,True,True,False,True,False,True,False,,True,16,12,7
Mono,cellstate,50,0.75,0.03,4000,50,100,197,117,117,84,101,0.0238033298647242,0.0458110265802573,0.0145151783082817,0.1872236958443855,0.9121721190686708,False,True,True,True,True,False,True,False,True,False,,False,18,1,1
Mono,cellstate,50,0.75,0.03,4000,50,250,500,155,155,122,151,0.0606224494812921,0.0845636290537917,0.0209467951403435,1.4297863426895685,2.963217427733557,False,True,True,True,True,False,True,True,True,False,,True,22,2,2
Mono,cellstate,50,0.75,0.03,4000,50,500,1000,156,156,144,155,0.0617294244970121,0.1627722289909977,0.0413564929693962,3.6009925558312657,2.788254755996692,False,True,True,True,True,False,True,True,True,False,,True,22,5,3
Mono,cellstate,50,0.75,0.03,4000,50,1000,2000,156,156,152,156,0.0319643692748749,0.2426069927075561,0.0827129859387924,8.116873449131514,2.2733250620347394,False,True,True,True,True,False,True,True,True,False,,True,22,10,6
Mono,cellstate,50,0.75,0.03,4000,75,100,198,135,135,91,117,0.1374688193854335,0.0226984126984127,0.0109452736318407,0.1809839690436705,1.0213377556661138,False,True,True,True,True,True,True,False,True,False,,False,20,1,0
Mono,cellstate,50,0.75,0.03,4000,75,1000,2000,177,177,172,177,0.0517100927264722,0.2043051550226342,0.064201335387776,6.926168464304057,2.444594247560349,False,True,True,True,True,True,True,True,True,False,,True,24,12,8
Mono,cellstate,50,0.75,0.03,4000,100,100,195,129,129,81,110,0.1545843450109839,0.0322226008272519,0.0118095930232558,0.1187621124031007,0.4880692829457364,False,True,True,True,True,True,True,False,True,False,,False,19,1,1
Mono,cellstate,50,0.75,0.03,4000,100,250,500,174,174,136,164,0.1725547425680175,0.076745856146945,0.0166101920138196,1.1847385555777026,2.9713972493522025,False,True,True,True,True,True,True,True,True,False,,True,24,4,3
Mono,cellstate,50,0.75,0.03,4000,100,500,1000,177,177,158,177,0.1502228633804327,0.1360385472773776,0.032100667693888,3.037300975860298,2.844087057010786,False,True,True,True,True,True,True,True,True,False,,True,24,6,5
Mono,cellstate,50,0.75,0.03,4000,100,1000,2000,178,178,172,178,0.1079000041789371,0.2070153538007658,0.0634799720688122,6.9375357074842885,2.4248714530565607,False,True,True,True,True,True,True,True,True,False,,True,24,11,7
Mono,cellstate,50,0.9,0.005,2000,10,100,200,45,45,39,40,0.0130460189919649,0.3489226350991056,0.101010101010101,2.144949494949495,1.7656565656565657,False,True,False,True,True,False,False,False,True,False,,True,10,3,2
Mono,cellstate,50,0.9,0.005,2000,10,250,267,45,45,43,40,0.00875,0.4318700228593889,0.1348484848484848,3.0085858585858585,1.7969696969696969,False,True,False,True,True,False,False,False,True,False,,True,10,4,3
Mono,cellstate,50,0.9,0.005,2000,10,500,296,44,44,43,39,0.0067013109026585,0.4885316600402443,0.1564482029598308,3.691860465116279,1.964059196617336,False,True,False,True,True,False,True,False,True,False,,True,11,4,3
Mono,cellstate,50,0.9,0.005,2000,10,1000,267,45,45,43,40,0.00875,0.4318700228593889,0.1348484848484848,3.0085858585858585,1.7969696969696969,False,True,False,True,True,False,False,False,True,False,,True,10,4,3
Mono,cellstate,50,0.9,0.005,2000,25,100,199,79,79,61,75,0.0589849108367626,0.1028703327171015,0.0322947095098993,0.8842908146705615,1.942388834793898,False,True,True,True,True,False,True,True,True,False,,True,15,0,0
Mono,cellstate,50,0.9,0.005,2000,25,500,1000,92,92,89,89,0.0201371565102059,0.383480958883191,0.1194457716196846,5.847706641184902,2.1884854276158623,False,True,True,True,True,False,True,True,True,False,,True,17,4,3
Mono,cellstate,50,0.9,0.005,2000,25,1000,1214,92,92,90,89,0.0126165572435216,0.4222434663162362,0.1450071667462971,7.2317247969421885,2.144887720974677,False,True,True,True,True,False,False,True,True,False,,True,16,6,4
Mono,cellstate,50,0.9,0.005,2000,50,100,200,121,121,82,106,0.0649007161458333,0.0631720896183706,0.0137741046831955,0.4086776859504132,2.1424242424242426,False,True,True,True,True,True,True,True,True,False,,True,21,1,1
Mono,cellstate,50,0.9,0.005,2000,50,250,500,142,142,116,138,0.0556542936288088,0.1157576118447604,0.0249725302167615,1.545250224752772,2.627110178803316,False,True,True,True,True,True,True,True,True,False,,True,22,1,1
Mono,cellstate,50,0.9,0.005,2000,50,500,1000,144,144,132,141,0.0395372185568127,0.2112938621184692,0.0485625485625485,3.531419968919969,2.5094211344211343,False,True,True,True,True,True,True,True,True,False,,True,22,3,2
Mono,cellstate,50,0.9,0.005,2000,75,250,500,156,156,120,150,0.0507776640067792,0.0912732240882373,0.0206782464846981,1.2999586435070305,2.4924317617866003,False,True,True,True,True,True,True,True,True,False,,True,23,1,1
Mono,cellstate,50,0.9,0.005,2000,75,1000,2000,162,162,160,159,0.0292633455282507,0.3085295511200526,0.0766812361015259,6.477148991641745,2.4482018250134194,False,True,True,True,True,True,True,True,True,False,,True,23,6,5
Mono,cellstate,50,0.9,0.005,2000,100,100,199,127,127,84,110,0.080078125,0.0614622035881878,0.0124359455068116,0.2981502312210973,1.4358205224346956,False,True,True,True,True,True,True,True,True,False,,True,21,1,1
Mono,cellstate,50,0.9,0.005,2000,100,250,500,161,161,119,154,0.0634709766259445,0.0958381730537851,0.0194099378881987,1.2037267080745342,2.4277950310559007,False,True,True,True,True,True,True,True,True,False,,True,23,1,1
Mono,cellstate,50,0.9,0.005,2000,100,500,1000,164,164,143,160,0.0590820291039823,0.1921391223326057,0.0374083495436181,2.8807047733054016,2.524689510698788,False,True,True,True,True,True,True,True,True,False,,True,23,3,2
Mono,cellstate,50,0.9,0.005,3000,10,100,200,46,46,42,42,0.0131044558071585,0.339020580868407,0.0966183574879227,2.314975845410628,2.2821256038647344,False,True,False,True,True,False,False,False,True,False,,True,10,3,2
Mono,cellstate,50,0.9,0.005,3000,10,500,328,45,45,44,40,-0.0047350580670712,0.480424490783968,0.1656565656565656,4.055555555555555,1.92020202020202,False,True,False,True,True,False,True,False,True,False,,True,11,4,3
Mono,cellstate,50,0.9,0.005,3000,10,1000,328,45,45,44,40,-0.0047350580670712,0.480424490783968,0.1656565656565656,4.055555555555555,1.92020202020202,False,True,False,True,True,False,True,False,True,False,,True,11,4,3
Mono,cellstate,50,0.9,0.005,3000,25,100,200,90,90,65,84,0.0856312868539715,0.0915597365597365,0.0249687890137328,0.8313358302122347,2.3295880149812733,False,True,True,True,True,False,False,True,True,False,,True,15,0,0
Mono,cellstate,50,0.9,0.005,3000,25,250,500,92,92,82,90,0.0320809394329837,0.2332325653044419,0.0597228858098423,2.789655996177735,2.3450788342092688,False,True,True,True,True,False,True,True,True,False,,True,17,1,1
Mono,cellstate,50,0.9,0.005,3000,25,1000,1413,92,92,91,90,0.0032027724561568,0.4762988864195472,0.1687768752986144,8.774605828953655,2.0550645007166746,False,True,True,True,True,False,True,True,True,False,,True,17,6,4
Mono,cellstate,50,0.9,0.005,3000,50,100,199,117,117,85,101,0.1438259548611111,0.0578289232135385,0.0146625405246094,0.4867374005305039,2.6012378426171527,False,True,True,True,True,True,False,True,True,False,,True,19,1,1
Mono,cellstate,50,0.9,0.005,3000,50,500,1000,142,142,131,138,0.0543470001653786,0.1763364514897149,0.0499450604335231,3.6832983717910297,2.5790130856058338,False,True,True,True,True,True,False,True,True,False,,True,20,2,1
Mono,cellstate,50,0.9,0.005,3000,75,100,200,125,125,85,104,0.0779174194919757,0.075018315018315,0.0129032258064516,0.298516129032258,1.1705806451612903,False,True,True,True,True,True,True,True,True,False,,True,19,1,1
Mono,cellstate,50,0.9,0.005,3000,75,250,500,154,154,121,144,0.0301333768801638,0.1132452787860648,0.0212206094559035,1.3693234869705455,2.5110347169170697,False,True,True,True,True,True,True,True,True,False,,True,22,1,1
Mono,cellstate,50,0.9,0.005,3000,75,500,1000,164,164,146,158,0.034042822515187,0.1617352459562894,0.0374083495436181,2.9133622624569804,2.587049229387999,False,True,True,True,True,True,True,True,True,False,,True,23,2,1
Mono,cellstate,50,0.9,0.005,3000,75,1000,2000,163,163,160,160,0.0246105904945413,0.2932210845961507,0.0757403620389305,6.5630538513974095,2.403771870029539,False,True,True,True,True,True,True,True,True,False,,True,23,6,5
Mono,cellstate,50,0.9,0.005,3000,100,100,198,123,123,85,103,0.0579362880886426,0.0445218737901664,0.0131947221111555,0.3822471011595362,2.1925229908036785,False,True,True,True,True,True,True,True,True,False,,True,20,1,1
Mono,cellstate,50,0.9,0.005,3000,100,250,500,154,154,121,144,0.0457285855518678,0.1119429131515496,0.0212206094559035,1.379806468041762,2.513326542738308,False,True,True,True,True,True,True,True,True,False,,True,22,1,1
Mono,cellstate,50,0.9,0.005,3000,100,500,1000,165,165,143,159,0.0427780376182688,0.1802119231975907,0.0369549150036954,2.8454915003695493,2.5251293422025127,False,True,True,True,True,True,True,True,True,False,,True,23,2,2
Mono,cellstate,50,0.9,0.005,4000,10,100,200,45,45,40,40,0.0354690027776929,0.305130429712473,0.101010101010101,2.361111111111111,2.0106060606060607,False,True,False,True,True,False,True,False,True,False,,True,11,2,1
Mono,cellstate,50,0.9,0.005,4000,10,250,333,45,45,44,40,-0.0053529035792549,0.4821566649248345,0.1681818181818181,4.106565656565657,1.901010101010101,False,True,False,True,True,False,True,False,True,False,,True,11,4,3
Mono,cellstate,50,0.9,0.005,4000,10,1000,312,47,47,45,43,0.0043090181594336,0.4236049909513449,0.1443108233117483,3.593894542090657,2.0679925994449584,False,True,False,True,True,False,False,False,True,False,,True,10,4,3
Mono,cellstate,50,0.9,0.005,4000,25,500,1000,92,92,88,89,0.0249545824830443,0.3414593609162687,0.1194457716196846,6.142618251313904,2.1532489249880555,False,True,True,True,True,False,False,True,True,False,,True,16,5,4
Mono,cellstate,50,0.9,0.005,4000,25,1000,1338,90,90,89,88,0.0083307203377082,0.4649501552345501,0.1670411985018726,8.485892634207241,2.0692883895131087,False,True,True,True,True,False,False,True,True,False,,True,16,6,4
Mono,cellstate,50,0.9,0.005,4000,50,100,200,120,120,83,101,0.0682325433095971,0.0911198292448292,0.0140056022408963,0.3140056022408963,1.1179971988795518,False,True,True,True,True,True,True,True,True,False,,True,20,1,1
Mono,cellstate,50,0.9,0.005,4000,50,250,500,140,140,113,136,0.0865551246537396,0.1170292840963282,0.0256937307297019,1.5869475847893113,2.639311408016444,False,True,True,True,True,True,False,True,True,False,,True,20,1,1
Mono,cellstate,50,0.9,0.005,4000,50,500,1000,142,142,132,139,0.0537981856865843,0.1845899733521944,0.0499450604335231,3.690540405553891,2.647537708520628,False,True,True,True,True,True,False,True,True,False,,True,20,1,1
Mono,cellstate,50,0.9,0.005,4000,50,1000,2000,143,143,141,141,0.0202193657835983,0.3347096764426586,0.0984930562395351,7.820841130700286,2.2727765192553924,False,True,True,True,True,True,True,True,True,False,,True,22,6,5
Mono,cellstate,50,0.9,0.005,4000,75,250,500,156,156,121,146,0.0359915792790742,0.1166405878619352,0.0206782464846981,1.3172456575682383,2.479942100909843,False,True,True,True,True,True,True,True,True,False,,True,23,1,1
Mono,cellstate,50,0.9,0.005,4000,75,500,1000,164,164,146,160,0.0318557240170426,0.1741056890911103,0.0374083495436181,2.977330540176568,2.7105715995810264,False,True,True,True,True,True,True,True,True,False,,True,23,1,1
Mono,cellstate,50,0.9,0.005,4000,100,100,200,125,125,86,105,0.07471569773621,0.079863492063492,0.0129032258064516,0.3534838709677419,1.560258064516129,False,True,True,True,True,True,True,True,True,False,,True,20,1,1
Mono,cellstate,50,0.9,0.005,4000,100,250,500,155,155,120,146,0.0450447296090754,0.1156730299587878,0.0209467951403435,1.3280268118977796,2.476288227901131,False,True,True,True,True,True,True,True,True,False,,True,23,1,1
Mono,cellstate,50,0.9,0.005,4000,100,500,1000,166,166,146,162,0.0399170837937621,0.1676752402459373,0.0365096750638919,2.8890470974808324,2.69061701350858,False,True,True,True,True,True,True,True,True,False,,True,23,1,1
Mono,cellstate,50,0.9,0.005,4000,100,1000,2000,165,165,161,163,0.0321279963976387,0.288967130301588,0.0739098300073909,6.442461197339246,2.3644863266814484,False,True,True,True,True,True,True,True,True,False,,True,23,6,5
Mono,cellstate,50,0.9,0.01,2000,10,100,200,44,44,40,42,-0.0178718598333384,0.311010644178038,0.1057082452431289,2.708245243128964,2.1347780126849893,False,False,False,True,True,False,True,False,True,False,,True,10,0,0
Mono,cellstate,50,0.9,0.01,2000,10,500,339,45,45,45,43,-0.0070956621660442,0.4600590809923605,0.1712121212121212,4.4914141414141415,2.0707070707070705,False,False,False,True,True,False,True,False,True,False,,True,10,3,2
Mono,cellstate,50,0.9,0.01,2000,10,1000,339,45,45,45,43,-0.0070439528871014,0.4607530669133995,0.1712121212121212,4.480808080808081,2.071717171717172,False,False,False,True,True,False,True,False,True,False,,True,10,3,2
Mono,cellstate,50,0.9,0.01,2000,25,250,500,96,96,82,93,0.0216528955423028,0.2190215234728996,0.0548245614035087,2.622697368421053,2.252960526315789,False,True,True,True,True,False,True,True,True,False,,True,17,2,1
Mono,cellstate,50,0.9,0.01,2000,50,100,198,117,117,75,97,0.0145775725522832,0.0929860737553045,0.0145888594164456,0.3950044208664898,1.83841732979664,False,True,True,True,True,True,True,True,True,False,,False,20,2,2
Mono,cellstate,50,0.9,0.01,2000,50,250,500,143,143,112,141,0.0298903763404139,0.1188598562314888,0.0246232640598837,1.6048458583669851,2.622623855018221,False,True,True,True,True,True,True,True,True,False,,True,21,2,2
Mono,cellstate,50,0.9,0.01,2000,50,500,1000,150,150,133,149,0.024257134957656,0.1749891468574906,0.0447427293064877,3.5715883668903805,2.554586129753915,False,True,True,True,True,True,True,True,True,False,,True,22,5,2
Mono,cellstate,50,0.9,0.01,2000,75,100,194,120,120,81,99,0.0395064199719751,0.0544191456691456,0.0135854341736694,0.2296218487394958,0.975,False,True,True,True,True,True,True,True,True,False,,False,20,2,2
Mono,cellstate,50,0.9,0.01,2000,75,250,495,158,158,127,151,0.0557561259798036,0.1044494194530998,0.0199548496331532,1.3824477948883334,2.6173909538014994,False,True,True,True,True,True,True,True,True,False,,True,22,2,2
Mono,cellstate,50,0.9,0.01,2000,75,500,991,167,167,146,165,0.0483958936135998,0.1578195027788267,0.035747781545343,2.9624846692157853,2.611752398816824,False,True,True,True,True,True,True,True,True,False,,True,23,4,2
Mono,cellstate,50,0.9,0.01,2000,75,1000,1978,170,170,165,169,0.0215756891067591,0.2506832225215277,0.0688478941872607,6.543647754959972,2.4484859032370343,False,True,True,True,True,True,True,True,True,False,,True,23,8,6
Mono,cellstate,50,0.9,0.01,2000,100,100,194,119,119,79,98,0.0399219103666817,0.0672147180550541,0.0138156957698333,0.22746047571571,0.9661729098419028,False,True,True,True,True,True,True,True,True,False,,False,19,2,2
Mono,cellstate,50,0.9,0.01,2000,100,250,495,158,158,126,153,0.0675191135734072,0.1189131215054682,0.0199548496331532,1.394904458598726,2.624042570345884,False,True,True,True,True,True,True,True,True,False,,True,22,2,2
Mono,cellstate,50,0.9,0.01,2000,100,500,1000,170,170,149,169,0.0714422561326743,0.1519897065110888,0.0348068221371388,3.0162199791159066,2.632335537765402,False,True,True,True,True,True,True,True,True,False,,True,23,6,3
Mono,cellstate,50,0.9,0.01,2000,100,1000,2000,171,171,167,170,0.0510170338213876,0.245023072117378,0.0687994496044031,6.651805985552116,2.445338837289302,False,True,True,True,True,True,True,True,True,False,,True,23,9,6
Mono,cellstate,50,0.9,0.01,3000,10,250,393,45,45,45,44,0.0037551020408163,0.5264767853313094,0.1984848484848485,5.336868686868687,2.0202020202020203,False,False,False,True,True,False,True,False,True,False,,True,9,3,2
Mono,cellstate,50,0.9,0.01,3000,10,500,392,45,45,45,44,0.0037551020408163,0.5264767853313094,0.1979797979797979,5.303535353535353,2.025252525252525,False,False,False,True,True,False,True,False,True,False,,True,9,3,2
Mono,cellstate,50,0.9,0.01,3000,10,1000,392,45,45,45,44,0.0037551020408163,0.5264767853313094,0.1979797979797979,5.303535353535353,2.025252525252525,False,False,False,True,True,False,True,False,True,False,,True,9,3,2
Mono,cellstate,50,0.9,0.01,3000,25,100,200,87,87,68,82,0.0742243767313019,0.1118510480579445,0.0267308206361935,0.8811815022721198,2.430633520449078,False,True,True,True,True,False,True,True,True,False,,True,15,1,1
Mono,cellstate,50,0.9,0.01,3000,25,500,1000,97,97,96,97,0.0030062618147448,0.3032739610287662,0.1073883161512027,6.442439862542956,2.309922680412371,False,True,True,True,True,False,True,True,True,False,,True,17,5,2
Mono,cellstate,50,0.9,0.01,3000,25,1000,1825,97,97,97,97,-0.012384206845745,0.4967685656240556,0.195983676975945,11.845790378006871,1.9847508591065293,False,True,True,True,True,False,True,True,True,False,,True,17,9,5
Mono,cellstate,50,0.9,0.01,3000,50,1000,2000,155,155,154,155,0.0220904628561642,0.2667732593800596,0.0837871805613741,7.802136573104315,2.3680770842061163,False,True,True,True,True,True,True,True,True,False,,True,22,5,2
Mono,cellstate,50,0.9,0.01,3000,75,100,197,126,126,86,104,0.0802408854166666,0.0555675805675805,0.0125079365079365,0.2109206349206349,0.9841904761904762,False,True,True,True,True,True,True,True,True,False,,False,19,2,2
Mono,cellstate,50,0.9,0.01,3000,75,250,499,163,163,128,158,0.0752253944402704,0.1192984761809389,0.0188972203287131,1.2500189350905098,2.6383397712641066,False,True,True,True,True,True,True,True,True,False,,True,22,2,2
Mono,cellstate,50,0.9,0.01,3000,75,1000,2000,171,171,167,171,0.0383649867826817,0.2358532423624786,0.0687994496044031,6.977880976952185,2.447265221878225,False,True,True,True,True,True,True,True,True,False,,True,23,7,4
Mono,cellstate,50,0.9,0.01,3000,100,100,196,129,129,86,106,0.0621830541925933,0.0550874190409074,0.0118701550387596,0.1923449612403101,0.8883236434108527,False,True,True,True,True,True,True,True,True,False,,False,19,2,2
Mono,cellstate,50,0.9,0.01,3000,100,250,499,165,165,129,160,0.0913658561573663,0.1151103371629198,0.018440502586844,1.237250554323725,2.644308943089431,False,True,True,True,True,True,True,True,True,False,,True,22,2,2
Mono,cellstate,50,0.9,0.01,3000,100,500,1000,171,171,152,171,0.0758014749302428,0.1592553393329879,0.0343997248022015,2.940247678018576,2.5700378396972825,False,True,True,True,True,True,True,True,True,False,,True,22,5,3
Mono,cellstate,50,0.9,0.01,3000,100,1000,2000,172,172,168,172,0.0517434056844784,0.2387271851782277,0.0679994560043519,6.740582075343397,2.4589283285733714,False,True,True,True,True,True,True,True,True,False,,True,23,9,6
Mono,cellstate,50,0.9,0.01,4000,10,250,409,45,45,45,44,0.0104984301412872,0.5174438442792904,0.2065656565656565,5.544444444444444,2.0090909090909093,False,False,False,True,True,False,True,False,True,False,,True,9,3,2
Mono,cellstate,50,0.9,0.01,4000,10,1000,397,46,46,46,44,0.0149208492875284,0.4605976619624131,0.1917874396135265,5.285507246376811,2.01256038647343,False,False,False,True,True,False,False,False,True,False,,True,8,3,2
Mono,cellstate,50,0.9,0.01,4000,25,100,200,88,88,66,81,0.0721028645833333,0.0851812570228345,0.0261233019853709,0.837251828631139,2.391065830721004,False,True,True,True,True,False,False,True,True,False,,True,17,2,2
Mono,cellstate,50,0.9,0.01,4000,50,100,198,119,119,80,100,0.0570331597406738,0.0794429193588857,0.0141005554764278,0.3015952143569292,1.4589802022503915,False,True,True,True,True,True,True,True,True,False,,True,21,2,2
Mono,cellstate,50,0.9,0.01,4000,50,250,500,149,149,120,146,0.04712890625,0.102163492254131,0.0226736803918011,1.5588155269363324,2.825730092508616,False,True,True,True,True,True,False,True,True,False,,True,21,2,2
Mono,cellstate,50,0.9,0.01,4000,50,500,1000,153,153,137,152,0.0444326118572249,0.1735407472088455,0.0429996560027519,3.520983832129343,2.548503611971104,False,True,True,True,True,True,False,True,True,False,,True,21,4,2
Mono,cellstate,50,0.9,0.01,4000,50,1000,2000,153,153,148,153,0.0264435642998083,0.2844020652930498,0.0859993120055039,7.682361541107671,2.277691778465772,False,True,True,True,True,True,True,True,True,False,,True,22,6,3
Mono,cellstate,50,0.9,0.01,4000,75,100,197,129,129,85,109,0.0760574981400786,0.0235849637012427,0.0119307170542635,0.3247335271317829,1.5672238372093024,False,True,True,True,True,True,True,True,True,False,,True,20,2,2
Mono,cellstate,50,0.9,0.01,4000,75,500,991,169,169,151,168,0.0750960455323593,0.1476304083290885,0.0349041983657368,3.0994646379261765,2.725838264299803,False,True,True,True,True,True,True,True,True,False,,True,23,3,2
Mono,cellstate,50,0.9,0.01,4000,75,1000,1979,170,170,162,170,0.0502854552796426,0.2375358123503761,0.0688827010093978,6.723111729899061,2.3545074834667594,False,True,True,True,True,True,True,True,True,False,,True,23,8,6
Mono,cellstate,50,0.9,0.01,4000,100,100,197,128,128,88,104,0.0853714193669628,0.0487362463924963,0.0121186023622047,0.3034571850393701,1.572896161417323,False,True,True,True,True,True,True,True,True,False,,True,19,2,2
Mono,cellstate,50,0.9,0.01,4000,100,250,495,163,163,133,155,0.081965650969529,0.1053235270427181,0.0187457396046353,1.3083011436794667,2.8993031886692417,False,True,True,True,True,True,True,True,True,False,,True,22,2,2
Mono,cellstate,50,0.9,0.01,4000,100,500,991,170,170,151,169,0.0903152617005839,0.1494384008214234,0.0344935607379046,3.0846849982596587,2.7084580577793247,False,True,True,True,True,True,True,True,True,False,,True,23,3,2
Mono,cellstate,50,0.9,0.01,4000,100,1000,1980,171,171,164,171,0.0511507472337457,0.2324845873345749,0.0681114551083591,6.7099415204678365,2.386515307877537,False,True,True,True,True,True,True,True,True,False,,True,23,7,5
Mono,cellstate,50,0.9,0.02,2000,10,100,200,45,45,41,42,0.0284686276985229,0.3205487649605296,0.101010101010101,2.432828282828283,2.201010101010101,False,False,False,True,False,False,False,False,True,False,,True,8,1,0
Mono,cellstate,50,0.9,0.02,2000,10,500,303,44,44,44,42,0.0387289287443953,0.4381188359029651,0.1601479915433404,3.738372093023256,2.1627906976744184,False,False,False,True,False,False,False,False,True,False,,True,8,2,0
Mono,cellstate,50,0.9,0.02,2000,10,1000,233,39,39,39,38,0.0054867679880964,0.4087004851809102,0.1572199730094467,3.624831309041835,2.239541160593792,False,False,False,False,True,False,False,False,True,False,,False,5,0,0
Mono,cellstate,50,0.9,0.02,2000,25,100,199,86,86,66,81,0.0811453146220009,0.0929259371119836,0.0272229822161422,0.8678522571819426,2.5350205198358413,False,True,False,True,False,False,True,True,True,False,,False,12,0,0
Mono,cellstate,50,0.9,0.02,2000,25,250,500,97,97,80,97,0.0560053611288265,0.2316084765652286,0.0536941580756013,2.6553908934707904,2.316365979381444,False,True,True,True,True,False,True,False,True,False,,True,15,4,4
Mono,cellstate,50,0.9,0.02,2000,25,500,1000,97,97,94,97,0.0376152728233584,0.3305602262286952,0.1073883161512027,6.237006013745704,2.2148840206185567,False,True,True,True,True,False,True,False,True,False,,True,15,7,5
Mono,cellstate,50,0.9,0.02,2000,50,100,199,121,121,86,99,0.0503065321180555,0.0777282864059723,0.0137052341597796,0.2639118457300275,1.2081955922865013,False,True,False,True,True,True,True,False,True,False,,True,17,0,0
Mono,cellstate,50,0.9,0.02,2000,50,500,1000,153,153,139,152,0.0552576263233245,0.1943517757775701,0.0429996560027519,3.4848211214310285,2.6986154110767115,False,True,True,True,True,True,True,True,True,False,,True,21,3,3
Mono,cellstate,50,0.9,0.02,2000,50,1000,2000,153,153,148,153,0.0197432392982792,0.332604968456086,0.0859993120055039,7.542225662194703,2.245829033367733,False,True,True,True,True,True,True,True,True,False,,True,21,6,4
Mono,cellstate,50,0.9,0.02,2000,75,100,199,127,127,88,99,0.0603677542966627,0.018409630614355,0.0124359455068116,0.2236595425571803,1.1168603924509437,False,True,False,True,True,True,True,False,True,False,,True,15,0,0
Mono,cellstate,50,0.9,0.02,2000,75,1000,2000,170,170,166,168,0.047131719222177,0.2779458215320385,0.0696136442742777,6.658127392969022,2.388792203271841,False,True,True,True,True,True,True,True,True,False,,True,23,11,9
Mono,cellstate,50,0.9,0.02,2000,100,100,199,127,127,88,100,0.0726214647259001,0.0189345649975571,0.0124359455068116,0.2249093863267091,1.1060492438445195,False,True,False,True,True,True,True,False,True,False,,True,15,0,0
Mono,cellstate,50,0.9,0.02,3000,10,250,362,43,43,43,41,0.0021239747737149,0.4991355620457109,0.2004429678848283,5.28405315614618,1.9346622369878184,False,False,False,False,True,False,False,False,True,False,,False,6,0,0
Mono,cellstate,50,0.9,0.02,3000,10,500,402,45,45,45,44,0.0055037832805469,0.4961559076481975,0.203030303030303,5.47020202020202,2.0388888888888888,False,False,False,True,True,False,False,False,True,False,,True,9,5,2
Mono,cellstate,50,0.9,0.02,3000,25,500,1000,98,98,93,98,0.0361378489415418,0.2970631417241208,0.1051967178624027,6.3257942352198615,2.179465600673259,False,True,True,True,True,False,True,False,True,False,,True,15,8,6
Mono,cellstate,50,0.9,0.02,3000,25,1000,1936,97,97,97,97,0.0017206478860373,0.4979660829617151,0.2079037800687285,13.04553264604811,1.91870704467354,False,True,True,True,True,False,True,False,True,False,,True,15,9,5
Mono,cellstate,50,0.9,0.02,3000,50,100,199,114,114,83,99,0.0609788166544923,0.0963643568906726,0.0154479118149355,0.188091911193914,0.6890234435646638,False,True,False,True,True,True,True,True,True,False,,True,17,0,0
Mono,cellstate,50,0.9,0.02,3000,50,250,500,147,147,115,141,0.0428107219001559,0.0951141584394885,0.0232969900288882,1.4804305283757335,2.682462025906253,False,True,True,True,True,True,True,True,True,False,,True,20,2,2
Mono,cellstate,50,0.9,0.02,3000,50,500,1000,152,152,135,152,0.0468977176669484,0.1513617524898495,0.043569187870338,3.516512722202858,2.637068665040084,False,True,True,True,True,True,True,True,True,False,,True,20,5,3
Mono,cellstate,50,0.9,0.02,3000,50,1000,2000,153,153,150,153,0.0313952537117606,0.2715794365165829,0.0859993120055039,8.01375988992088,2.283410732714138,False,True,True,True,True,True,True,True,True,False,,True,21,9,6
Mono,cellstate,50,0.9,0.02,3000,75,100,198,121,121,87,100,0.0872223534971644,0.1073160998780833,0.0136363636363636,0.1314738292011019,0.4774104683195592,False,True,True,True,True,True,True,True,True,False,,False,17,1,1
Mono,cellstate,50,0.9,0.02,3000,75,500,1000,167,167,149,167,0.0723763697176364,0.1447016971869205,0.0360724334463602,3.245905778803838,2.759649375946901,False,True,True,True,True,True,True,True,True,False,,True,23,2,2
Mono,cellstate,50,0.9,0.02,3000,100,100,197,119,119,86,99,0.0898503986383588,0.0863466598760716,0.0140293405497792,0.1827375017803731,0.7160660874519299,False,True,True,True,True,True,True,True,True,False,,False,17,1,1
Mono,cellstate,50,0.9,0.02,3000,100,1000,2000,175,175,170,175,0.071230273801166,0.2329146465290616,0.0656814449917898,6.697372742200328,2.4373399014778325,False,True,True,True,True,True,True,True,True,False,,True,23,10,8
Mono,cellstate,50,0.9,0.02,4000,10,100,200,46,46,39,45,0.0391109245867768,0.2605594533343894,0.0966183574879227,2.46183574879227,2.0584541062801933,False,False,False,True,True,False,False,False,True,False,,True,9,0,0
Mono,cellstate,50,0.9,0.02,4000,25,100,200,89,89,68,80,0.1307810151462597,0.1126385474700081,0.0255362614913176,0.6525791624106231,2.0105975485188967,False,True,True,True,True,False,True,True,True,False,,True,15,1,1
Mono,cellstate,50,0.9,0.02,4000,25,250,500,97,97,87,96,0.063227694102033,0.162952520004391,0.0536941580756013,2.9070017182130585,2.7599871134020617,False,True,True,True,True,False,True,False,True,False,,True,15,3,2
Mono,cellstate,50,0.9,0.02,4000,25,500,1000,98,98,97,98,0.032119216764633,0.2925128364379356,0.1051967178624027,6.649589732800337,2.284136334946349,False,True,True,True,True,False,True,True,True,False,,True,16,3,1
Mono,cellstate,50,0.9,0.02,4000,25,1000,2000,98,98,98,98,0.008610444469141,0.4902685699669289,0.2103934357248054,13.760993057016622,1.896486429623396,False,True,True,True,True,False,True,True,True,False,,True,16,7,4
Mono,cellstate,50,0.9,0.02,4000,50,100,199,117,117,85,90,0.020965368945224,0.1035945061586087,0.0146625405246094,0.1660772178013557,0.6982021809608017,False,True,False,True,True,True,True,True,True,False,,True,18,1,1
Mono,cellstate,50,0.9,0.02,4000,50,250,499,144,144,114,142,0.0472609552579712,0.1009679760106017,0.0242327117327117,1.5781857031857032,2.912635975135975,False,True,True,True,True,True,True,True,True,False,,True,20,2,2
Mono,cellstate,50,0.9,0.02,4000,50,500,1000,153,153,135,151,0.031872329147106,0.1520397081940789,0.0429996560027519,3.4656002751977986,2.494969040247678,False,True,True,True,True,True,True,True,True,False,,True,21,4,3
Mono,cellstate,50,0.9,0.02,4000,50,1000,2000,153,153,151,153,0.031597988579093,0.2581826051090052,0.0859993120055039,8.157593739250085,2.310371517027864,False,True,True,True,True,True,True,True,True,False,,True,21,7,5
Mono,cellstate,50,0.9,0.02,4000,75,100,198,129,129,89,102,0.0835219556360344,0.0680381203637017,0.0119912790697674,0.1322068798449612,0.5890261627906976,False,True,True,True,True,True,True,False,True,False,,True,18,2,2
Mono,cellstate,50,0.9,0.02,4000,75,250,500,161,161,129,154,0.0936512477148693,0.0990422843912065,0.0194099378881987,1.3189829192546585,2.978493788819876,False,True,True,True,True,True,True,True,True,False,,True,22,2,2
Mono,cellstate,50,0.9,0.02,4000,75,500,1000,171,171,147,169,0.0826044536747493,0.1322288921728249,0.0343997248022015,2.961988304093567,2.630202958376333,False,True,True,True,True,True,True,True,True,False,,True,23,4,3
Mono,cellstate,50,0.9,0.02,4000,100,250,500,165,165,125,159,0.1077451233214831,0.1092024467247283,0.0184774575018477,1.1851810790835182,3.229674796747968,False,True,True,True,True,True,True,True,True,False,,True,22,3,2
Mono,cellstate,50,0.9,0.02,4000,100,500,1000,174,174,149,173,0.1182041807282099,0.1252480568802165,0.0332203840276393,2.8724005049498373,2.6019865789648526,False,True,True,True,True,True,True,True,True,False,,True,22,4,3
Mono,cellstate,50,0.9,0.03,2000,10,250,332,42,42,42,41,0.0002422160567226,0.5963185032753123,0.1927990708478513,4.517421602787456,2.0801393728223,False,False,False,True,True,False,False,False,True,False,,True,8,2,2
Mono,cellstate,50,0.9,0.03,2000,25,250,500,99,99,89,98,0.045119853417735,0.2228253082051352,0.0515357658214801,2.617398474541332,2.613894042465471,False,True,True,True,True,False,True,True,True,False,,True,16,2,2
Mono,cellstate,50,0.9,0.03,2000,25,500,1000,99,99,97,98,0.0090721624159315,0.3553062693038299,0.1030715316429602,5.906617192331478,2.25974025974026,False,True,True,True,True,False,True,True,True,False,,True,16,6,6
Mono,cellstate,50,0.9,0.03,2000,25,1000,1606,98,98,98,97,0.0024926649866329,0.5026351593676458,0.1689459288870187,9.845781611613718,1.9970544918998527,False,True,True,True,True,False,True,True,True,False,,True,16,6,6
Mono,cellstate,50,0.9,0.03,2000,50,100,200,112,112,77,94,0.0551079644097222,0.1113237952523666,0.016087516087516,0.3125,1.3837676962676964,False,True,True,True,True,True,True,False,True,False,,True,18,0,0
Mono,cellstate,50,0.9,0.03,2000,50,250,500,143,143,114,137,0.0705716811680467,0.1332039559858953,0.0246232640598837,1.52969565645622,2.7101349354870483,False,True,True,True,True,True,True,True,True,False,,True,21,3,2
Mono,cellstate,50,0.9,0.03,2000,50,1000,2000,147,147,144,146,0.0104592268560903,0.3509650538357605,0.093187960115553,7.804631441617743,2.2036622868325413,False,True,True,True,True,True,True,True,True,False,,True,21,6,5
Mono,cellstate,50,0.9,0.03,2000,75,250,496,156,156,120,149,0.1136951550502134,0.1425879933979041,0.0205128205128205,1.2894127377998346,2.856286186931348,False,True,True,True,True,True,True,True,True,False,,True,23,3,2
Mono,cellstate,50,0.9,0.03,2000,75,500,996,163,163,150,160,0.0910306726240792,0.1756160060344589,0.0377187002953874,3.087593728698024,2.7845944103612816,False,True,True,True,True,True,True,True,True,False,,True,23,8,6
Mono,cellstate,50,0.9,0.03,2000,75,1000,2000,164,164,160,161,0.0343531794510125,0.302616648171343,0.0748166990872362,6.806224749364058,2.318083196169385,False,True,True,True,True,True,True,True,True,False,,True,23,8,7
Mono,cellstate,50,0.9,0.03,2000,100,100,195,123,123,79,103,0.1450745750953868,0.0861853142340947,0.0129948020791683,0.1314807410369185,0.5278555244568839,False,True,True,True,True,True,True,False,True,False,,True,20,0,0
Mono,cellstate,50,0.9,0.03,2000,100,250,497,159,159,124,150,0.1215708465368945,0.137332261356737,0.0197834567311519,1.2573839662447257,2.961069978504896,False,True,True,True,True,True,True,True,True,False,,True,23,3,2
Mono,cellstate,50,0.9,0.03,2000,100,1000,1987,162,162,155,160,0.0445390731529006,0.2924984847769131,0.076182808066866,6.926807760141093,2.287784679089027,False,True,True,True,True,True,True,True,True,False,,True,23,9,7
Mono,cellstate,50,0.9,0.03,3000,10,100,200,48,48,43,46,0.0483396600663451,0.2046232702482703,0.0886524822695035,2.323581560283688,2.2349290780141846,False,False,False,True,True,False,False,False,True,False,,True,8,2,0
Mono,cellstate,50,0.9,0.03,3000,10,250,466,48,48,48,48,0.0122775788192416,0.481939962212324,0.2065602836879432,6.05008865248227,2.06781914893617,False,False,False,True,True,False,False,False,True,False,,True,8,5,2
Mono,cellstate,50,0.9,0.03,3000,10,500,425,44,44,44,44,0.0148720161311625,0.5344229976915325,0.224630021141649,5.893763213530655,2.0454545454545454,False,False,False,True,True,False,False,False,True,False,,True,8,6,2
Mono,cellstate,50,0.9,0.03,3000,10,1000,513,48,48,48,48,0.0158768498444716,0.5513107470008536,0.2273936170212765,6.651595744680851,1.9924645390070923,False,False,False,True,True,False,False,False,True,False,,True,8,7,2
Mono,cellstate,50,0.9,0.03,3000,25,100,200,91,91,63,82,0.029554419284149,0.0990716243463496,0.0244200244200244,0.5299145299145299,1.934065934065934,False,True,True,True,True,False,True,False,True,False,,True,15,3,2
Mono,cellstate,50,0.9,0.03,3000,25,250,500,99,99,89,99,0.0305711180254607,0.1726408173788339,0.0515357658214801,2.683879612451041,2.8102453102453104,False,True,True,True,True,False,True,False,True,False,,True,15,3,2
Mono,cellstate,50,0.9,0.03,3000,25,1000,2000,102,102,101,102,0.0049508968427887,0.4701968258644047,0.1941370607649,12.770141720054358,1.911570568821588,False,True,True,True,True,False,True,False,True,False,,True,15,12,8
Mono,cellstate,50,0.9,0.03,3000,50,100,198,122,122,79,107,0.0687801314828342,0.0847449908925318,0.0134128166915052,0.2732014632163663,1.5566996341959085,False,True,True,True,True,False,True,False,True,False,,False,17,1,0
Mono,cellstate,50,0.9,0.03,3000,50,500,1000,156,156,139,156,0.0571254930606282,0.1582328146974138,0.0413564929693962,3.3162117452440034,2.726592224979322,False,True,True,True,True,False,True,True,True,False,,True,21,4,2
Mono,cellstate,50,0.9,0.03,3000,50,1000,2000,157,157,152,157,0.0300753406481118,0.2707205825684788,0.0816593173281071,7.593132451412706,2.2821737710272743,False,True,True,True,True,True,True,True,True,False,,True,22,10,6
Mono,cellstate,50,0.9,0.03,3000,75,250,498,156,156,122,151,0.0995583165756966,0.0897090090499234,0.0205955334987593,1.444251447477254,2.9617452440033087,False,True,True,True,True,True,True,True,True,False,,True,22,2,0
Mono,cellstate,50,0.9,0.03,3000,75,1000,2000,170,170,162,170,0.0620370257318152,0.2363929161292664,0.0696136442742777,6.8736512356421855,2.34865993734772,False,True,True,True,True,True,True,True,True,False,,True,23,12,8
Mono,cellstate,50,0.9,0.03,3000,100,100,197,125,125,81,104,0.1358310249307479,0.0868095238095238,0.0127096774193548,0.25,1.4341290322580644,False,True,True,True,True,True,True,False,True,False,,False,16,1,0
Mono,cellstate,50,0.9,0.03,3000,100,250,500,160,160,124,156,0.1500140795337216,0.0854446186982951,0.0196540880503144,1.3735062893081762,3.1126572327044024,False,True,True,True,True,True,True,True,True,False,,True,22,4,2
Mono,cellstate,50,0.9,0.03,3000,100,500,1000,170,170,151,170,0.1147239818270511,0.141963178986805,0.0348068221371388,3.0291681169509226,2.810859728506787,False,True,True,True,True,True,True,True,True,False,,True,23,6,4
Mono,cellstate,50,0.9,0.03,3000,100,1000,2000,171,171,162,171,0.0855159438773548,0.2334923036549487,0.0687994496044031,6.858479532163742,2.331200550395597,False,True,True,True,True,True,True,True,True,False,,True,23,12,8
Mono,cellstate,50,0.9,0.03,4000,10,100,200,45,45,39,45,0.0123644111570247,0.2194887828221161,0.101010101010101,2.6494949494949496,2.382323232323232,False,False,False,True,True,False,False,False,True,False,,True,8,2,0
Mono,cellstate,50,0.9,0.03,4000,10,250,468,45,45,45,45,0.0093864134404675,0.5542465631371334,0.2363636363636363,6.722727272727273,1.935858585858586,False,False,False,True,True,False,False,False,True,False,,True,8,5,2
Mono,cellstate,50,0.9,0.03,4000,10,500,573,45,45,45,45,0.0090850986121256,0.6320414556734857,0.2893939393939393,8.335353535353535,1.8282828282828285,False,False,False,True,True,False,False,False,True,False,,True,8,7,3
Mono,cellstate,50,0.9,0.03,4000,10,1000,629,46,46,46,46,0.0152683600807737,0.6515239563105917,0.3038647342995169,8.930917874396135,1.7966183574879226,False,False,False,True,True,False,False,False,True,False,,True,9,7,3
Mono,cellstate,50,0.9,0.03,4000,25,250,500,100,100,86,100,0.0409511713107951,0.1732588327090329,0.0505050505050505,2.655959595959596,2.64969696969697,False,True,True,True,True,False,True,False,True,False,,True,15,5,3
Mono,cellstate,50,0.9,0.03,4000,25,500,1000,99,99,96,99,0.0259212326966264,0.2809607315478111,0.1030715316429602,6.232323232323233,2.2870542156256444,False,True,True,True,True,False,True,False,True,False,,True,15,4,3
Mono,cellstate,50,0.9,0.03,4000,25,1000,2000,100,100,100,100,0.0062667820069204,0.4613249435659303,0.202020202020202,13.603232323232325,1.90989898989899,False,True,True,True,True,False,True,False,True,False,,True,15,14,10
Mono,cellstate,50,0.9,0.03,4000,50,100,200,121,121,75,102,0.0384367738865093,0.0386635645993934,0.0137741046831955,0.2126033057851239,1.0907713498622589,False,True,True,True,True,True,True,False,True,False,,False,18,2,2
Mono,cellstate,50,0.9,0.03,4000,50,250,500,149,149,120,144,0.0572883657763694,0.0864757584680234,0.0226736803918011,1.5631235262107743,2.9643569744240885,False,True,True,True,True,True,True,True,True,False,,True,21,4,3
Mono,cellstate,50,0.9,0.03,4000,50,500,1000,153,153,133,153,0.0548928712759341,0.1707042125659711,0.0429996560027519,3.443928448572412,2.539516683866529,False,True,True,True,True,True,True,True,True,False,,True,22,6,4
Mono,cellstate,50,0.9,0.03,4000,50,1000,2000,154,154,151,154,0.0327670351638405,0.2538248130987838,0.0848824378236142,7.977421271538919,2.312961548255666,False,True,True,True,True,True,True,True,True,False,,True,22,13,9
Mono,cellstate,50,0.9,0.03,4000,75,100,196,125,125,78,104,0.1244508035611053,0.044048790425261,0.0126451612903225,0.1953548387096774,1.068258064516129,False,True,True,True,True,True,True,False,True,False,,False,17,2,2
Mono,cellstate,50,0.9,0.03,4000,75,250,499,161,161,123,156,0.1139685591696487,0.096091395010688,0.0193711180124223,1.2595108695652173,2.828416149068323,False,True,True,True,True,True,True,True,True,False,,True,22,2,1
Mono,cellstate,50,0.9,0.03,4000,75,500,1000,170,170,147,170,0.1120196148558264,0.1322834287054993,0.0348068221371388,3.07274625826662,2.661120779672816,False,True,True,True,True,True,True,True,True,False,,True,23,6,4
Mono,cellstate,50,0.9,0.03,4000,75,1000,2000,171,171,166,171,0.0721833158818821,0.218614592396912,0.0687994496044031,6.938321293429652,2.427898176814585,False,True,True,True,True,True,True,True,True,False,,True,23,9,7
Mono,cellstate,50,0.9,0.03,4000,100,100,197,129,129,78,108,0.1927135462838514,0.0410681095503616,0.0119307170542635,0.1763565891472868,1.0279796511627908,False,True,True,True,True,True,True,False,True,False,,False,18,2,2
Mono,cellstate,50,0.9,0.03,4000,100,500,1000,171,171,149,171,0.1306752128695761,0.1320452682952293,0.0343997248022015,3.072514619883041,2.701685586515308,False,True,True,True,True,True,True,True,True,False,,True,22,6,4
Mono,cellstate,50,0.9,0.03,4000,100,1000,2000,173,173,167,173,0.0888322950414196,0.21664168396769,0.0672133351256889,6.840939642425057,2.430669444817852,False,True,True,True,True,True,True,True,True,False,,True,23,13,10
Mono,cellstate,25,0.5,0.005,2000,10,100,200,44,44,43,39,0.0477297427846878,0.3066061389590801,0.1057082452431289,2.584038054968288,2.2970401691331923,False,True,False,False,True,False,True,False,True,False,,False,11,0,0
Mono,cellstate,25,0.5,0.005,2000,10,250,306,44,44,44,39,0.0143272727272727,0.4579415310467301,0.1617336152219873,3.9080338266384778,2.0084566596194504,False,True,False,False,True,False,True,False,True,False,,False,11,1,0
Mono,cellstate,25,0.5,0.005,2000,10,500,309,45,45,45,40,0.0166234409414953,0.4688657625686238,0.156060606060606,3.796969696969697,2.028787878787879,False,True,False,False,True,False,True,False,True,False,,False,11,1,0
Mono,cellstate,25,0.5,0.005,2000,10,1000,309,45,45,45,40,0.0166234409414953,0.4688657625686238,0.156060606060606,3.796969696969697,2.028787878787879,False,True,False,False,True,False,True,False,True,False,,False,11,1,0
Mono,cellstate,25,0.5,0.005,2000,25,100,199,88,88,65,82,0.0231818303847083,0.0925811562175198,0.025992685475444,0.7035005224660397,2.20807210031348,False,True,True,False,True,False,True,True,True,False,,True,17,0,0
Mono,cellstate,25,0.5,0.005,2000,25,250,500,97,97,87,95,0.0217510409818102,0.2096510593353636,0.0536941580756013,2.5495060137457046,2.3864905498281788,False,True,True,False,True,False,True,True,True,False,,True,18,1,1
Mono,cellstate,25,0.5,0.005,2000,25,500,1000,96,96,94,94,0.0057892148289352,0.3530666820561699,0.1096491228070175,5.888706140350878,2.1914473684210525,False,True,True,False,True,False,True,True,True,False,,True,17,4,3
Mono,cellstate,25,0.5,0.005,2000,25,1000,1405,98,98,98,96,0.0007821465881391,0.4512603388367707,0.1478013885966757,8.135598569324637,2.083946980854197,False,True,True,False,True,False,True,True,True,False,,True,18,6,4
Mono,cellstate,25,0.5,0.005,2000,50,100,198,123,123,85,98,0.0844537145286427,0.0463854573610671,0.0131947221111555,0.4390243902439024,2.2300413168066107,False,True,True,True,True,True,True,True,True,False,,False,19,1,1
Mono,cellstate,25,0.5,0.005,2000,50,250,500,151,151,126,145,0.0556316751742947,0.0940662392773578,0.0220750551876379,1.484061810154525,2.8280353200883,False,True,True,True,True,True,True,True,True,False,,True,22,2,2
Mono,cellstate,25,0.5,0.005,2000,50,500,1000,155,155,145,155,0.035986821022272,0.1774144640783622,0.041893590280687,3.43414327607876,2.826351068286552,False,True,True,True,True,True,True,True,True,False,,True,22,3,3
Mono,cellstate,25,0.5,0.005,2000,50,1000,2000,156,156,154,156,0.0094435426524631,0.3059593458722852,0.0827129859387924,7.151902398676592,2.429239040529363,False,True,True,True,True,True,True,True,True,False,,True,22,8,6
Mono,cellstate,25,0.5,0.005,2000,75,100,198,127,127,86,101,0.0071739823573174,0.0485683607730851,0.0123734533183352,0.4140732408448944,2.415698037745282,False,True,True,True,True,True,True,True,True,False,,False,19,1,1
Mono,cellstate,25,0.5,0.005,2000,75,250,500,160,160,130,154,0.0202756730823258,0.0900023629767991,0.0196540880503144,1.3359669811320756,2.733018867924528,False,True,True,True,True,True,True,True,True,False,,True,23,2,2
Mono,cellstate,25,0.5,0.005,2000,75,500,1000,168,168,155,167,0.0328341851719018,0.1676763443417094,0.035642999714856,3.033254918733961,2.763829483889364,False,True,True,True,True,True,True,True,True,False,,True,24,3,3
Mono,cellstate,25,0.5,0.005,2000,75,1000,2000,169,169,166,169,0.0208663962687213,0.270366274182463,0.0704423781346858,6.537264018033249,2.478902507748661,False,True,True,True,True,True,True,True,True,False,,True,24,7,6
Mono,cellstate,25,0.5,0.005,2000,100,100,197,125,125,85,100,0.0280947139520524,0.0498787878787878,0.0127096774193548,0.4236774193548387,2.4698064516129032,False,True,True,True,True,True,True,True,True,False,,False,19,1,1
Mono,cellstate,25,0.5,0.005,2000,100,250,499,162,162,130,155,0.0309375,0.0903530981892484,0.0191319684073307,1.2734836285560924,2.703703703703704,False,True,True,True,True,True,True,True,True,False,,True,23,2,2
Mono,cellstate,25,0.5,0.005,2000,100,500,1000,171,171,155,171,0.0454720221606647,0.163904250819579,0.0343997248022015,2.926934984520124,2.779188166494668,False,True,True,True,True,True,True,True,True,False,,True,24,3,3
Mono,cellstate,25,0.5,0.005,2000,100,1000,2000,172,172,169,172,0.033606394638109,0.2565758349142331,0.0679994560043519,6.371957024343805,2.550387596899225,False,True,True,True,True,True,True,True,True,False,,True,24,8,6
Mono,cellstate,25,0.5,0.005,3000,10,100,200,45,45,42,41,0.0360463712112063,0.3542220996142566,0.101010101010101,2.371717171717172,2.124747474747475,False,True,False,False,True,False,True,False,True,False,,False,10,0,0
Mono,cellstate,25,0.5,0.005,3000,10,250,334,45,45,45,41,0.0080611111111111,0.5016997819276627,0.1686868686868687,4.054545454545455,1.9914141414141413,False,True,False,False,True,False,True,False,True,False,,False,10,1,0
Mono,cellstate,25,0.5,0.005,3000,10,500,334,45,45,45,41,0.0080611111111111,0.5016997819276627,0.1686868686868687,4.054545454545455,1.9914141414141413,False,True,False,False,True,False,True,False,True,False,,False,10,1,0
Mono,cellstate,25,0.5,0.005,3000,10,1000,334,45,45,45,41,0.0080611111111111,0.5016997819276627,0.1686868686868687,4.054545454545455,1.9914141414141413,False,True,False,False,True,False,True,False,True,False,,False,10,1,0
Mono,cellstate,25,0.5,0.005,3000,25,100,200,93,93,62,85,0.0165417488494411,0.11901425933684,0.0233754090696587,0.5726975222066386,1.557737260402057,False,True,True,False,True,False,True,True,True,False,,True,18,1,1
Mono,cellstate,25,0.5,0.005,3000,25,250,500,96,96,87,94,0.0139713603162011,0.2188007223199163,0.0548245614035087,2.781469298245614,2.600438596491228,False,True,True,False,True,False,True,True,True,False,,True,18,1,1
Mono,cellstate,25,0.5,0.005,3000,25,500,1000,97,97,97,96,0.0024878539313317,0.3590597266421271,0.1073883161512027,6.056056701030927,2.375536941580756,False,True,True,False,True,False,True,True,True,False,,True,18,4,4
Mono,cellstate,25,0.5,0.005,3000,25,1000,1543,97,97,97,96,-0.0019752527538856,0.4820829715516974,0.1657001718213058,9.273840206185566,2.117482817869416,False,True,True,False,True,False,True,True,True,False,,True,18,6,4
Mono,cellstate,25,0.5,0.005,3000,50,100,198,117,117,77,100,0.0772372387848179,0.0640430794276948,0.0145888594164456,0.3805629236663719,1.6335101679929267,False,True,True,True,True,True,True,True,True,False,,True,18,1,1
Mono,cellstate,25,0.5,0.005,3000,50,250,500,148,148,119,143,0.0658339314787906,0.111042474804015,0.0229821658393086,1.4806490163633022,2.6512686155543297,False,True,True,True,True,True,True,True,True,False,,True,22,2,2
Mono,cellstate,25,0.5,0.005,3000,50,500,1000,153,153,145,151,0.0341731754430167,0.1795332794466347,0.0429996560027519,3.507997936016512,2.7121603027175785,False,True,True,True,True,True,True,True,True,False,,True,22,5,5
Mono,cellstate,25,0.5,0.005,3000,50,1000,2000,153,153,150,152,0.0114823129057164,0.3082060250086015,0.0859993120055039,7.358402132782937,2.3485982112143104,False,True,True,True,True,True,True,True,True,False,,True,22,8,8
Mono,cellstate,25,0.5,0.005,3000,75,100,198,122,122,80,101,0.000286339025406,0.0532016253327728,0.0134128166915052,0.2666305378674976,1.0747188727814658,False,True,True,True,True,True,True,True,True,False,,True,18,1,1
Mono,cellstate,25,0.5,0.005,3000,75,250,500,163,163,126,156,0.0228602430555555,0.0902555198318278,0.0189350905097326,1.287889116109975,2.6315988790426417,False,True,True,True,True,True,True,True,True,False,,True,24,2,2
Mono,cellstate,25,0.5,0.005,3000,75,500,1000,170,170,154,168,0.0299838663292623,0.1592949244862915,0.0348068221371388,3.029864253393665,2.7567699269056734,False,True,True,True,True,True,True,True,True,False,,True,24,4,4
Mono,cellstate,25,0.5,0.005,3000,75,1000,2000,171,171,168,171,0.0203465868285813,0.2607773116892418,0.0687994496044031,6.540729274165806,2.506363949088408,False,True,True,True,True,True,True,True,True,False,,True,24,7,7
Mono,cellstate,25,0.5,0.005,3000,100,100,197,121,121,79,100,-0.0075213675213675,0.054920194589616,0.0135674931129476,0.2785123966942149,1.0699724517906335,False,True,True,True,True,True,True,True,True,False,,True,18,1,1
Mono,cellstate,25,0.5,0.005,3000,100,250,500,164,164,125,157,0.0183229460268552,0.0947262866454137,0.018704174771809,1.2710983091426007,2.6073245548406403,False,True,True,True,True,True,True,True,True,False,,True,24,2,2
Mono,cellstate,25,0.5,0.005,3000,100,500,1000,171,171,154,169,0.0390609418282548,0.1574769134830239,0.0343997248022015,2.999312005503956,2.7480564155486755,False,True,True,True,True,True,True,True,True,False,,True,24,3,3
Mono,cellstate,25,0.5,0.005,3000,100,1000,2000,172,172,169,172,0.0286277671846051,0.2593131155373052,0.0679994560043519,6.484394124847001,2.5168978648170817,False,True,True,True,True,True,True,True,True,False,,True,24,7,7
Mono,cellstate,25,0.5,0.005,4000,10,100,200,45,45,42,41,0.0351458687927379,0.3515098554314241,0.101010101010101,2.3737373737373737,2.11919191919192,False,True,False,False,True,False,True,False,True,False,,False,10,0,0
Mono,cellstate,25,0.5,0.005,4000,10,250,334,45,45,45,41,0.0080611111111111,0.5016997819276627,0.1686868686868687,4.054545454545455,1.9914141414141413,False,True,False,False,True,False,True,False,True,False,,False,10,1,0
Mono,cellstate,25,0.5,0.005,4000,10,500,334,45,45,45,41,0.0080611111111111,0.5016997819276627,0.1686868686868687,4.054545454545455,1.9914141414141413,False,True,False,False,True,False,True,False,True,False,,False,10,1,0
Mono,cellstate,25,0.5,0.005,4000,10,1000,334,45,45,45,41,0.0080611111111111,0.5016997819276627,0.1686868686868687,4.054545454545455,1.9914141414141413,False,True,False,False,True,False,True,False,True,False,,False,10,1,0
Mono,cellstate,25,0.5,0.005,4000,25,100,200,93,93,63,84,0.0205522682445759,0.1238840013033561,0.0233754090696587,0.6700561009817672,2.0084151472650773,False,True,True,False,True,False,True,True,True,False,,True,18,1,1
Mono,cellstate,25,0.5,0.005,4000,25,250,500,96,96,87,94,0.0119568420858737,0.2271699869983796,0.0548245614035087,2.7843201754385967,2.621929824561404,False,True,True,False,True,False,True,True,True,False,,True,18,1,1
Mono,cellstate,25,0.5,0.005,4000,25,500,1000,97,97,97,96,-0.0001590833085612,0.355556223249287,0.1073883161512027,6.0575601374570445,2.379295532646048,False,True,True,False,True,False,True,True,True,False,,True,18,4,4
Mono,cellstate,25,0.5,0.005,4000,25,1000,1548,97,97,97,96,-0.0023692155030819,0.4827374894705509,0.1662371134020618,9.309385738831615,2.115335051546392,False,True,True,False,True,False,True,True,True,False,,True,18,6,4
Mono,cellstate,25,0.5,0.005,4000,50,100,198,118,118,76,102,0.0683990826870055,0.0690465843008215,0.014341590612777,0.380124583514414,1.6190062291757208,False,True,True,True,True,True,True,True,True,False,,True,18,1,1
Mono,cellstate,25,0.5,0.005,4000,50,250,500,149,149,119,142,0.0635369557287202,0.1126593332763295,0.0226736803918011,1.438100852530383,2.582214765100672,False,True,True,True,True,True,True,True,True,False,,True,22,2,2
Mono,cellstate,25,0.5,0.005,4000,50,500,1000,154,154,145,152,0.0341271117538507,0.1756904759177244,0.0424412189118071,3.4707580001697647,2.6934895170189286,False,True,True,True,True,True,True,True,True,False,,True,22,5,5
Mono,cellstate,25,0.5,0.005,4000,50,1000,2000,153,153,150,152,0.0092517341823968,0.3074631689505622,0.0859993120055039,7.362057103543171,2.351522187822497,False,True,True,True,True,True,True,True,True,False,,True,22,8,8
Mono,cellstate,25,0.5,0.005,4000,75,100,198,121,121,79,100,-0.0030716368179925,0.0508807079055013,0.0136363636363636,0.2761707988980716,1.090358126721763,False,True,True,True,True,True,True,True,True,False,,True,18,1,1
Mono,cellstate,25,0.5,0.005,4000,75,250,500,162,162,124,156,0.0173775844260429,0.0944060365556634,0.0191703090253814,1.2928073000536768,2.601909362778928,False,True,True,True,True,True,True,True,True,False,,True,24,2,2
Mono,cellstate,25,0.5,0.005,4000,75,500,1000,170,170,154,168,0.0288891966759002,0.1611946784782069,0.0348068221371388,3.037660981552384,2.7563174382178905,False,True,True,True,True,True,True,True,True,False,,True,24,4,4
Mono,cellstate,25,0.5,0.005,4000,75,1000,2000,171,171,166,171,0.0157393380819999,0.2449028442120358,0.0687994496044031,6.55531475748194,2.485483316133471,False,True,True,True,True,True,True,True,True,False,,True,24,7,6
Mono,cellstate,25,0.5,0.005,4000,100,100,197,123,123,79,103,-0.0122024983563445,0.0511761048346414,0.0131280821004931,0.236905237904838,0.9442223110755698,False,True,True,True,True,True,True,True,True,False,,True,18,1,1
Mono,cellstate,25,0.5,0.005,4000,100,250,500,164,164,125,158,0.0208029513888888,0.0924412504107686,0.018704174771809,1.2726694598234325,2.6155543917402366,False,True,True,True,True,True,True,True,True,False,,True,24,2,2
Mono,cellstate,25,0.5,0.005,4000,100,500,1000,171,171,154,169,0.0408138565246985,0.1587551800582487,0.0343997248022015,3.016477468180254,2.74234606123151,False,True,True,True,True,True,True,True,True,False,,True,24,3,3
Mono,cellstate,25,0.5,0.005,4000,100,1000,2000,172,172,166,172,0.0277270417220709,0.2438396587753334,0.0679994560043519,6.488610091119271,2.4782741738066094,False,True,True,True,True,True,True,True,True,False,,True,24,7,6
Mono,cellstate,25,0.5,0.01,2000,10,100,200,48,48,42,46,0.0209727307158187,0.263481759253818,0.0886524822695035,2.348404255319149,2.2468971631205674,False,True,False,False,True,False,True,False,True,False,,False,9,0,0
Mono,cellstate,25,0.5,0.01,2000,10,250,374,49,49,49,47,-0.0015991919872064,0.5051861327479437,0.1590136054421768,4.337585034013605,2.121173469387755,False,True,False,False,True,False,True,False,True,False,,True,9,1,0
Mono,cellstate,25,0.5,0.01,2000,10,500,348,49,49,49,47,-0.006353130878796,0.4880500634635083,0.1479591836734693,3.9774659863945576,2.178996598639456,False,True,False,False,True,False,True,False,True,False,,True,9,1,0
Mono,cellstate,25,0.5,0.01,2000,10,1000,375,49,49,49,47,-0.0023005279595478,0.5048253181638326,0.159438775510204,4.360119047619048,2.11437074829932,False,True,False,False,True,False,True,False,True,False,,True,9,1,0
Mono,cellstate,25,0.5,0.01,2000,25,100,200,92,92,70,83,0.0396507771168553,0.0634928477319781,0.0238891543239369,0.7605112279025322,2.2230052556139515,False,True,False,True,True,False,True,True,True,False,,False,16,0,0
Mono,cellstate,25,0.5,0.01,2000,25,250,500,101,101,87,99,0.0342074228234477,0.170687363041317,0.0495049504950495,2.6535643564356435,2.405643564356436,False,True,True,True,True,False,True,True,True,False,,True,19,1,1
Mono,cellstate,25,0.5,0.01,2000,25,500,1000,101,101,98,98,0.009570910558452,0.3242869774191149,0.099009900990099,5.889207920792079,2.2162376237623764,False,True,True,True,True,False,True,True,True,False,,True,19,9,5
Mono,cellstate,25,0.5,0.01,2000,25,1000,1715,101,101,101,99,-0.0027487781851849,0.4700723779835793,0.1698019801980198,10.275742574257425,1.9942574257425745,False,True,True,True,True,False,True,True,True,False,,True,19,12,6
Mono,cellstate,25,0.5,0.01,2000,50,100,197,121,121,81,107,0.025725720237932,0.0205228196963734,0.0135674931129476,0.3338154269972452,1.5396005509641872,False,True,True,True,True,True,True,True,True,False,,False,18,1,1
Mono,cellstate,25,0.5,0.01,2000,50,250,500,153,153,121,150,0.0268386766471294,0.0809289004220397,0.0214998280013759,1.4960870313037495,2.7055383556931543,False,True,True,True,True,True,True,True,True,False,,True,22,1,1
Mono,cellstate,25,0.5,0.01,2000,50,500,985,157,157,145,157,0.036401075723035,0.1659945542141206,0.0402172137840927,3.4477380369100112,2.782867875224563,False,True,True,True,True,True,True,True,True,False,,True,22,2,2
Mono,cellstate,25,0.5,0.01,2000,50,1000,1975,156,156,152,156,0.0019778551859693,0.2735720215386066,0.0816790736145574,7.446029776674938,2.3214640198511165,False,True,True,True,True,True,True,True,True,False,,True,22,10,6
Mono,cellstate,25,0.5,0.01,2000,75,100,198,132,132,86,115,0.0809325402264192,0.0334590493681402,0.0114503816793893,0.195061300023132,0.8575641915336571,False,True,True,True,True,True,True,True,True,False,,False,19,1,1
Mono,cellstate,25,0.5,0.01,2000,75,250,500,170,170,131,164,0.0737853965115458,0.0674937978141652,0.0174034110685694,1.2279150713539857,2.683188304907762,False,True,True,True,True,True,True,True,True,False,,True,22,1,1
Mono,cellstate,25,0.5,0.01,2000,75,500,987,177,177,156,177,0.0638020698710724,0.1420767284806117,0.0316833590138674,2.844247560349255,2.7855033384694403,False,True,True,True,True,True,True,True,True,False,,True,24,3,3
Mono,cellstate,25,0.5,0.01,2000,75,1000,1978,178,178,172,177,0.0302343946535283,0.2401005454559669,0.0627816923760553,6.324414397257665,2.449438202247191,False,True,True,True,True,True,True,True,True,False,,True,24,11,8
Mono,cellstate,25,0.5,0.01,2000,100,100,198,131,131,86,113,0.0701523545706371,0.0338907064097903,0.0116265413975337,0.1966529653552554,0.8608925425719319,False,True,True,True,True,True,True,False,True,False,,False,18,1,1
Mono,cellstate,25,0.5,0.01,2000,100,250,500,169,169,130,163,0.0684099722991689,0.076534747730302,0.0176105945336714,1.2443646097492251,2.6729008171315862,False,True,True,True,True,True,True,True,True,False,,True,22,1,1
Mono,cellstate,25,0.5,0.01,2000,100,500,988,177,177,156,177,0.067578712573994,0.1419067218933843,0.0317154596815613,2.8339432460195173,2.775873138161274,False,True,True,True,True,True,True,True,True,False,,True,24,3,3
Mono,cellstate,25,0.5,0.01,2000,100,1000,1978,178,178,172,177,0.0413322543043604,0.2409416549562726,0.0627816923760553,6.344442328445376,2.4504856217863265,False,True,True,True,True,True,True,True,True,False,,True,24,11,8
Mono,cellstate,25,0.5,0.01,3000,10,100,200,47,47,39,46,0.0222036359045575,0.2574511041805686,0.0925069380203515,2.3048103607770583,2.116558741905643,False,False,False,False,True,False,True,False,True,False,,True,8,0,0
Mono,cellstate,25,0.5,0.01,3000,10,250,399,48,48,48,47,0.0059729005075169,0.4909752832559171,0.1768617021276596,4.893617021276596,2.1263297872340425,False,False,False,False,True,False,True,False,True,False,,True,8,1,0
Mono,cellstate,25,0.5,0.01,3000,10,500,398,48,48,48,47,0.0067410861173751,0.4908664969656086,0.176418439716312,4.866578014184397,2.1334219858156027,False,False,False,False,True,False,True,False,True,False,,True,8,1,0
Mono,cellstate,25,0.5,0.01,3000,10,1000,400,48,48,48,46,0.014575461084256,0.4675439105885556,0.1773049645390071,4.956117021276596,2.088652482269504,False,True,False,False,True,False,False,False,True,False,,True,8,1,0
Mono,cellstate,25,0.5,0.01,3000,25,100,200,91,91,66,84,0.0403124212648022,0.103745399899246,0.0244200244200244,0.7245421245421245,1.931623931623932,False,True,True,True,True,False,True,True,True,False,,True,17,2,2
Mono,cellstate,25,0.5,0.01,3000,25,250,500,102,102,82,101,0.0252745982194473,0.1810391467803596,0.048534265191225,2.563579887400505,2.4151621044457388,False,True,True,True,True,False,True,True,True,False,,True,19,2,2
Mono,cellstate,25,0.5,0.01,3000,25,500,1000,102,102,96,102,0.0001134700946579,0.3125844417155985,0.09706853038245,5.816734614637935,2.256552125800815,False,True,True,True,True,False,True,True,True,False,,True,19,7,5
Mono,cellstate,25,0.5,0.01,3000,25,1000,1952,101,101,101,101,-0.0039069018792965,0.4980011088259742,0.1932673267326732,12.08009900990099,1.9742574257425745,False,True,True,True,True,False,True,True,True,False,,True,19,13,7
Mono,cellstate,25,0.5,0.01,3000,50,100,197,121,121,79,107,0.0465269238468357,0.056592259898045,0.0135674931129476,0.2573002754820936,1.1065426997245178,False,False,True,True,True,True,True,True,True,False,,False,17,1,1
Mono,cellstate,25,0.5,0.01,3000,50,250,500,149,149,116,146,0.0300983876332697,0.0846546959828485,0.0226736803918011,1.5474786867404318,2.818519862144023,False,True,True,True,True,True,True,True,True,False,,True,23,1,1
Mono,cellstate,25,0.5,0.01,3000,50,500,1000,157,157,142,155,0.0325438365164998,0.1537324998303493,0.0408296586640535,3.5278049975502204,2.638208394577821,False,True,True,True,True,True,False,True,True,False,,True,23,3,3
Mono,cellstate,25,0.5,0.01,3000,50,1000,2000,157,157,155,157,0.0141008071327325,0.2639077524015487,0.0816593173281071,7.637105993793892,2.3843704066634004,False,True,True,True,True,True,True,True,True,False,,True,24,9,7
Mono,cellstate,25,0.5,0.01,3000,75,100,194,126,126,84,104,0.0812584880036215,0.0271272818891866,0.0123174603174603,0.3189206349206349,1.533968253968254,False,False,True,True,True,True,True,True,True,False,,False,18,1,1
Mono,cellstate,25,0.5,0.01,3000,75,250,500,167,167,131,162,0.0898133680555555,0.0710821557239704,0.0180362167231801,1.347016809753986,3.0089459634946976,False,True,True,True,True,True,True,True,True,False,,True,23,1,1
Mono,cellstate,25,0.5,0.01,3000,75,500,1000,178,178,159,177,0.0718901885381615,0.1233680474730186,0.0317399860344061,3.0037770583380943,2.8021011870754777,False,True,True,True,True,True,True,True,True,False,,True,24,3,3
Mono,cellstate,25,0.5,0.01,3000,75,1000,2000,178,178,174,178,0.0439876661854406,0.2242161758903154,0.0634799720688122,6.592014219513743,2.5239319494699424,False,True,True,True,True,True,True,True,True,False,,True,24,8,6
Mono,cellstate,25,0.5,0.01,3000,100,100,192,121,121,85,101,0.0545438779049601,0.0306113078840351,0.0132231404958677,0.334297520661157,1.6084710743801651,False,False,True,True,True,True,True,True,True,False,,False,17,1,1
Mono,cellstate,25,0.5,0.01,3000,100,250,500,168,168,133,163,0.0804433383745712,0.0727280443392073,0.017821499857428,1.3392144282862846,3.0008197889934416,False,True,True,True,True,True,True,True,True,False,,True,23,1,1
Mono,cellstate,25,0.5,0.01,3000,100,500,1000,178,178,161,177,0.0710502438217665,0.125083712682091,0.0317399860344061,3.030089506760617,2.9108741192153875,False,True,True,True,True,True,True,True,True,False,,True,24,2,2
Mono,cellstate,25,0.5,0.01,3000,100,1000,2000,179,179,175,179,0.055229060441245,0.218222277234683,0.0627706986378758,6.541460046450317,2.535402674031762,False,True,True,True,True,True,True,True,True,False,,True,24,8,6
Mono,cellstate,25,0.5,0.01,4000,10,100,200,47,47,39,46,0.022252738678568,0.2583100670710183,0.0925069380203515,2.357076780758557,2.12627197039778,False,True,False,False,True,False,False,False,True,False,,True,8,0,0
Mono,cellstate,25,0.5,0.01,4000,10,250,463,48,48,48,47,0.0057482943823486,0.5022884955761097,0.2052304964539007,5.816932624113475,2.025709219858156,False,True,False,False,True,False,False,False,True,False,,True,8,1,0
Mono,cellstate,25,0.5,0.01,4000,10,500,468,48,48,48,47,0.0049612385438679,0.5081805436273611,0.2074468085106383,5.875443262411348,2.0181737588652484,False,True,False,False,True,False,False,False,True,False,,True,8,1,0
Mono,cellstate,25,0.5,0.01,4000,10,1000,468,48,48,48,47,0.0091118872044278,0.5160017228991439,0.2074468085106383,5.92686170212766,2.014627659574468,False,True,False,False,True,False,False,False,True,False,,True,8,1,0
Mono,cellstate,25,0.5,0.01,4000,25,100,200,95,95,68,89,0.0662299262152777,0.0663626432047484,0.0223964165733482,0.6867861142217245,2.576259798432251,False,True,True,True,True,False,False,True,True,False,,True,19,2,2
Mono,cellstate,25,0.5,0.01,4000,25,250,500,102,102,86,99,0.0278485462780334,0.1525902950190453,0.048534265191225,2.622888759464182,2.327023878858474,False,True,True,True,True,False,False,True,True,False,,True,19,3,3
Mono,cellstate,25,0.5,0.01,4000,25,500,1000,102,102,99,102,0.0146259977304176,0.2964698066439559,0.09706853038245,6.107746068724519,2.336827800427101,False,True,True,True,True,False,False,True,True,False,,True,19,4,3
Mono,cellstate,25,0.5,0.01,4000,25,1000,2000,102,102,102,102,0.0025616968971827,0.4953455039204213,0.1941370607649,12.544166181324014,1.9530188312948944,False,True,True,True,True,False,False,True,True,False,,True,19,12,6
Mono,cellstate,25,0.5,0.01,4000,50,100,196,118,118,81,102,0.0411218836565097,0.0420694183406047,0.0141967260611328,0.3387657540199913,1.53817180935825,False,False,True,True,True,True,False,True,True,False,,True,18,1,1
Mono,cellstate,25,0.5,0.01,4000,50,250,500,146,146,118,142,0.0332316750229503,0.1006606472609059,0.0236183278223901,1.541001417099669,2.8204062352385453,False,True,True,True,True,True,False,True,True,False,,True,23,2,2
Mono,cellstate,25,0.5,0.01,4000,50,500,1000,158,158,142,156,0.0342747252256077,0.1652556577775462,0.0403128275417237,3.421349673466097,2.661251310166896,False,True,True,True,True,True,False,True,True,False,,True,23,3,3
Mono,cellstate,25,0.5,0.01,4000,50,1000,2000,157,157,155,157,0.0206491110699816,0.2619707846641804,0.0816593173281071,7.726645435244161,2.3737138657520824,False,True,True,True,True,True,False,True,True,False,,True,23,6,5
Mono,cellstate,25,0.5,0.01,4000,75,100,194,128,128,85,105,0.0728703003835278,0.0370591647935397,0.0119340551181102,0.2728838582677165,1.197896161417323,False,False,True,True,True,True,True,True,True,False,,True,18,1,1
Mono,cellstate,25,0.5,0.01,4000,75,250,500,167,167,130,163,0.0700982447344193,0.0926033517704749,0.0180362167231801,1.3458624918837023,3.065471466705144,False,True,True,True,True,True,True,True,True,False,,True,23,1,1
Mono,cellstate,25,0.5,0.01,4000,75,500,1000,177,177,162,176,0.0517595337285691,0.1296111319719184,0.032100667693888,3.0383602978941964,2.9055277349768875,False,True,True,True,True,True,True,True,True,False,,True,23,2,2
Mono,cellstate,25,0.5,0.01,4000,75,1000,2000,178,178,175,178,0.0311822246644956,0.2065028970798815,0.0634799720688122,6.594331238494255,2.486320066019171,False,True,True,True,True,True,True,True,True,False,,True,24,7,6
Mono,cellstate,25,0.5,0.01,4000,100,100,192,126,126,84,104,0.0688466927850381,0.0436169650455364,0.0121904761904761,0.2598095238095238,1.1203809523809525,False,False,True,True,True,True,True,True,True,False,,True,18,1,1
Mono,cellstate,25,0.5,0.01,4000,100,250,500,168,168,129,163,0.0695095486111111,0.0851757681812375,0.017821499857428,1.312767322497861,2.93562874251497,False,True,True,True,True,True,True,True,True,False,,True,23,1,1
Mono,cellstate,25,0.5,0.01,4000,100,500,1000,178,178,161,177,0.0676365156059339,0.1260344591067385,0.0317399860344061,3.000158699930172,2.894401066463531,False,True,True,True,True,True,True,True,True,False,,True,23,2,2
Mono,cellstate,25,0.5,0.01,4000,100,1000,2000,179,179,175,179,0.0470347523465646,0.2068909935031136,0.0627706986378758,6.551252275437825,2.520839871947775,False,True,True,True,True,True,True,True,True,False,,True,24,7,6
Mono,cellstate,25,0.5,0.02,2000,10,100,190,41,41,41,39,0.0159803805229223,0.36762810933431,0.1158536585365853,2.476219512195122,2.471341463414634,False,False,False,False,False,False,False,False,True,False,,False,5,0,0
Mono,cellstate,25,0.5,0.02,2000,10,250,193,41,41,41,39,0.0200995331970217,0.3743351321335916,0.1176829268292682,2.53109756097561,2.455487804878049,False,False,False,False,False,False,False,False,True,False,,False,5,0,0
Mono,cellstate,25,0.5,0.02,2000,10,500,194,41,41,41,39,0.0186137783874409,0.3748511664889963,0.1182926829268292,2.540243902439024,2.453658536585366,False,False,False,False,False,False,False,False,True,False,,False,5,0,0
Mono,cellstate,25,0.5,0.02,2000,10,1000,251,44,44,44,43,0.0158929183813443,0.37623139003895,0.1326638477801268,3.1627906976744184,2.425475687103594,False,False,False,False,False,False,True,False,True,False,,True,9,0,0
Mono,cellstate,25,0.5,0.02,2000,25,100,200,90,90,64,86,0.0860504104520754,0.0916333974667307,0.0249687890137328,0.8363295880149813,3.33832709113608,False,True,False,True,False,False,True,True,True,False,,True,14,0,0
Mono,cellstate,25,0.5,0.02,2000,25,250,500,97,97,81,97,0.0680626932290493,0.2121482081127479,0.0536941580756013,2.7553694158075603,2.4313788659793816,False,True,False,True,False,False,True,True,True,False,,True,14,1,1
Mono,cellstate,25,0.5,0.02,2000,25,500,1000,97,97,94,97,0.0504768223685273,0.3650206117329825,0.1073883161512027,5.909364261168385,2.2218642611683848,False,True,False,True,False,False,True,True,True,False,,True,14,2,2
Mono,cellstate,25,0.5,0.02,2000,25,1000,1470,97,97,97,97,0.0144951519087181,0.4971969742064709,0.157860824742268,8.767611683848797,2.093213058419244,False,True,False,True,False,False,True,True,True,False,,True,14,5,2
Mono,cellstate,25,0.5,0.02,2000,50,100,198,116,116,81,101,0.0970603214124038,0.0368982310792655,0.0148425787106446,0.154047976011994,0.5267616191904048,False,True,False,True,True,True,True,True,True,False,,True,18,1,1
Mono,cellstate,25,0.5,0.02,2000,50,250,500,148,148,122,143,0.0641056454627997,0.0990158796660344,0.0229821658393086,1.5704633204633205,3.4665839308696453,False,True,False,True,True,True,True,True,True,False,,True,21,1,1
Mono,cellstate,25,0.5,0.02,2000,50,500,1000,153,153,138,152,0.0493068469991547,0.1865096280474373,0.0429996560027519,3.5619195046439627,2.623624011007912,False,True,False,True,True,True,True,True,True,False,,True,21,2,2
Mono,cellstate,25,0.5,0.02,2000,50,1000,2000,153,153,151,153,0.0126096324364905,0.3146425099859571,0.0859993120055039,7.626160990712075,2.3130374957000344,False,True,False,True,True,True,True,True,True,False,,True,21,5,4
Mono,cellstate,25,0.5,0.02,2000,75,100,196,126,126,86,108,0.1170036317881552,0.029496209258114,0.0124444444444444,0.1547301587301587,0.6347301587301587,False,True,True,True,True,True,True,True,True,False,,True,20,1,1
Mono,cellstate,25,0.5,0.02,2000,75,250,500,166,166,128,159,0.1111583417060297,0.0918585333918442,0.0182548375319459,1.329718875502008,3.485943775100401,False,True,True,True,True,True,True,True,True,False,,True,23,2,2
Mono,cellstate,25,0.5,0.02,2000,75,500,1000,178,178,153,176,0.0822699051631271,0.1457250157836205,0.0317399860344061,2.8313971941852345,2.717482384307751,False,True,True,True,True,True,True,True,True,False,,True,24,3,3
Mono,cellstate,25,0.5,0.02,2000,75,1000,2000,181,181,176,181,0.0445877998430973,0.2531204392339167,0.0613873542050337,6.1011049723756905,2.490699815837937,False,True,True,True,True,True,True,True,True,False,,True,24,8,7
Mono,cellstate,25,0.5,0.02,2000,100,100,196,127,127,84,109,0.1540793274042724,0.0393314472054629,0.0122484689413823,0.1317335333083364,0.5486814148231471,False,True,True,True,True,True,True,True,True,False,,True,20,1,1
Mono,cellstate,25,0.5,0.02,2000,100,250,500,163,163,126,156,0.1276294434013302,0.0966327140063288,0.0189350905097326,1.3641217905021583,3.388396576535636,False,True,True,True,True,True,True,True,True,False,,True,22,2,2
Mono,cellstate,25,0.5,0.02,2000,100,500,1000,178,178,151,176,0.1046123667192419,0.1618051789570741,0.0317399860344061,2.830064114771789,2.673808163524408,False,True,True,True,True,True,True,True,True,False,,True,24,3,3
Mono,cellstate,25,0.5,0.02,2000,100,1000,2000,181,181,176,180,0.0532849138966228,0.2565696765158972,0.0613873542050337,6.090761203192143,2.4732351135666053,False,True,True,True,True,True,True,True,True,False,,True,24,8,7
Mono,cellstate,25,0.5,0.02,3000,10,100,200,43,43,41,42,0.0219480776852952,0.2521702259948354,0.1107419712070874,2.9224806201550386,2.3549280177187155,False,False,False,False,False,False,False,False,True,False,,False,5,0,0
Mono,cellstate,25,0.5,0.02,3000,10,250,297,42,42,42,41,0.0143886016028995,0.4157374622641049,0.1724738675958188,4.444831591173054,2.139953542392566,False,False,False,False,False,False,False,False,True,False,,False,5,0,0
Mono,cellstate,25,0.5,0.02,3000,10,500,296,42,42,42,41,0.0146368732678256,0.4160998400700917,0.1718931475029036,4.429152148664344,2.143437862950058,False,False,False,False,False,False,False,False,True,False,,False,5,0,0
Mono,cellstate,25,0.5,0.02,3000,10,1000,296,42,42,42,41,0.0146368732678256,0.4160998400700917,0.1718931475029036,4.429152148664344,2.143437862950058,False,False,False,False,False,False,False,False,True,False,,False,5,0,0
Mono,cellstate,25,0.5,0.02,3000,25,100,200,93,93,72,86,0.0975112729795352,0.0706096173838109,0.0233754090696587,0.7242870500233755,2.8402290790088824,False,True,False,True,True,False,True,True,True,False,,False,13,1,0
Mono,cellstate,25,0.5,0.02,3000,25,250,500,100,100,87,100,0.0753236572791628,0.1456687516015688,0.0505050505050505,2.723737373737374,2.565757575757576,False,True,False,True,True,False,True,True,True,False,,True,15,1,0
Mono,cellstate,25,0.5,0.02,3000,25,500,1000,98,98,94,98,0.0395460524968775,0.2764602877369982,0.1051967178624027,6.614874815905743,2.1814643383126446,False,True,True,True,True,False,True,True,True,False,,True,17,5,4
Mono,cellstate,25,0.5,0.02,3000,25,1000,2000,100,100,100,100,0.0248361135003299,0.4721064279096461,0.202020202020202,13.347575757575758,1.9005050505050505,False,True,False,True,False,False,True,True,True,False,,True,15,7,2
Mono,cellstate,25,0.5,0.02,3000,50,100,195,120,120,79,102,0.0887070854638422,0.0506527269027269,0.0136554621848739,0.1436974789915966,0.5820028011204482,False,True,True,True,True,True,True,True,True,False,,False,17,2,2
Mono,cellstate,25,0.5,0.02,3000,50,250,500,154,154,129,152,0.041786656510107,0.1024085326014279,0.0212206094559035,1.5731686614039555,3.63997113997114,False,True,True,True,True,True,True,True,True,False,,True,22,4,3
Mono,cellstate,25,0.5,0.02,3000,50,500,1000,159,159,148,158,0.0458833497088014,0.1374927349609782,0.0398057479500039,3.676538492158268,2.820635299737282,False,True,True,True,True,True,True,True,True,False,,True,22,4,3
Mono,cellstate,25,0.5,0.02,3000,50,1000,2000,159,159,157,159,0.0271728158927526,0.2432146735095772,0.0796114959000079,7.9665631717219965,2.344598360003185,False,True,True,True,True,True,True,True,True,False,,True,23,10,7
Mono,cellstate,25,0.5,0.02,3000,75,100,198,127,127,79,106,0.0869484400468987,0.0363036351225327,0.0123734533183352,0.0887389076365454,0.3323959505061867,False,True,True,True,True,True,True,False,True,False,,False,16,2,2
Mono,cellstate,25,0.5,0.02,3000,75,250,500,170,170,135,164,0.1060366740960415,0.0915748257928742,0.0174034110685694,1.2948485903237037,3.5754959972154543,False,True,True,True,True,True,True,True,True,False,,True,23,4,3
Mono,cellstate,25,0.5,0.02,3000,75,500,1000,173,173,159,171,0.0919099389066921,0.1204398678453013,0.0336066675628444,3.2937894878343865,2.8669848097862616,False,True,True,True,True,True,True,True,True,False,,True,24,1,1
Mono,cellstate,25,0.5,0.02,3000,75,1000,2000,179,179,173,179,0.0557052463686536,0.2115755825429273,0.0627706986378758,6.822076454710941,2.432709811060197,False,True,True,True,True,True,True,True,True,False,,True,24,9,7
Mono,cellstate,25,0.5,0.02,3000,100,100,198,129,129,81,106,0.1141461440628974,0.0298024542210588,0.0119912790697674,0.1243338178294573,0.5142320736434108,False,True,True,True,True,True,True,False,True,False,,False,16,2,2
Mono,cellstate,25,0.5,0.02,3000,100,250,500,173,173,135,168,0.1415683505357904,0.084996983645134,0.0168033337814222,1.2413966931039118,3.4516736120446296,False,True,True,True,True,True,True,True,True,False,,True,23,4,3
Mono,cellstate,25,0.5,0.02,3000,100,500,1000,179,179,163,177,0.1274091736816596,0.1194413190080525,0.0313853493189379,3.103226413909987,2.944887326595945,False,True,True,True,True,True,True,True,True,False,,True,23,4,3
Mono,cellstate,25,0.5,0.02,3000,100,1000,2000,182,182,177,182,0.085099524820587,0.2140110055798838,0.0607127678950883,6.658308542286443,2.4551636209094774,False,True,True,True,True,True,True,True,True,False,,True,24,7,6
Mono,cellstate,25,0.5,0.02,4000,10,100,200,44,44,42,43,0.0393724664049283,0.2928821245208805,0.1057082452431289,2.8387949260042284,2.350951374207188,False,False,False,False,False,False,False,False,True,False,,True,6,1,0
Mono,cellstate,25,0.5,0.02,4000,10,250,359,44,44,44,43,0.007202364955657,0.4840435306683823,0.1897463002114165,5.033298097251586,2.028012684989429,False,False,False,False,False,False,False,False,True,False,,True,6,1,0
Mono,cellstate,25,0.5,0.02,4000,10,500,359,44,44,44,43,0.0072883633431873,0.4817594844016026,0.1897463002114165,5.0221987315010574,2.02061310782241,False,False,False,False,False,False,False,False,True,False,,True,6,1,0
Mono,cellstate,25,0.5,0.02,4000,10,1000,364,44,44,44,43,0.0057925029515938,0.4828004213185597,0.1923890063424947,5.113107822410148,2.014799154334038,False,False,False,False,False,False,False,False,True,False,,True,6,1,0
Mono,cellstate,25,0.5,0.02,4000,25,100,200,92,92,63,87,0.0843827611395179,0.0901738659890833,0.0238891543239369,0.6281653129479217,2.213688485427616,False,True,True,True,True,False,True,False,True,False,,False,13,2,1
Mono,cellstate,25,0.5,0.02,4000,25,250,500,102,102,88,102,0.0829248627096228,0.1572666137932027,0.048534265191225,2.63113958454669,2.691904484566104,False,True,True,True,True,False,True,False,True,False,,True,15,2,1
Mono,cellstate,25,0.5,0.02,4000,25,500,1000,104,104,100,104,0.0639268431263678,0.2770106863470505,0.0933532486930545,6.031366691560867,2.3002240477968634,False,True,True,True,True,False,True,False,True,False,,True,16,5,4
Mono,cellstate,25,0.5,0.02,4000,25,1000,2000,103,103,102,103,0.0195532369314799,0.434627547994195,0.1903674090995621,13.214258518941556,1.905672948791167,False,True,True,True,True,False,True,False,True,False,,True,16,13,7
Mono,cellstate,25,0.5,0.02,4000,50,100,199,120,120,74,106,0.030910479855138,0.0439409664409664,0.0139355742296918,0.1511204481792717,0.6485994397759104,False,True,True,True,True,True,True,True,True,False,,False,17,2,2
Mono,cellstate,25,0.5,0.02,4000,50,250,500,151,151,121,146,0.0501425112772835,0.1021475465108747,0.0220750551876379,1.498057395143488,3.048962472406181,False,True,True,True,True,True,True,True,True,False,,True,21,3,2
Mono,cellstate,25,0.5,0.02,4000,50,500,1000,158,158,146,157,0.0365358812326869,0.1467838324593139,0.0403128275417237,3.5932032572764654,2.793920825606708,False,True,True,True,True,True,True,True,True,False,,True,22,4,3
Mono,cellstate,25,0.5,0.02,4000,50,1000,2000,159,159,157,159,0.028667337576524,0.2338648386391134,0.0796114959000079,7.982684499641748,2.361913860361436,False,True,True,True,True,True,True,True,True,False,,True,22,5,4
Mono,cellstate,25,0.5,0.02,4000,75,100,199,126,126,74,112,0.1078217295148511,0.0288241740622693,0.0126349206349206,0.1663492063492063,0.7819047619047619,False,True,True,True,True,True,True,False,True,False,,False,16,2,2
Mono,cellstate,25,0.5,0.02,4000,75,250,500,165,165,125,160,0.1046597837499309,0.0868367088535592,0.0184774575018477,1.3051736881005174,3.057464892830746,False,True,True,True,True,True,True,True,True,False,,True,22,3,2
Mono,cellstate,25,0.5,0.02,4000,75,500,1000,176,176,158,176,0.0998897622471888,0.1241607924666748,0.0324675324675324,3.083474025974026,2.943668831168832,False,True,True,True,True,True,True,True,True,False,,True,23,5,4
Mono,cellstate,25,0.5,0.02,4000,75,1000,2000,179,179,178,179,0.0669918816944299,0.2034175962952233,0.0627706986378758,6.922446801832905,2.559506622308706,False,True,True,True,True,True,True,True,True,False,,True,24,6,5
Mono,cellstate,25,0.5,0.02,4000,100,100,198,128,128,74,116,0.1480732231779085,0.0341027462121212,0.0121801181102362,0.1799950787401575,0.9605068897637796,False,True,True,True,True,True,True,False,True,False,,False,16,2,2
Mono,cellstate,25,0.5,0.02,4000,100,250,500,170,170,125,165,0.1492280674403569,0.0886094980046545,0.0174034110685694,1.2072050121823878,2.9437869822485205,False,True,True,True,True,True,True,True,True,False,,True,22,3,2
Mono,cellstate,25,0.5,0.02,4000,100,500,1000,179,179,162,179,0.1287789461247637,0.1134159400546739,0.0313853493189379,2.9639068482832216,2.9908040926495514,False,True,True,True,True,True,True,True,True,False,,True,23,5,4
Mono,cellstate,25,0.5,0.02,4000,100,1000,2000,182,182,181,182,0.1049506826719551,0.1961521523069539,0.0607127678950883,6.73893509805112,2.589156699653937,False,True,True,True,True,True,True,True,True,False,,True,24,6,5
Mono,cellstate,25,0.5,0.03,2000,10,100,189,39,39,37,37,0.0402836515869964,0.3992456504006873,0.1275303643724696,2.577597840755736,2.205802968960864,False,False,False,False,False,False,False,False,True,False,,False,5,0,0
Mono,cellstate,25,0.5,0.03,2000,10,250,219,39,39,39,37,0.0315918367346939,0.4796609286182374,0.1477732793522267,2.9473684210526314,2.244264507422402,False,False,False,False,False,False,False,False,True,False,,False,5,0,0
Mono,cellstate,25,0.5,0.03,2000,10,500,179,38,38,38,34,0.0361934696941264,0.377983011773952,0.1273115220483641,2.428876244665718,2.2233285917496444,False,False,False,False,False,False,False,False,True,False,,False,5,0,0
Mono,cellstate,25,0.5,0.03,2000,10,1000,258,40,40,40,38,0.0372639291106655,0.5045732696955607,0.1653846153846153,3.3737179487179487,2.169230769230769,False,False,False,False,False,False,False,False,True,False,,True,7,0,0
Mono,cellstate,25,0.5,0.03,2000,25,100,200,88,88,70,84,0.0571932476694381,0.0810966810966811,0.0261233019853709,0.8450888192267503,2.5312173458725185,False,True,False,True,False,False,True,False,True,False,,True,13,0,0
Mono,cellstate,25,0.5,0.03,2000,25,250,500,96,96,89,94,0.061603332912511,0.2077544857925782,0.0548245614035087,2.851206140350877,2.6021929824561405,False,True,False,True,False,False,True,True,True,False,,True,14,1,0
Mono,cellstate,25,0.5,0.03,2000,25,500,1000,96,96,93,95,0.0302941176470588,0.3970329298177801,0.1096491228070175,5.62390350877193,2.2651315789473685,False,True,False,True,False,False,True,True,True,False,,True,14,3,2
Mono,cellstate,25,0.5,0.03,2000,25,1000,1360,96,96,96,95,0.0186581124159067,0.4835236142352551,0.1491228070175438,7.916008771929825,2.144078947368421,False,True,False,True,False,False,True,True,True,False,,True,14,5,2
Mono,cellstate,25,0.5,0.03,2000,50,100,198,119,119,86,102,0.0809187872679935,0.0558896285787042,0.0141005554764278,0.4685942173479561,3.0987751032616435,False,True,False,True,True,True,True,False,True,False,,False,18,0,0
Mono,cellstate,25,0.5,0.03,2000,50,250,500,145,145,110,145,0.0987310540877579,0.1291596467776674,0.0239463601532567,1.5832854406130268,2.8157088122605365,False,True,False,True,True,True,True,True,True,False,,True,21,0,0
Mono,cellstate,25,0.5,0.03,2000,50,500,1000,151,151,137,150,0.0694287440082283,0.2235235188924032,0.0441501103752759,3.5470198675496687,2.6335540838852096,False,True,False,True,True,True,True,True,True,False,,True,21,5,2
Mono,cellstate,25,0.5,0.03,2000,50,1000,2000,152,152,150,150,0.0231891363781906,0.3412545347766266,0.0871383757406761,7.389072847682119,2.273440223074242,False,True,False,True,True,True,True,True,True,False,,True,21,7,2
Mono,cellstate,25,0.5,0.03,2000,75,100,197,131,131,87,113,0.1372441980907589,0.0331009109635063,0.0115678214914856,0.2591309453904873,1.5443335290663536,False,True,False,True,True,True,True,False,True,False,,True,21,2,2
Mono,cellstate,25,0.5,0.03,2000,75,250,500,162,162,119,156,0.1034912773936325,0.1063789865225554,0.0191703090253814,1.2636300897170465,2.629437926539376,False,True,False,True,True,True,True,True,True,False,,True,23,2,2
Mono,cellstate,25,0.5,0.03,2000,75,500,1000,171,171,151,167,0.0830898689981532,0.205881806465354,0.0343997248022015,2.8840385276917786,2.674406604747162,False,True,False,True,True,True,True,True,True,False,,True,23,7,4
Mono,cellstate,25,0.5,0.03,2000,75,1000,2000,173,173,169,171,0.0469268918271767,0.3058446209269373,0.0672133351256889,6.167831697808845,2.410539050947708,False,True,False,True,True,True,True,True,True,False,,True,23,9,4
Mono,cellstate,25,0.5,0.03,2000,100,100,190,126,126,82,108,0.168241965973535,0.0355476534047962,0.012063492063492,0.2496507936507936,1.4408888888888889,False,True,False,True,True,True,True,False,True,False,,True,20,0,0
Mono,cellstate,25,0.5,0.03,2000,100,250,500,161,161,119,155,0.1187075599818922,0.1122455792150809,0.0194099378881987,1.3024068322981366,2.7082686335403725,False,True,True,True,True,True,True,True,True,False,,True,24,3,3
Mono,cellstate,25,0.5,0.03,2000,100,500,1000,173,173,155,169,0.1034182392659279,0.198263908163738,0.0336066675628444,2.8982726172872697,2.7531254200833444,False,True,True,True,True,True,True,True,True,False,,True,24,7,5
Mono,cellstate,25,0.5,0.03,2000,100,1000,2000,176,176,171,173,0.0533650421486669,0.3016476359564585,0.0649350649350649,6.023441558441559,2.3959415584415584,False,True,True,True,True,True,True,True,True,False,,True,24,10,5
Mono,cellstate,25,0.5,0.03,3000,10,100,200,43,43,40,43,0.0299083915860704,0.3532471560407337,0.1107419712070874,2.6716500553709857,2.287929125138428,False,False,False,False,False,False,False,False,True,False,,True,7,1,0
Mono,cellstate,25,0.5,0.03,3000,10,250,331,43,43,43,43,0.0169410150891632,0.4872085954375503,0.1832779623477297,4.699335548172757,2.122923588039867,False,False,False,False,False,False,False,False,True,False,,True,7,2,0
Mono,cellstate,25,0.5,0.03,3000,10,500,330,43,43,43,43,0.0139992537416564,0.4890631783335893,0.1827242524916943,4.679401993355482,2.124031007751938,False,False,False,False,False,False,False,False,True,False,,True,7,2,0
Mono,cellstate,25,0.5,0.03,3000,10,1000,329,43,43,43,43,0.0139992537416564,0.4890631783335893,0.1821705426356589,4.658361018826136,2.124584717607973,False,False,False,False,False,False,False,False,True,False,,True,7,2,0
Mono,cellstate,25,0.5,0.03,3000,25,100,199,87,87,65,83,0.0488228213095937,0.0837654044550596,0.0265971665330125,0.8531141406041165,3.1154771451483563,False,True,True,True,False,False,True,True,True,False,,True,15,2,2
Mono,cellstate,25,0.5,0.03,3000,25,250,500,98,98,84,98,0.0473389142083484,0.1693802163880812,0.0525983589312013,2.821586366505365,2.5246160319798023,False,True,True,True,False,False,True,True,True,False,,True,16,3,2
Mono,cellstate,25,0.5,0.03,3000,25,500,1000,99,99,96,99,0.042512861814745,0.2705060628935389,0.1030715316429602,6.423211708925995,2.230261801690373,False,True,True,True,False,False,True,True,True,False,,True,16,7,4
Mono,cellstate,25,0.5,0.03,3000,25,1000,2000,99,99,98,99,0.0158163541805594,0.4970625532808371,0.2061430632859204,13.281797567511854,1.8674500103071527,False,True,True,True,False,False,True,True,True,False,,True,16,10,6
Mono,cellstate,25,0.5,0.03,3000,50,100,198,121,121,83,106,0.0625848800362154,0.0570182342909615,0.0136363636363636,0.2426308539944903,1.38133608815427,False,True,True,True,True,False,True,False,True,False,,False,18,1,1
Mono,cellstate,25,0.5,0.03,3000,50,250,500,154,154,127,148,0.0436939481675023,0.0850125836797059,0.0212206094559035,1.549741108564638,3.2487055428231897,False,True,True,True,True,False,True,True,True,False,,True,21,2,2
Mono,cellstate,25,0.5,0.03,3000,50,500,1000,158,158,145,157,0.0378745274102079,0.1411924403915051,0.0403128275417237,3.63633798274611,2.797589292913005,False,True,True,True,True,False,True,True,True,False,,True,22,5,3
Mono,cellstate,25,0.5,0.03,3000,50,1000,2000,158,158,156,158,0.0281950024348673,0.2449220748535854,0.0806256550834475,8.013222607433685,2.3406837055551075,False,True,True,True,True,False,True,True,True,False,,True,22,8,5
Mono,cellstate,25,0.5,0.03,3000,75,100,195,124,124,80,113,0.1244101918842403,0.0672901247498021,0.0127852084972462,0.1732231838447416,0.8537241017571466,False,True,True,True,True,True,True,False,True,False,,False,20,2,2
Mono,cellstate,25,0.5,0.03,3000,75,250,500,168,168,132,163,0.1051191135734071,0.076029822584168,0.017821499857428,1.2706729398346164,2.967743085258056,False,True,True,True,True,True,True,True,True,False,,True,24,4,4
Mono,cellstate,25,0.5,0.03,3000,75,500,1000,176,176,155,175,0.0856977685281535,0.1319781509906949,0.0324675324675324,3.089935064935065,2.838896103896104,False,True,True,True,True,True,True,True,True,False,,True,24,7,4
Mono,cellstate,25,0.5,0.03,3000,75,1000,2000,178,178,171,178,0.0604775131862301,0.2093578115890748,0.0634799720688122,6.891004887957849,2.43401256903447,False,True,True,True,True,True,True,True,True,False,,True,24,12,8
Mono,cellstate,25,0.5,0.03,3000,100,100,194,124,124,78,112,0.1687065686751123,0.0512795000698226,0.0127196433254655,0.1473249409913454,0.6226068712300026,False,True,True,True,True,True,True,False,True,False,,False,19,2,2
Mono,cellstate,25,0.5,0.03,3000,100,250,500,171,171,134,165,0.1600632900218911,0.0714337228662903,0.0171998624011007,1.2234606123151015,3.1451668386652907,False,True,True,True,True,True,True,True,True,False,,True,24,4,4
Mono,cellstate,25,0.5,0.03,3000,100,500,996,176,176,156,175,0.1747743738070873,0.1370521340395086,0.0323376623376623,3.080487012987013,2.8184415584415583,False,True,True,True,True,True,True,True,True,False,,True,24,5,4
Mono,cellstate,25,0.5,0.03,3000,100,1000,1992,179,179,172,179,0.1053268211084459,0.2102438435437778,0.0625196158433243,6.817274496265143,2.415071244742954,False,True,True,True,True,True,True,True,True,False,,True,24,11,7
Mono,cellstate,25,0.5,0.03,4000,10,100,200,43,43,38,43,0.0103206665825022,0.263238744839292,0.1107419712070874,2.857142857142857,2.158361018826135,False,False,False,False,False,False,False,False,True,False,,True,5,1,0
Mono,cellstate,25,0.5,0.03,4000,10,250,398,43,43,43,43,0.0002700513097488,0.5348997915221114,0.2203765227021041,5.868770764119601,1.9673311184939093,False,False,False,False,False,False,False,False,True,False,,True,5,2,0
Mono,cellstate,25,0.5,0.03,4000,10,500,412,43,43,43,43,0.0025637348058374,0.5458473912979149,0.2281284606866002,6.089700996677741,1.944629014396456,False,False,False,False,False,False,False,False,True,False,,True,6,2,0
Mono,cellstate,25,0.5,0.03,4000,10,1000,398,43,43,43,43,-0.0004648755379616,0.5313360313693316,0.2203765227021041,5.868770764119601,1.9706533776301216,False,False,False,False,False,False,False,False,True,False,,True,5,2,0
Mono,cellstate,25,0.5,0.03,4000,25,100,200,88,88,65,83,0.0519031141868512,0.1219837611883066,0.0261233019853709,0.5641327063740856,1.7945402298850577,False,True,True,True,False,False,True,True,True,False,,True,15,2,1
Mono,cellstate,25,0.5,0.03,4000,25,250,500,98,98,88,98,0.0418620037807183,0.152867087012095,0.0525983589312013,2.9113191668419947,2.63223227435304,False,True,True,True,False,False,True,False,True,False,,True,15,4,3
Mono,cellstate,25,0.5,0.03,4000,25,500,1000,98,98,95,98,0.0440515064564267,0.2615686942682659,0.1051967178624027,6.546707342730906,2.1953503050704817,False,True,True,True,False,False,True,False,True,False,,True,15,8,7
Mono,cellstate,25,0.5,0.03,4000,25,1000,2000,98,98,98,98,0.0177631406217181,0.4549260864280895,0.2103934357248054,14.23374710709026,1.8715548074900064,False,True,True,True,False,False,True,False,True,False,,True,15,12,8
Mono,cellstate,25,0.5,0.03,4000,50,100,200,119,119,83,107,0.0595720690488335,0.0396245677758282,0.0142429853297251,0.3943170488534396,2.2598632673408345,False,True,True,True,True,False,True,False,True,False,,False,18,2,2
Mono,cellstate,25,0.5,0.03,4000,50,250,500,152,152,117,150,0.0577470962086346,0.1040888554102461,0.021784593935169,1.408373997908679,2.895259672359708,False,True,True,True,True,False,True,True,True,False,,True,21,3,2
Mono,cellstate,25,0.5,0.03,4000,50,500,1000,158,158,147,158,0.0573877093805326,0.1448327220500602,0.0403128275417237,3.6625413206482302,2.902523583004112,False,True,True,True,True,False,True,True,True,False,,True,22,7,4
Mono,cellstate,25,0.5,0.03,4000,50,1000,2000,157,157,153,157,0.040239093659908,0.2349080265041578,0.0816593173281071,8.070839457782133,2.2687408133268008,False,True,True,True,True,False,True,True,True,False,,True,22,9,6
Mono,cellstate,25,0.5,0.03,4000,75,100,195,129,129,78,116,0.1465878225441376,0.0288309628254908,0.0118095930232558,0.1572795542635658,0.7456395348837209,False,True,True,True,True,True,True,False,True,False,,False,16,1,1
Mono,cellstate,25,0.5,0.03,4000,75,250,499,169,169,125,167,0.1380812962297861,0.111479529860459,0.0175753733446041,1.2283389687235842,3.244258946182024,False,True,True,True,True,True,True,True,True,False,,False,23,4,4
Mono,cellstate,25,0.5,0.03,4000,75,500,1000,178,178,157,176,0.1048908064799388,0.1375766629769948,0.0317399860344061,3.0519266171522883,2.9730210118707547,False,True,True,True,True,True,True,True,True,False,,True,24,6,5
Mono,cellstate,25,0.5,0.03,4000,75,1000,2000,178,178,174,178,0.0791674244160555,0.2049076377842508,0.0634799720688122,7.030660826509236,2.432965149495334,False,True,True,True,True,True,True,True,True,False,,True,24,10,7
Mono,cellstate,25,0.5,0.03,4000,100,100,195,128,128,77,115,0.2239984155726573,0.02148860254329,0.0119955708661417,0.1691067913385826,1.0175319881889764,False,True,True,True,True,True,True,False,True,False,,False,16,1,1
Mono,cellstate,25,0.5,0.03,4000,100,250,499,173,173,126,168,0.1762940785693765,0.1039440447643886,0.0167697271138593,1.2050678854684769,3.1795268181207152,False,True,True,True,True,True,True,True,True,False,,False,23,4,4
Mono,cellstate,25,0.5,0.03,4000,100,500,1000,180,180,159,178,0.1616869817401664,0.1430302652131942,0.0310366232153941,2.9731843575418995,2.9347610180012413,False,True,True,True,True,True,True,True,True,False,,True,24,7,5
Mono,cellstate,25,0.5,0.03,4000,100,1000,2000,179,179,174,179,0.1084637992073105,0.1901244253340583,0.0627706986378758,6.987445860272425,2.477653631284916,False,True,True,True,True,True,True,True,True,False,,True,24,9,5
Mono,cellstate,25,0.75,0.005,2000,10,100,200,46,46,43,43,0.018229866523336,0.3202445174514093,0.0966183574879227,2.360386473429952,2.4285024154589374,False,True,False,False,True,False,True,False,True,False,,False,11,1,0
Mono,cellstate,25,0.75,0.005,2000,10,250,354,48,48,48,43,0.0094047574240656,0.471870070253176,0.1569148936170212,3.965868794326241,2.050531914893617,False,True,False,False,True,False,True,False,True,False,,False,11,1,0
Mono,cellstate,25,0.75,0.005,2000,10,500,354,48,48,48,43,0.0094047574240656,0.471870070253176,0.1569148936170212,3.965868794326241,2.050531914893617,False,True,False,False,True,False,True,False,True,False,,False,11,1,0
Mono,cellstate,25,0.75,0.005,2000,10,1000,355,48,48,48,43,0.0085804599313563,0.4706033494399784,0.1573581560283688,3.9875886524822697,2.048758865248227,False,True,False,False,True,False,True,False,True,False,,False,11,1,0
Mono,cellstate,25,0.75,0.005,2000,25,100,200,93,93,65,87,0.0360143896480442,0.0846529814271749,0.0233754090696587,0.7206638616175783,2.16713417484806,False,True,True,False,True,False,False,True,True,False,,True,16,1,1
Mono,cellstate,25,0.75,0.005,2000,25,250,500,101,101,88,99,0.0180511543684925,0.2130564710414167,0.0495049504950495,2.5097029702970297,2.618118811881188,False,True,True,False,True,False,True,True,True,False,,True,18,2,2
Mono,cellstate,25,0.75,0.005,2000,25,500,1000,102,102,98,100,0.0151327164587659,0.3373358006020844,0.09706853038245,5.38982721801592,2.2930498932246164,False,True,True,False,True,False,True,True,True,False,,True,18,5,4
Mono,cellstate,25,0.75,0.005,2000,25,1000,1566,102,102,102,100,0.0006803976234025,0.4631380936005885,0.1520093185789167,8.775480489225393,2.123956513298389,False,True,True,False,True,False,True,True,True,False,,True,18,5,4
Mono,cellstate,25,0.75,0.005,2000,50,100,197,121,121,84,102,0.0704644489318737,0.0476379910264207,0.0135674931129476,0.3270661157024793,1.5398760330578511,False,True,True,True,True,True,True,True,True,False,,True,20,1,1
Mono,cellstate,25,0.75,0.005,2000,50,250,500,148,148,122,139,0.0818769851986163,0.1229420342780311,0.0229821658393086,1.5180639823496966,2.7137801066372496,False,True,True,True,True,True,True,True,True,False,,True,22,2,2
Mono,cellstate,25,0.75,0.005,2000,50,500,1000,153,153,141,151,0.032027225880623,0.1862149875054636,0.0429996560027519,3.355736154110767,2.5881492948056417,False,True,True,True,True,True,True,True,True,False,,True,22,4,4
Mono,cellstate,25,0.75,0.005,2000,50,1000,2000,154,154,151,154,0.0232437039117292,0.3075272954280331,0.0848824378236142,7.201935319582378,2.4056531703590527,False,True,True,True,True,True,True,True,True,False,,True,22,6,6
Mono,cellstate,25,0.75,0.005,2000,75,100,196,126,126,84,104,0.0284034470724046,0.0556791092505378,0.0124444444444444,0.2575873015873016,1.2217142857142858,False,True,True,True,True,True,True,True,True,False,,True,21,1,1
Mono,cellstate,25,0.75,0.005,2000,75,250,500,159,159,133,150,0.0389626952917419,0.1243972424979416,0.0199028739750019,1.4619855107077462,3.230156834646923,False,True,True,True,True,True,True,True,True,False,,True,23,2,2
Mono,cellstate,25,0.75,0.005,2000,75,500,1000,167,167,150,165,0.0266706734655874,0.1729411798955298,0.0360724334463602,2.9647933049563524,2.6316283096457687,False,True,True,True,True,True,True,True,True,False,,True,24,4,4
Mono,cellstate,25,0.75,0.005,2000,75,1000,2000,167,167,163,167,0.0208858236370966,0.2747717589432872,0.0721448668927205,6.534449173941274,2.442031599451699,False,True,True,True,True,True,True,True,True,False,,True,24,6,6
Mono,cellstate,25,0.75,0.005,2000,100,100,197,122,122,80,102,0.0396189087880049,0.0402686111702505,0.0133450751930632,0.2943368107302533,1.5054193198753556,False,True,True,True,True,True,True,True,True,False,,True,22,1,1
Mono,cellstate,25,0.75,0.005,2000,100,250,500,161,161,128,149,0.0406463276262087,0.1222396577213515,0.0194099378881987,1.2445263975155278,2.563198757763975,False,True,True,True,True,True,True,True,True,False,,True,24,2,2
Mono,cellstate,25,0.75,0.005,2000,100,500,1000,169,169,149,167,0.0427460027720507,0.1775749362412187,0.0352211890673429,2.8854254719639334,2.592032967032967,False,True,True,True,True,True,True,True,True,False,,True,24,4,4
Mono,cellstate,25,0.75,0.005,2000,100,1000,2000,169,169,165,169,0.0338954332490805,0.2769290421642526,0.0704423781346858,6.372147083685546,2.437447168216399,False,True,True,True,True,True,True,True,True,False,,True,24,6,6
Mono,cellstate,25,0.75,0.005,3000,10,100,200,48,48,42,44,0.0222311803875899,0.2985935180159251,0.0886524822695035,2.140514184397163,2.165336879432624,False,True,False,False,True,False,True,False,True,False,,False,10,1,0
Mono,cellstate,25,0.75,0.005,3000,10,250,368,48,48,48,44,0.0119262280732467,0.4931426482807464,0.1631205673758865,4.14095744680851,2.015514184397163,False,True,False,False,True,False,True,False,True,False,,False,10,1,0
Mono,cellstate,25,0.75,0.005,3000,10,500,368,48,48,48,44,0.0119262280732467,0.4931426482807464,0.1631205673758865,4.14095744680851,2.015514184397163,False,True,False,False,True,False,True,False,True,False,,False,10,1,0
Mono,cellstate,25,0.75,0.005,3000,10,1000,368,48,48,48,44,0.0119262280732467,0.4931426482807464,0.1631205673758865,4.14095744680851,2.015514184397163,False,True,False,False,True,False,True,False,True,False,,False,10,1,0
Mono,cellstate,25,0.75,0.005,3000,25,100,200,91,91,66,83,0.0627577039930555,0.0951562622538705,0.0244200244200244,0.81001221001221,2.370940170940171,False,True,True,False,True,False,True,True,True,False,,True,17,1,1
Mono,cellstate,25,0.75,0.005,3000,25,250,500,100,100,87,99,0.028100358422939,0.2302960686895831,0.0505050505050505,2.5524242424242423,2.6014141414141414,False,True,True,False,True,False,True,True,True,False,,True,18,2,2
Mono,cellstate,25,0.75,0.005,3000,25,500,1000,100,100,96,99,0.0173829938097392,0.3381529219896715,0.101010101010101,5.693636363636363,2.278383838383838,False,True,True,False,True,False,True,True,True,False,,True,18,5,4
Mono,cellstate,25,0.75,0.005,3000,25,1000,1651,100,100,100,99,-9.114730681724888e-05,0.4742601631762559,0.1667676767676767,9.66939393939394,2.085151515151515,False,True,True,False,True,False,True,True,True,False,,True,18,5,4
Mono,cellstate,25,0.75,0.005,3000,50,100,197,117,117,80,99,0.0683186848958333,0.066096866096866,0.0145151783082817,0.3704686118479222,1.5303566165635132,False,True,True,True,True,True,True,True,True,False,,True,20,1,1
Mono,cellstate,25,0.75,0.005,3000,50,250,500,145,145,122,140,0.0613022781223515,0.1343297874727824,0.0239463601532567,1.672844827586207,2.9959291187739465,False,True,True,True,True,True,True,True,True,False,,True,21,2,2
Mono,cellstate,25,0.75,0.005,3000,50,500,1000,151,151,141,149,0.0307076041157292,0.1912266968377952,0.0441501103752759,3.491258278145696,2.6738189845474616,False,True,True,True,True,True,True,True,True,False,,True,22,5,5
Mono,cellstate,25,0.75,0.005,3000,50,1000,2000,151,151,148,150,0.0183660684399488,0.3114181850910646,0.0883002207505518,7.476423841059603,2.3347902869757173,False,True,True,True,True,True,True,True,True,False,,True,22,7,7
Mono,cellstate,25,0.75,0.005,3000,75,100,196,123,123,81,104,0.0430481355204166,0.0456410797874212,0.0130614420898307,0.2986805277888844,1.3158070105291215,False,True,True,True,True,True,True,True,True,False,,True,20,1,1
Mono,cellstate,25,0.75,0.005,3000,75,250,500,162,162,124,150,0.037784297786584,0.1094677246420165,0.0191703090253814,1.2483321831147918,2.636876006441224,False,True,True,True,True,True,True,True,True,False,,True,24,2,2
Mono,cellstate,25,0.75,0.005,3000,75,500,1000,168,168,149,166,0.0363098497004379,0.1855887267394114,0.035642999714856,2.927858568577132,2.5917094382663244,False,True,True,True,True,True,True,True,True,False,,True,24,4,4
Mono,cellstate,25,0.75,0.005,3000,75,1000,2000,168,168,164,168,0.0271204294064448,0.2752611294510695,0.071285999429712,6.576739378386085,2.4592956943256343,False,True,True,True,True,True,True,True,True,False,,True,24,7,7
Mono,cellstate,25,0.75,0.005,3000,100,100,195,122,122,81,103,0.0300699869791666,0.0460151869987935,0.0132095921961793,0.3015851510635415,1.34331391410378,False,True,True,True,True,True,True,True,True,False,,True,20,1,1
Mono,cellstate,25,0.75,0.005,3000,100,250,500,162,162,124,148,0.0361240297003402,0.1075017197621033,0.0191703090253814,1.2305804769572886,2.559082892416226,False,True,True,True,True,True,True,True,True,False,,True,24,2,2
Mono,cellstate,25,0.75,0.005,3000,100,500,1000,169,169,149,167,0.0374182239473511,0.1877380325568039,0.0352211890673429,2.9179698506621583,2.6508171315863622,False,True,True,True,True,True,True,True,True,False,,True,24,4,4
Mono,cellstate,25,0.75,0.005,3000,100,1000,2000,170,170,168,169,0.0304126909966336,0.2580660106984418,0.0696136442742777,6.552767142359903,2.504107205012182,False,True,True,True,True,True,True,True,True,False,,True,24,7,7
Mono,cellstate,25,0.75,0.005,4000,10,100,200,48,48,42,44,0.0222311803875899,0.2985935180159251,0.0886524822695035,2.140514184397163,2.165336879432624,False,True,False,False,True,False,True,False,True,False,,False,10,1,0
Mono,cellstate,25,0.75,0.005,4000,10,250,368,48,48,48,44,0.0119262280732467,0.4931426482807464,0.1631205673758865,4.14095744680851,2.015514184397163,False,True,False,False,True,False,True,False,True,False,,False,10,1,0
Mono,cellstate,25,0.75,0.005,4000,10,500,372,48,48,48,44,0.0098210369707862,0.4829391621648566,0.1648936170212765,4.17863475177305,2.0150709219858154,False,True,False,False,True,False,True,False,True,False,,False,11,1,0
Mono,cellstate,25,0.75,0.005,4000,10,1000,368,48,48,48,44,0.0119262280732467,0.4931426482807464,0.1631205673758865,4.14095744680851,2.015514184397163,False,True,False,False,True,False,True,False,True,False,,False,10,1,0
Mono,cellstate,25,0.75,0.005,4000,25,100,200,91,91,66,83,0.0573866102430555,0.0973612468117962,0.0244200244200244,0.8028083028083028,2.455433455433456,False,True,True,False,True,False,True,True,True,False,,True,17,1,1
Mono,cellstate,25,0.75,0.005,4000,25,250,500,100,100,86,99,0.0316569654994566,0.2320544787006247,0.0505050505050505,2.55,2.563939393939394,False,True,True,False,True,False,True,True,True,False,,True,18,2,2
Mono,cellstate,25,0.75,0.005,4000,25,500,1000,100,100,96,99,0.017908372945715,0.3379998009408506,0.101010101010101,5.6866666666666665,2.2803030303030303,False,True,True,False,True,False,True,True,True,False,,True,18,5,4
Mono,cellstate,25,0.75,0.005,4000,25,1000,1651,100,100,100,99,-9.114730681724888e-05,0.4742601631762559,0.1667676767676767,9.66939393939394,2.085151515151515,False,True,True,False,True,False,True,True,True,False,,True,18,5,4
Mono,cellstate,25,0.75,0.005,4000,50,100,197,117,117,80,100,0.0665386990254772,0.0623931623931623,0.0145151783082817,0.3508694370763336,1.3936781609195403,False,True,True,True,True,True,True,True,True,False,,True,20,1,1
Mono,cellstate,25,0.75,0.005,4000,50,250,500,148,148,122,139,0.0574243562598183,0.1211349403756692,0.0229821658393086,1.508043758043758,2.814533921676779,False,True,True,True,True,True,True,True,True,False,,True,22,2,2
Mono,cellstate,25,0.75,0.005,4000,50,500,1000,151,151,144,148,0.0351822927231665,0.1815264045547825,0.0441501103752759,3.564459161147903,2.77598233995585,False,True,True,True,True,True,True,True,True,False,,True,22,5,5
Mono,cellstate,25,0.75,0.005,4000,50,1000,2000,151,151,148,150,0.020305786857659,0.3097559070660987,0.0883002207505518,7.485165562913907,2.336644591611479,False,True,True,True,True,True,True,True,True,False,,True,22,7,7
Mono,cellstate,25,0.75,0.005,4000,75,100,196,122,122,81,103,0.0388861762152777,0.0497522968834444,0.0132773336946213,0.3436526215959897,1.5724834033328816,False,True,True,True,True,True,True,True,True,False,,True,20,1,1
Mono,cellstate,25,0.75,0.005,4000,75,250,500,161,161,123,147,0.0349834927836268,0.1113918473946018,0.0194099378881987,1.242585403726708,2.5022903726708075,False,True,True,True,True,True,True,True,True,False,,True,24,2,2
Mono,cellstate,25,0.75,0.005,4000,75,500,1000,168,168,149,166,0.0370407745684978,0.1844840709944485,0.035642999714856,2.9283932135728543,2.5897490732820074,False,True,True,True,True,True,True,True,True,False,,True,24,4,4
Mono,cellstate,25,0.75,0.005,4000,75,1000,2000,168,168,164,168,0.0221856314476606,0.2747241984103079,0.071285999429712,6.578842315369261,2.4568006843455947,False,True,True,True,True,True,True,True,True,False,,True,24,7,7
Mono,cellstate,25,0.75,0.005,4000,100,100,196,122,122,81,104,0.0275443636070766,0.0490497207710322,0.0132773336946213,0.3243462945400352,1.432664950548706,False,True,True,True,True,True,True,True,True,False,,True,20,1,1
Mono,cellstate,25,0.75,0.005,4000,100,250,500,163,163,123,150,0.0338617080729563,0.1007557569178796,0.0189350905097326,1.220101492085132,2.519957585397258,False,True,True,True,True,True,True,True,True,False,,True,24,2,2
Mono,cellstate,25,0.75,0.005,4000,100,500,1000,170,170,157,167,0.03632127784025,0.1704893713275835,0.0348068221371388,2.9989557953358856,2.842638357117995,False,True,True,True,True,True,True,True,True,False,,True,24,4,4
Mono,cellstate,25,0.75,0.005,4000,100,1000,2000,169,169,165,169,0.0317395291372711,0.2732675573274955,0.0704423781346858,6.521907579599887,2.471470836855452,False,True,True,True,True,True,True,True,True,False,,True,24,7,7
Mono,cellstate,25,0.75,0.01,2000,10,100,200,46,46,41,43,0.0396050181618387,0.3235462605027822,0.0966183574879227,2.440579710144928,2.1449275362318843,False,True,False,False,True,False,True,False,True,False,,True,9,1,0
Mono,cellstate,25,0.75,0.01,2000,10,250,333,45,45,45,43,0.0013524926953981,0.4674783460278191,0.1681818181818181,4.318686868686869,2.106060606060606,False,True,False,False,True,False,True,False,True,False,,False,7,0,0
Mono,cellstate,25,0.75,0.01,2000,10,500,333,45,45,45,43,0.0013524926953981,0.4674783460278191,0.1681818181818181,4.318686868686869,2.106060606060606,False,True,False,False,True,False,True,False,True,False,,False,7,0,0
Mono,cellstate,25,0.75,0.01,2000,25,100,200,93,93,69,89,0.0285318559556786,0.0575967640483769,0.0233754090696587,0.8214118747078074,2.562879850397382,False,True,True,True,True,False,True,True,True,False,,True,17,1,1
Mono,cellstate,25,0.75,0.01,2000,25,250,500,100,100,86,99,0.0127860644048989,0.1778080022635614,0.0505050505050505,2.705050505050505,2.529292929292929,False,True,True,True,True,False,True,True,True,False,,True,19,2,2
Mono,cellstate,25,0.75,0.01,2000,25,500,1000,101,101,97,99,0.0093632241475898,0.316625207196305,0.099009900990099,5.85920792079208,2.227821782178218,False,True,True,True,True,False,True,True,True,False,,True,19,9,6
Mono,cellstate,25,0.75,0.01,2000,25,1000,1602,101,101,101,100,-0.0047076459201493,0.4374322271455878,0.1586138613861386,9.518019801980198,2.079009900990099,False,True,True,True,True,False,True,True,True,False,,True,19,12,7
Mono,cellstate,25,0.75,0.01,2000,50,1000,2000,160,160,157,160,0.0105406035377174,0.2615058348664185,0.0786163522012578,7.383922955974842,2.36124213836478,False,True,True,True,True,True,False,True,True,False,,True,22,7,4
Mono,cellstate,25,0.75,0.01,2000,75,100,194,123,123,87,106,0.0678474422815754,0.0440540714930958,0.0129281620685059,0.3955751032920165,2.1188191390110624,False,True,True,True,True,True,True,True,True,False,,False,19,1,1
Mono,cellstate,25,0.75,0.01,2000,75,250,500,166,166,128,159,0.0814433395773883,0.071178368703968,0.0182548375319459,1.3176341730558598,2.7305951077035413,False,True,True,True,True,True,True,True,True,False,,True,23,1,1
Mono,cellstate,25,0.75,0.01,2000,75,500,987,173,173,147,172,0.0588718000009092,0.1496628832068485,0.0331697808845274,2.888325043688668,2.635266836940449,False,True,True,True,True,True,True,True,True,False,,True,24,2,2
Mono,cellstate,25,0.75,0.01,2000,75,1000,2000,174,174,165,174,0.036605564928937,0.2286940358146236,0.0664407680552787,6.653876818816025,2.3778154275463423,False,True,True,True,True,True,True,True,True,False,,True,24,9,6
Mono,cellstate,25,0.75,0.01,2000,100,100,195,125,125,86,108,0.0873155846700819,0.0412444444444444,0.0125806451612903,0.3850322580645161,2.158967741935484,False,True,True,True,True,True,True,True,True,False,,False,19,1,1
Mono,cellstate,25,0.75,0.01,2000,100,250,495,165,165,124,161,0.0886890440965239,0.085328462469588,0.0182926829268292,1.2801921655580193,2.851404286770141,False,True,True,True,True,True,True,True,True,False,,True,23,1,1
Mono,cellstate,25,0.75,0.01,2000,100,500,1000,176,176,152,173,0.0931357340720221,0.1371113370686577,0.0324675324675324,3.0090584415584414,2.6760064935064936,False,True,True,True,True,True,True,True,True,False,,True,24,4,3
Mono,cellstate,25,0.75,0.01,2000,100,1000,2000,176,176,168,176,0.0555965042643728,0.2236268574087585,0.0649350649350649,6.608084415584416,2.4053246753246755,False,True,True,True,True,True,True,True,True,False,,True,24,9,6
Mono,cellstate,25,0.75,0.01,3000,10,250,399,48,48,48,46,0.0087037037037036,0.4884210832546782,0.1768617021276596,4.866578014184397,2.077127659574468,False,True,False,False,True,False,False,False,True,False,,True,9,2,0
Mono,cellstate,25,0.75,0.01,3000,10,500,399,48,48,48,46,0.0087037037037036,0.4884210832546782,0.1768617021276596,4.866578014184397,2.077127659574468,False,True,False,False,True,False,False,False,True,False,,True,9,2,0
Mono,cellstate,25,0.75,0.01,3000,10,1000,418,47,47,47,46,0.0073960862527459,0.4751593142029413,0.1933395004625347,5.393154486586494,2.04995374653099,False,True,False,False,True,False,False,False,True,False,,True,9,2,0
Mono,cellstate,25,0.75,0.01,3000,25,100,200,95,95,65,89,0.040771484375,0.0755669476722108,0.0223964165733482,0.6684210526315789,2.0724524076147817,False,True,True,True,True,False,False,True,True,False,,True,18,2,2
Mono,cellstate,25,0.75,0.01,3000,25,250,500,100,100,86,98,0.0190885372485544,0.1565336013315889,0.0505050505050505,2.73070707070707,2.5042424242424244,False,True,True,True,True,False,False,True,True,False,,True,19,2,2
Mono,cellstate,25,0.75,0.01,3000,25,500,1000,104,104,99,104,0.0141565028378215,0.2915425385744991,0.0933532486930545,5.817027632561613,2.30134428678118,False,True,True,True,True,False,False,True,True,False,,True,19,6,3
Mono,cellstate,25,0.75,0.01,3000,25,1000,2000,104,104,104,104,0.0022266708596187,0.4977894256268568,0.186706497386109,11.956684092606425,1.991224794622853,False,True,True,True,True,False,False,True,True,False,,True,19,8,4
Mono,cellstate,25,0.75,0.01,3000,50,100,198,119,119,78,102,0.0484483506944444,0.0560330192683133,0.0141005554764278,0.4079903147699757,1.7705455063381286,False,True,True,True,True,True,False,True,True,False,,True,18,1,1
Mono,cellstate,25,0.75,0.01,3000,50,250,500,143,143,115,139,0.0230770262236902,0.0952229908215099,0.0246232640598837,1.6008076430611642,2.9066778292130406,False,True,True,True,True,True,True,True,True,False,,True,21,2,2
Mono,cellstate,25,0.75,0.01,3000,50,500,1000,153,153,135,152,0.032005238480483,0.1701261168967504,0.0429996560027519,3.5568025455796355,2.603973168214654,False,True,True,True,True,True,True,True,True,False,,True,22,2,2
Mono,cellstate,25,0.75,0.01,3000,50,1000,2000,155,155,154,155,0.0240514227522151,0.2660841742423858,0.0837871805613741,7.747172182656054,2.420360284876414,False,True,True,True,True,True,False,True,True,False,,True,22,7,5
Mono,cellstate,25,0.75,0.01,3000,100,100,194,123,123,88,107,0.1325484498780186,0.0273107000868837,0.0129281620685059,0.468479274956684,2.4693455950952954,False,True,True,True,True,True,True,True,True,False,,True,20,1,1
Mono,cellstate,25,0.75,0.01,3000,100,250,500,167,167,127,162,0.0968641493055555,0.0817600727592103,0.0180362167231801,1.270615395714595,2.8792655652550323,False,True,True,True,True,True,True,True,True,False,,True,23,2,2
Mono,cellstate,25,0.75,0.01,3000,100,500,1000,175,175,157,174,0.0832203929213623,0.1276226411044344,0.0328407224958949,3.0882101806239737,2.8668308702791463,False,True,True,True,True,True,True,True,True,False,,True,24,3,3
Mono,cellstate,25,0.75,0.01,3000,100,1000,2000,176,176,170,176,0.0579980972708431,0.2200018561362036,0.0649350649350649,6.696655844155845,2.440487012987013,False,True,True,True,True,True,True,True,True,False,,True,24,8,6
Mono,cellstate,25,0.75,0.01,4000,10,100,200,46,46,41,45,0.0439351851851851,0.2693199546224852,0.0966183574879227,2.366183574879228,2.2,False,True,False,False,True,False,False,False,True,False,,True,9,0,0
Mono,cellstate,25,0.75,0.01,4000,10,250,438,47,47,47,46,0.0006184132546574,0.4969092357986633,0.2025901942645698,5.586493987049029,2.0374653098982423,False,True,False,False,True,False,False,False,True,False,,True,9,2,0
Mono,cellstate,25,0.75,0.01,4000,10,500,453,47,47,47,46,0.0028192141214254,0.4950352802843094,0.2095282146160962,5.939870490286771,2.001387604070305,False,True,False,False,True,False,False,False,True,False,,True,9,2,0
Mono,cellstate,25,0.75,0.01,4000,10,1000,429,48,48,48,46,0.0043918474687705,0.4853727286276281,0.1901595744680851,5.29654255319149,2.029698581560284,False,True,False,False,True,False,False,False,True,False,,True,9,2,0
Mono,cellstate,25,0.75,0.01,4000,25,250,500,102,102,89,101,0.0234473383918058,0.1658911888849495,0.048534265191225,2.6868569209862163,2.787516986992817,False,True,True,True,True,False,False,True,True,False,,True,19,2,2
Mono,cellstate,25,0.75,0.01,4000,25,500,1000,103,103,101,103,0.0129751852326503,0.2950885785373104,0.095183704549781,5.98715019988578,2.38682657529031,False,True,True,True,True,False,False,True,True,False,,True,19,3,2
Mono,cellstate,25,0.75,0.01,4000,25,1000,2000,103,103,103,103,-0.0001069185811841,0.4932003130489957,0.1903674090995621,12.344184275652008,1.9664953359984767,False,True,True,True,True,False,False,True,True,False,,True,19,9,4
Mono,cellstate,25,0.75,0.01,4000,50,100,198,122,122,79,106,0.0484243809118928,0.0506023174297041,0.0134128166915052,0.3108657363500881,1.5159869936322992,False,True,True,True,True,True,False,True,True,False,,True,20,1,1
Mono,cellstate,25,0.75,0.01,4000,50,250,500,147,147,116,144,0.0223238218104,0.1053256898520774,0.0232969900288882,1.5275836361942037,2.844422700587084,False,True,True,True,True,True,False,True,True,False,,True,22,3,3
Mono,cellstate,25,0.75,0.01,4000,50,500,1000,154,154,136,153,0.0316327110900983,0.162124665252783,0.0424412189118071,3.5216874628639334,2.633053221288516,False,True,True,True,True,True,True,True,True,False,,True,24,2,2
Mono,cellstate,25,0.75,0.01,4000,50,1000,2000,155,155,154,155,0.0242551003102354,0.2661209071111877,0.0837871805613741,7.75672392124005,2.4139505655634688,False,True,True,True,True,True,True,True,True,False,,True,24,7,5
Mono,cellstate,25,0.75,0.01,4000,75,100,199,132,132,89,115,0.0882305565250073,0.0249370133728422,0.0115082118898912,0.3904695813092759,2.077203331020125,False,True,True,True,True,True,True,True,True,False,,True,20,1,1
Mono,cellstate,25,0.75,0.01,4000,75,250,500,164,164,128,156,0.0845848221545385,0.0949553727530771,0.018704174771809,1.2751010025437677,2.817484662576687,False,True,True,True,True,True,True,True,True,False,,True,23,3,3
Mono,cellstate,25,0.75,0.01,4000,75,1000,2000,175,175,171,175,0.0400470717932837,0.2265483791629273,0.0656814449917898,6.745353037766831,2.462200328407225,False,True,True,True,True,True,True,True,True,False,,True,24,6,5
Mono,cellstate,25,0.75,0.01,4000,100,100,198,129,129,87,114,0.0928481301511449,0.0304720280852471,0.0119912790697674,0.407218992248062,2.060683139534884,False,True,True,True,True,True,True,True,True,False,,True,20,1,1
Mono,cellstate,25,0.75,0.01,4000,100,500,1000,174,174,155,172,0.0738284767616292,0.1374063777461688,0.0332203840276393,3.019201381967976,2.7839346222842334,False,True,True,True,True,True,True,True,True,False,,True,24,2,2
Mono,cellstate,25,0.75,0.02,2000,10,100,200,42,42,40,40,-0.0186756354786371,0.3376142987763951,0.1161440185830429,2.513937282229965,2.1655052264808363,False,False,False,False,False,False,False,False,True,False,,False,5,0,0
Mono,cellstate,25,0.75,0.02,2000,10,250,241,42,42,42,40,-0.00735,0.4282678760785793,0.1399535423925667,3.0499419279907083,2.3008130081300813,False,False,False,False,False,False,False,False,True,False,,False,5,0,0
Mono,cellstate,25,0.75,0.02,2000,10,500,234,41,41,41,39,-0.0040269537437246,0.4206138749535261,0.1426829268292682,3.053658536585366,2.3,False,False,False,False,False,False,False,False,True,False,,False,5,0,0
Mono,cellstate,25,0.75,0.02,2000,10,1000,239,42,42,42,40,-0.0047826752372206,0.4182190699587131,0.1387921022067363,2.9982578397212545,2.319396051103368,False,False,False,False,False,False,False,False,True,False,,False,5,0,0
Mono,cellstate,25,0.75,0.02,2000,25,100,200,93,93,70,88,0.0815485756026296,0.0545903288687669,0.0233754090696587,0.8014258999532492,2.979663394109397,False,True,True,True,True,False,True,True,True,False,,True,16,1,1
Mono,cellstate,25,0.75,0.02,2000,25,250,500,100,100,84,100,0.0822935309376822,0.1764138378239046,0.0505050505050505,2.6364646464646464,2.3142424242424244,False,True,True,True,True,False,True,True,True,False,,True,16,3,3
Mono,cellstate,25,0.75,0.02,2000,25,500,1000,101,101,98,101,0.0410451302707348,0.3242959223949686,0.099009900990099,5.925346534653466,2.3026732673267327,False,True,True,True,True,False,True,True,True,False,,True,16,6,5
Mono,cellstate,25,0.75,0.02,2000,25,1000,1594,101,101,101,101,0.0083905927268289,0.4580056741555997,0.1578217821782178,9.493168316831683,2.081287128712871,False,True,True,True,True,False,True,True,True,False,,True,16,10,6
Mono,cellstate,25,0.75,0.02,2000,50,100,200,121,121,87,100,0.1003331373701743,0.0680178407451134,0.0137741046831955,0.2943526170798898,1.7294077134986223,False,True,False,True,True,True,True,True,True,False,,True,20,0,0
Mono,cellstate,25,0.75,0.02,2000,50,500,1000,157,157,140,154,0.0526612712665406,0.1605751663129853,0.0408296586640535,3.488853503184713,2.510819859545974,False,True,True,True,True,True,True,True,True,False,,True,22,5,4
Mono,cellstate,25,0.75,0.02,2000,75,100,198,129,129,88,105,0.1513019390581717,0.0412278935534749,0.0119912790697674,0.1452277131782945,0.6686046511627907,False,True,True,True,True,True,True,True,True,False,,True,20,1,1
Mono,cellstate,25,0.75,0.02,2000,75,250,500,160,160,131,157,0.1122511272979535,0.091905022061272,0.0196540880503144,1.5682389937106918,3.306210691823899,False,True,True,True,True,True,True,True,True,False,,True,23,0,0
Mono,cellstate,25,0.75,0.02,2000,75,1000,2000,174,174,168,174,0.0506465336533198,0.2334264898648241,0.0664407680552787,6.780546143113415,2.389641884260182,False,True,True,True,True,True,True,True,True,False,,True,24,8,7
Mono,cellstate,25,0.75,0.02,2000,100,100,199,128,128,90,105,0.1498558271045043,0.0693266369047619,0.0122416338582677,0.2679010826771653,1.5907972440944882,False,True,False,True,True,True,True,True,True,False,,True,22,0,0
Mono,cellstate,25,0.75,0.02,2000,100,250,500,163,163,132,158,0.1353323643099835,0.0793116112405177,0.0189350905097326,1.5105657805044308,3.184352041202757,False,True,True,True,True,True,True,True,True,False,,True,23,0,0
Mono,cellstate,25,0.75,0.02,2000,100,500,1000,174,174,153,169,0.1148842756019619,0.1375199430354987,0.0332203840276393,3.0424888711713507,2.6279981396584944,False,True,True,True,True,True,True,True,True,False,,True,24,5,4
Mono,cellstate,25,0.75,0.02,3000,10,100,200,44,44,40,43,0.0235600324499729,0.3103545577229787,0.1057082452431289,2.668076109936575,2.140063424947146,False,False,False,False,False,False,False,False,True,False,,False,6,0,0
Mono,cellstate,25,0.75,0.02,3000,10,500,357,45,45,45,43,0.0034770352595836,0.4558200353467698,0.1803030303030303,4.708080808080808,2.060606060606061,False,False,False,False,False,False,False,False,True,False,,False,6,0,0
Mono,cellstate,25,0.75,0.02,3000,25,250,500,100,100,85,100,0.0700864197530864,0.1499815278311374,0.0505050505050505,2.8513131313131312,2.5747474747474746,False,True,True,True,True,False,True,True,True,False,,True,16,1,1
Mono,cellstate,25,0.75,0.02,3000,25,500,1000,101,101,96,101,0.0611798123926542,0.283305586659955,0.099009900990099,6.262277227722772,2.218613861386139,False,True,True,True,True,False,True,False,True,False,,True,16,6,5
Mono,cellstate,25,0.75,0.02,3000,25,1000,2000,101,101,101,101,0.0099503126769865,0.4697827392289293,0.198019801980198,13.117029702970298,1.937524752475248,False,True,True,True,True,False,True,True,True,False,,True,17,13,9
Mono,cellstate,25,0.75,0.02,3000,50,100,200,124,124,80,105,0.0485008818342151,0.0453144973306263,0.01311303435615,0.1364411224757409,0.5164568581169683,False,True,True,True,True,True,True,True,True,False,,True,18,1,1
Mono,cellstate,25,0.75,0.02,3000,50,250,500,154,154,120,150,0.0938607632663729,0.0662914868158927,0.0212206094559035,1.514981750275868,2.9123164417282066,False,True,True,True,True,True,True,True,True,False,,True,21,1,1
Mono,cellstate,25,0.75,0.02,3000,50,500,1000,154,154,140,154,0.0415496701054518,0.1527136681155446,0.0424412189118071,3.6040658687717513,2.728843052372464,False,True,True,True,True,True,True,True,True,False,,True,21,5,4
Mono,cellstate,25,0.75,0.02,3000,75,100,198,129,129,82,112,0.0750521890817581,0.0359419219884336,0.0119912790697674,0.1464389534883721,0.6939801356589147,False,True,True,True,True,True,True,False,True,False,,True,18,1,1
Mono,cellstate,25,0.75,0.02,3000,75,250,500,168,168,128,165,0.1129603225330645,0.0654394495805928,0.017821499857428,1.2297547761619618,3.2714570858283434,False,True,True,True,True,True,True,True,True,False,,True,22,4,3
Mono,cellstate,25,0.75,0.02,3000,75,500,1000,174,174,152,174,0.0996338896785999,0.1389971502485328,0.0332203840276393,3.044847518437313,2.7993156600890305,False,True,True,True,True,True,True,True,True,False,,True,24,6,5
Mono,cellstate,25,0.75,0.02,3000,75,1000,2000,176,176,169,176,0.0603508979206049,0.197135197899845,0.0649350649350649,7.031038961038961,2.3592857142857144,False,True,True,True,True,True,True,True,True,False,,True,24,6,6
Mono,cellstate,25,0.75,0.02,3000,100,100,198,132,132,84,112,0.0975721353198547,0.0373617123617123,0.0114503816793893,0.1290191996298866,0.5986583391163544,False,True,True,True,True,True,True,True,True,False,,True,19,1,1
Mono,cellstate,25,0.75,0.02,3000,100,1000,2000,177,177,169,177,0.0930210566783928,0.1994208899551961,0.064201335387776,6.977336928608115,2.368515665125835,False,True,True,True,True,True,True,True,True,False,,True,24,6,6
Mono,cellstate,25,0.75,0.02,4000,10,250,430,45,45,45,44,0.0126791709710743,0.4937403700905413,0.2171717171717171,6.173232323232323,1.8994949494949496,False,False,False,False,False,False,False,False,True,False,,True,7,1,0
Mono,cellstate,25,0.75,0.02,4000,10,500,456,45,45,45,44,0.0070492253439704,0.5491680912400068,0.2303030303030303,6.451010101010101,1.8742424242424245,False,False,False,False,False,False,False,False,True,False,,True,7,1,0
Mono,cellstate,25,0.75,0.02,4000,25,100,200,92,92,67,91,0.1018470343392299,0.076472802559759,0.0238891543239369,0.771978021978022,2.8332537028189204,False,True,True,True,True,False,True,True,True,False,,True,16,1,1
Mono,cellstate,25,0.75,0.02,4000,25,250,500,102,102,87,102,0.0592461617638815,0.1603466062907202,0.048534265191225,2.718112987769365,2.6675402834401085,False,True,False,True,True,False,True,False,True,False,,True,14,2,1
Mono,cellstate,25,0.75,0.02,4000,25,500,1000,104,104,98,104,0.0416249396796405,0.2771500192572767,0.0933532486930545,5.934559372666169,2.2563480209111275,False,True,False,True,True,False,True,False,True,False,,True,15,4,2
Mono,cellstate,25,0.75,0.02,4000,25,1000,2000,102,102,102,102,0.0150683709869203,0.4462009038329718,0.1941370607649,13.37313143079014,1.9324403028538149,False,True,True,True,True,False,True,True,True,False,,True,17,10,7
Mono,cellstate,25,0.75,0.02,4000,50,250,500,154,154,123,146,0.0823170308706208,0.0908235817497608,0.0212206094559035,1.4488158899923609,2.837619896443426,False,True,True,True,True,True,True,True,True,False,,True,22,1,1
Mono,cellstate,25,0.75,0.02,4000,50,500,1000,158,158,143,158,0.0541652820582339,0.1527219705925745,0.0403128275417237,3.4541643150850603,2.713375796178344,False,True,True,True,True,True,True,True,True,False,,True,22,4,3
Mono,cellstate,25,0.75,0.02,4000,50,1000,2000,161,161,159,161,0.0366385633200926,0.2228561219024281,0.077639751552795,7.878493788819876,2.383113354037267,False,True,True,True,True,True,True,True,True,False,,True,23,7,6
Mono,cellstate,25,0.75,0.02,4000,75,100,193,118,118,74,106,0.0954940428200304,0.0647944334385012,0.0139794292336665,0.1633347819788497,0.7525713457916847,False,True,True,True,True,True,True,True,True,False,,False,17,3,2
Mono,cellstate,25,0.75,0.02,4000,75,1000,2000,176,176,171,176,0.0625219892387435,0.2073352141820756,0.0649350649350649,6.861363636363636,2.440422077922078,False,True,True,True,True,True,True,True,True,False,,True,24,8,6
Mono,cellstate,25,0.75,0.02,4000,100,250,500,169,169,130,163,0.1482728620949238,0.0830845865317442,0.0176105945336714,1.12950831220062,2.656839954916878,False,True,True,True,True,True,True,True,True,False,,True,22,4,3
Mono,cellstate,25,0.75,0.02,4000,100,500,1000,177,177,154,177,0.1373925508232825,0.1416027648656323,0.032100667693888,2.926072162300976,2.779853620955316,False,True,True,True,True,True,True,True,True,False,,True,23,5,4
Mono,cellstate,25,0.75,0.02,4000,100,1000,2000,177,177,174,177,0.0902633211247637,0.1893057681461835,0.064201335387776,7.029853620955316,2.4869029275808936,False,True,True,True,True,True,True,True,True,False,,True,24,7,5
Mono,cellstate,25,0.75,0.03,2000,10,100,198,39,39,39,36,0.0267157902858686,0.3958881798962771,0.1336032388663967,2.690958164642375,2.3272604588394064,False,False,False,False,False,False,False,False,True,False,,False,6,0,0
Mono,cellstate,25,0.75,0.03,2000,10,250,227,39,39,39,36,0.0209120982986767,0.4371168503640519,0.1531713900134952,3.122132253711201,2.2010796221322537,False,False,False,False,False,False,False,False,True,False,,False,6,0,0
Mono,cellstate,25,0.75,0.03,2000,10,500,209,37,37,37,35,0.0123166839972749,0.4392014360684437,0.1569069069069069,3.084834834834835,2.2222222222222223,False,False,False,False,False,False,False,False,True,False,,False,5,0,0
Mono,cellstate,25,0.75,0.03,2000,25,100,200,93,93,70,87,0.073690018107741,0.0721309753567818,0.0233754090696587,0.543361383824217,1.90614773258532,False,True,False,True,True,False,True,True,True,False,,True,15,0,0
Mono,cellstate,25,0.75,0.03,2000,25,500,1000,98,98,97,98,0.0362965978577137,0.3585696809350013,0.1051967178624027,6.005049442457396,2.330633284241532,False,True,False,True,True,False,True,True,True,False,,True,15,2,0
Mono,cellstate,25,0.75,0.03,2000,25,1000,1552,99,99,99,97,0.0195076136307758,0.4897997943371812,0.1599670171098742,9.035353535353536,2.0457637600494745,False,True,False,True,True,False,True,True,True,False,,True,15,7,4
Mono,cellstate,25,0.75,0.03,2000,50,250,500,148,148,117,143,0.1105422592207191,0.1131338834280009,0.0229821658393086,1.5494576208861923,2.7354752711895567,False,True,False,True,True,True,True,True,True,False,,True,21,0,0
Mono,cellstate,25,0.75,0.03,2000,50,500,1000,152,152,138,151,0.0504239905386188,0.174426591358464,0.043569187870338,3.57341408156152,2.6256971070059256,False,True,False,True,True,True,True,True,True,False,,True,21,1,0
Mono,cellstate,25,0.75,0.03,2000,50,1000,2000,153,153,152,151,0.0201546757591663,0.3198058683169061,0.0859993120055039,7.468094255245958,2.295063639490884,False,True,False,True,True,True,True,True,True,False,,True,21,4,2
Mono,cellstate,25,0.75,0.03,2000,75,500,1000,172,172,151,170,0.0816789012067387,0.1564569663086993,0.0339997280021759,2.920066639466884,2.6125390996872024,False,True,True,True,True,True,True,True,True,False,,True,24,4,3
Mono,cellstate,25,0.75,0.03,2000,75,1000,2000,175,175,172,173,0.0384121641803375,0.271513402863946,0.0656814449917898,6.28,2.4455829228243022,False,True,True,True,True,True,True,True,True,False,,True,24,7,5
Mono,cellstate,25,0.75,0.03,2000,100,100,193,120,120,80,98,0.1858307318765175,0.0589484126984126,0.0135154061624649,0.2378851540616246,1.2335434173669468,False,True,True,True,True,True,True,False,True,False,,True,19,0,0
Mono,cellstate,25,0.75,0.03,2000,100,250,500,164,164,128,161,0.1257486414614406,0.0922029306095416,0.018704174771809,1.312097860242406,3.072759239862337,False,True,True,True,True,True,True,True,True,False,,True,24,3,3
Mono,cellstate,25,0.75,0.03,2000,100,500,1000,172,172,153,169,0.0982426169879158,0.1772431033121773,0.0339997280021759,2.882326941384469,2.6272269821841427,False,True,True,True,True,True,True,True,True,False,,True,24,3,3
Mono,cellstate,25,0.75,0.03,2000,100,1000,2000,175,175,170,172,0.0443327393428058,0.2763408094588243,0.0656814449917898,6.223481116584565,2.4003612479474548,False,True,True,True,True,True,True,True,True,False,,True,24,9,5
Mono,cellstate,25,0.75,0.03,3000,10,100,200,40,40,35,40,-0.0109590000350127,0.4156443409531645,0.1282051282051282,2.8461538461538463,2.028205128205128,False,False,False,False,False,False,False,False,True,False,,True,6,1,0
Mono,cellstate,25,0.75,0.03,3000,10,250,332,41,41,41,41,-0.00275700999157,0.5260411685174348,0.2024390243902439,4.873170731707317,2.069512195121951,False,False,False,False,False,False,False,False,True,False,,True,6,2,0
Mono,cellstate,25,0.75,0.03,3000,10,500,342,40,40,40,40,-0.0099683715397923,0.5548007108696403,0.2192307692307692,5.151282051282052,2.0185897435897435,False,False,False,False,False,False,False,False,True,False,,True,6,2,0
Mono,cellstate,25,0.75,0.03,3000,25,100,199,92,92,67,84,0.042432651173546,0.054898121202469,0.0237697085523172,0.6164596273291926,2.432154801720019,False,True,True,True,False,False,True,True,True,False,,True,15,1,1
Mono,cellstate,25,0.75,0.03,3000,25,250,500,98,98,88,98,0.0409672223408177,0.1552897163211814,0.0525983589312013,2.8368398905954133,2.6962970755312434,False,True,True,True,False,False,True,True,True,False,,True,16,4,3
Mono,cellstate,25,0.75,0.03,3000,50,100,197,117,117,81,102,0.0743549117247623,0.0572686098327123,0.0145151783082817,0.2906719717064545,1.591290893015031,False,True,True,True,True,False,True,False,True,False,,True,17,2,2
Mono,cellstate,25,0.75,0.03,3000,50,250,500,153,153,127,146,0.0606835672249886,0.0859965930429719,0.0214998280013759,1.5317337461300309,3.050180598555212,False,True,True,True,True,False,True,True,True,False,,True,22,3,2
Mono,cellstate,25,0.75,0.03,3000,50,500,1000,154,154,144,153,0.0588896268566598,0.147006223401243,0.0424412189118071,3.833036244800952,2.807316866140396,False,True,True,True,True,False,True,True,True,False,,True,22,6,4
Mono,cellstate,25,0.75,0.03,3000,50,1000,2000,156,156,155,156,0.0397705217218805,0.2382936355310926,0.0827129859387924,8.193879239040529,2.337303556658396,False,True,True,True,True,False,True,True,True,False,,True,22,14,9
Mono,cellstate,25,0.75,0.03,3000,75,100,195,130,130,84,110,0.1329875821767714,0.0327918662534047,0.0116279069767441,0.211329755515802,1.2623732856290997,False,True,True,True,True,True,True,False,True,False,,True,20,3,3
Mono,cellstate,25,0.75,0.03,3000,75,250,500,171,171,134,164,0.1338942652973283,0.0729006843503611,0.0171998624011007,1.2501891984864122,3.036738906088752,False,True,True,True,True,True,True,True,True,False,,True,23,4,4
Mono,cellstate,25,0.75,0.03,3000,75,1000,2000,175,175,174,175,0.0534379920180963,0.2049219843151333,0.0656814449917898,7.14807881773399,2.514909688013136,False,True,True,True,True,True,True,True,True,False,,True,24,13,9
Mono,cellstate,25,0.75,0.03,3000,100,100,192,123,123,80,107,0.2014243482934695,0.0437106254179424,0.0127948820471811,0.2115820338531254,0.9744102359056376,False,True,True,True,True,True,True,False,True,False,,True,19,2,2
Mono,cellstate,25,0.75,0.03,3000,100,250,497,169,169,131,162,0.1838569065231405,0.0761624893670985,0.0175049309664694,1.2486263736263736,3.030325443786982,False,True,True,True,True,True,True,True,True,False,,True,23,3,3
Mono,cellstate,25,0.75,0.03,3000,100,500,1000,177,177,154,176,0.1371866567364583,0.1438506182238575,0.032100667693888,3.031490755007704,2.7223613251155623,False,True,True,True,True,True,True,True,True,False,,True,24,6,4
Mono,cellstate,25,0.75,0.03,3000,100,1000,1989,176,176,172,176,0.0994200433107468,0.1967733712258192,0.064577922077922,6.975616883116883,2.470616883116884,False,True,True,True,True,True,True,True,True,False,,True,24,13,9
Mono,cellstate,25,0.75,0.03,4000,10,100,200,42,42,37,42,-0.0085862938491493,0.2900842310506176,0.1161440185830429,2.81068524970964,2.1718931475029035,False,False,False,False,False,False,False,False,True,False,,True,6,0,0
Mono,cellstate,25,0.75,0.03,4000,10,500,433,42,42,42,42,-0.0102010656726956,0.5575291615978569,0.251451800232288,6.437862950058072,1.936701509872241,False,False,False,False,False,False,False,False,True,False,,True,6,2,0
Mono,cellstate,25,0.75,0.03,4000,10,1000,449,42,42,42,42,-0.0078115565752928,0.5612531423319607,0.2607433217189315,6.823461091753774,1.913472706155633,False,False,False,False,False,False,False,False,True,False,,True,6,2,0
Mono,cellstate,25,0.75,0.03,4000,25,100,200,90,90,68,87,0.08327246165084,0.0792857142857142,0.0249687890137328,0.730461922596754,3.2169787765293383,False,True,True,True,True,False,True,False,True,False,,False,14,2,2
Mono,cellstate,25,0.75,0.03,4000,50,100,199,115,115,73,99,0.0526180331150447,0.0760282953761214,0.0151792524790236,0.2409610983981693,1.1666666666666667,False,True,True,True,True,False,True,True,True,False,,False,18,2,2
Mono,cellstate,25,0.75,0.03,4000,50,250,500,150,150,124,142,0.0973401609902558,0.1031614453085041,0.0223713646532438,1.5591946308724831,3.2482326621923936,False,True,True,True,True,False,True,True,True,False,,True,21,2,2
Mono,cellstate,25,0.75,0.03,4000,50,500,1000,156,156,146,153,0.0675479348219904,0.1523249833301834,0.0413564929693962,3.7058312655086847,2.7499172870140614,False,True,True,True,True,False,True,True,True,False,,True,22,4,2
Mono,cellstate,25,0.75,0.03,4000,50,1000,2000,155,155,153,155,0.0439490305926292,0.2382988909409979,0.0837871805613741,8.257603686635944,2.3225806451612905,False,True,True,True,True,False,True,True,True,False,,True,22,8,5
Mono,cellstate,25,0.75,0.03,4000,75,500,1000,175,175,156,173,0.1097139517896274,0.1171516150091238,0.0328407224958949,3.152282430213465,2.8173399014778324,False,True,True,True,True,True,True,True,True,False,,True,24,5,4
Mono,cellstate,25,0.75,0.03,4000,75,1000,2000,175,175,172,175,0.0842867995181129,0.1961818097594597,0.0656814449917898,7.238226600985222,2.467126436781609,False,True,True,True,True,True,True,True,True,False,,True,24,8,7
Mono,cellstate,25,0.75,0.03,4000,100,100,199,132,132,75,115,0.2169074312655903,0.0608608983608983,0.0115082118898912,0.0998149433263937,0.4011103400416377,False,True,True,True,True,True,True,False,True,False,,False,19,2,2
Mono,cellstate,25,0.75,0.03,4000,100,250,500,169,169,132,166,0.2021333420035672,0.0780950328729501,0.0176105945336714,1.136094674556213,2.9484009580163426,False,True,True,True,True,True,True,True,True,False,,True,23,4,4
Mono,cellstate,25,0.75,0.03,4000,100,500,1000,177,177,155,175,0.1636260564831993,0.1183554409646491,0.032100667693888,3.0783898305084745,2.790735747303544,False,True,True,True,True,True,True,True,True,False,,True,24,5,4
Mono,cellstate,25,0.75,0.03,4000,100,1000,2000,177,177,177,177,0.1110417473001995,0.1866593668449347,0.064201335387776,7.266339239856189,2.545871854134566,False,True,True,True,True,True,True,True,True,False,,True,24,7,5
Mono,cellstate,25,0.9,0.005,2000,10,100,200,44,44,43,39,0.0317666782286969,0.3671174917586401,0.1057082452431289,2.464587737843552,2.304439746300212,False,True,False,False,True,False,True,False,True,False,,False,10,0,0
Mono,cellstate,25,0.9,0.005,2000,10,250,316,45,45,45,40,0.0086133092692859,0.5132604471679119,0.1595959595959596,3.731313131313131,2.090909090909091,False,True,False,False,True,False,True,False,True,False,,False,10,0,0
Mono,cellstate,25,0.9,0.005,2000,10,1000,382,49,49,49,44,-0.006261328060636,0.456648617861318,0.1624149659863945,4.14030612244898,2.11437074829932,False,True,False,False,True,False,False,False,True,False,,False,9,0,0
Mono,cellstate,25,0.9,0.005,2000,25,250,500,98,98,86,96,0.0078366938482967,0.1959416245598086,0.0525983589312013,2.6803071744161584,2.4390911003576687,False,True,False,True,True,False,False,True,True,False,,True,16,1,1
Mono,cellstate,25,0.9,0.005,2000,25,500,1000,98,98,97,96,0.0057390221819828,0.3114248229739178,0.1051967178624027,5.845150431306544,2.4076372817168106,False,True,False,True,True,False,False,True,True,False,,True,15,2,2
Mono,cellstate,25,0.9,0.005,2000,25,1000,1414,98,98,98,96,0.0022850884150963,0.4173748860853722,0.1487481590574374,8.199452977067116,2.187355354512939,False,True,False,True,True,False,False,True,True,False,,True,15,5,4
Mono,cellstate,25,0.9,0.005,2000,50,100,192,111,111,74,97,0.1313163087305899,0.0918101829866535,0.0157248157248157,0.487960687960688,1.8427518427518428,False,True,True,True,True,False,True,True,True,False,,True,16,1,1
Mono,cellstate,25,0.9,0.005,2000,50,500,1000,148,148,138,146,0.0441513007043021,0.1858571501236608,0.0459643316786173,3.466721823864681,2.6477753263467547,False,True,True,True,True,True,True,True,True,False,,True,21,3,3
Mono,cellstate,25,0.9,0.005,2000,75,1000,2000,163,163,161,161,0.0229540601113973,0.2927559982966726,0.0757403620389305,6.601908657123381,2.4768234492160874,False,True,True,True,True,True,True,True,True,False,,True,23,6,4
Mono,cellstate,25,0.9,0.005,2000,100,100,195,123,123,83,101,0.0385406101806419,0.05712580102824,0.0129948020791683,0.3547247767559642,1.8559242969478875,False,True,True,True,True,True,True,True,True,False,,True,21,1,1
Mono,cellstate,25,0.9,0.005,2000,100,250,500,163,163,121,154,0.0483303220320969,0.1026159569609587,0.0189350905097326,1.2201393622661516,2.483337120351435,False,True,True,True,True,True,True,True,True,False,,True,23,1,1
Mono,cellstate,25,0.9,0.005,2000,100,500,1000,165,165,149,163,0.0436092630990479,0.1527267221937868,0.0369549150036954,2.954730229120473,2.753769401330377,False,True,True,True,True,True,True,True,True,False,,True,23,2,2
Mono,cellstate,25,0.9,0.005,2000,100,1000,2000,164,164,162,162,0.0275819731248957,0.2854088279024001,0.0748166990872362,6.553680981595092,2.4976806823282955,False,True,True,True,True,True,True,True,True,False,,True,23,6,4
Mono,cellstate,25,0.9,0.005,3000,10,100,200,46,46,44,41,0.0185715111573592,0.3772975145550014,0.0966183574879227,2.232850241545893,2.2507246376811594,False,True,False,False,True,False,True,False,True,False,,False,10,0,0
Mono,cellstate,25,0.9,0.005,3000,10,250,388,49,49,49,45,-0.0099530238523476,0.4545905444907083,0.1649659863945578,4.321003401360544,2.1666666666666665,False,True,False,False,True,False,False,False,True,False,,False,10,0,0
Mono,cellstate,25,0.9,0.005,3000,10,500,333,46,46,46,42,0.005260161916006,0.5133366378997785,0.1608695652173913,3.82512077294686,2.072463768115942,False,True,False,False,True,False,True,False,True,False,,False,10,0,0
Mono,cellstate,25,0.9,0.005,3000,10,1000,333,46,46,46,42,0.005260161916006,0.5133366378997786,0.1608695652173913,3.82512077294686,2.072463768115942,False,True,False,False,True,False,True,False,True,False,,False,10,0,0
Mono,cellstate,25,0.9,0.005,3000,25,250,500,97,97,86,92,0.0218947310501675,0.2153231985921688,0.0536941580756013,2.6176975945017182,2.4426546391752577,False,True,False,True,True,False,True,True,True,False,,True,17,2,2
Mono,cellstate,25,0.9,0.005,3000,25,1000,1464,97,97,97,95,-0.0004313666752903,0.4332213948284183,0.1572164948453608,8.581615120274915,2.1597938144329896,False,True,False,True,True,False,False,True,True,False,,True,15,5,4
Mono,cellstate,25,0.9,0.005,3000,50,100,191,107,107,70,94,0.1109954908081859,0.0896832933116605,0.0168400634808675,0.4910950449656145,1.830894022218304,False,True,True,True,True,False,True,True,True,False,,True,16,1,1
Mono,cellstate,25,0.9,0.005,3000,50,1000,2000,146,146,146,144,0.0230876155318442,0.3064915138589444,0.0944733112895607,7.585451110061408,2.3958904109589043,False,True,True,True,True,True,True,True,True,False,,True,21,6,6
Mono,cellstate,25,0.9,0.005,3000,75,100,187,109,109,71,93,0.031080183552711,0.092860471961929,0.0158851512062521,0.468824328916072,1.8302752293577984,False,True,True,True,True,False,True,True,True,False,,True,17,1,1
Mono,cellstate,25,0.9,0.005,3000,75,250,500,161,161,121,154,0.0687788287809544,0.0956501266341082,0.0194099378881987,1.3129658385093168,2.6736801242236026,False,True,True,True,True,True,True,True,True,False,,True,23,2,2
Mono,cellstate,25,0.9,0.005,3000,75,500,1000,164,164,150,161,0.0469405982863987,0.1542587290704615,0.0374083495436181,3.0014215172826573,2.7737543019601976,False,True,True,True,True,True,True,True,True,False,,True,23,3,3
Mono,cellstate,25,0.9,0.005,3000,75,1000,2000,163,163,161,161,0.0197266319989395,0.2926233136304029,0.0757403620389305,6.581042187381656,2.469097932288116,False,True,True,True,True,True,True,True,True,False,,True,23,6,5
Mono,cellstate,25,0.9,0.005,3000,100,100,186,109,109,70,94,0.0670461829614481,0.1025371866845153,0.0158002038735983,0.4520897043832824,1.771831464492015,False,True,True,True,True,False,True,True,True,False,,True,17,1,1
Mono,cellstate,25,0.9,0.005,3000,100,250,500,161,161,122,153,0.0432777128281432,0.0900338793457459,0.0194099378881987,1.3135093167701863,2.701475155279504,False,True,True,True,True,True,True,True,True,False,,True,23,2,2
Mono,cellstate,25,0.9,0.005,3000,100,500,1000,165,165,150,162,0.0420571513426339,0.1526666955141788,0.0369549150036954,2.961788617886179,2.773651145602365,False,True,True,True,True,True,True,True,True,False,,True,23,3,3
Mono,cellstate,25,0.9,0.005,3000,100,1000,2000,164,164,162,162,0.0216486431340542,0.2914452006997607,0.0748166990872362,6.54197216818794,2.479126140954661,False,True,True,True,True,True,True,True,True,False,,True,23,6,5
Mono,cellstate,25,0.9,0.005,4000,10,100,200,46,46,44,41,0.0240634755463059,0.3774121426962526,0.0966183574879227,2.247826086956522,2.247826086956522,False,True,False,False,True,False,True,False,True,False,,False,10,0,0
Mono,cellstate,25,0.9,0.005,4000,10,250,333,46,46,46,42,0.005260161916006,0.5133366378997785,0.1608695652173913,3.82512077294686,2.072463768115942,False,True,False,False,True,False,True,False,True,False,,False,10,0,0
Mono,cellstate,25,0.9,0.005,4000,10,1000,333,46,46,46,42,0.005260161916006,0.5133366378997786,0.1608695652173913,3.82512077294686,2.072463768115942,False,True,False,False,True,False,True,False,True,False,,False,10,0,0
Mono,cellstate,25,0.9,0.005,4000,25,250,500,97,97,86,92,0.024980627175144,0.2246237311238323,0.0536941580756013,2.6102878006872854,2.4361039518900345,False,True,False,True,True,False,True,True,True,False,,True,17,2,2
Mono,cellstate,25,0.9,0.005,4000,25,500,1000,97,97,96,95,0.0037683483478755,0.310941754314816,0.1073883161512027,5.997959621993127,2.3652276632302405,False,True,False,True,True,False,False,True,True,False,,True,15,2,2
Mono,cellstate,25,0.9,0.005,4000,25,1000,1487,98,98,98,96,0.0007435946587574,0.4343745143153074,0.1564275194613928,8.620239848516727,2.15937302756154,False,True,False,True,True,False,False,True,True,False,,True,16,6,5
Mono,cellstate,25,0.9,0.005,4000,50,100,191,107,107,70,94,0.1115735923228119,0.0877493421611068,0.0168400634808675,0.4946217598307177,1.816610827014636,False,True,True,True,True,False,True,True,True,False,,True,16,1,1
Mono,cellstate,25,0.9,0.005,4000,50,250,500,145,145,111,139,0.0747619521008294,0.1225943497112108,0.0239463601532567,1.4704501915708812,2.721360153256705,False,True,True,True,True,True,True,True,True,False,,True,21,1,1
Mono,cellstate,25,0.9,0.005,4000,50,500,1000,148,148,136,145,0.0494166447388481,0.1932448391897208,0.0459643316786173,3.4207574921860635,2.6002482073910644,False,True,True,True,True,True,True,True,True,False,,True,21,3,3
Mono,cellstate,25,0.9,0.005,4000,75,100,194,119,119,82,99,0.0745706371191135,0.0423667835432541,0.0138156957698333,0.409272183449651,2.083250249252244,False,True,True,True,True,True,True,True,True,False,,True,21,1,1
Mono,cellstate,25,0.9,0.005,4000,75,1000,2000,163,163,161,161,0.0213314848347668,0.2940286242410357,0.0757403620389305,6.587593728698023,2.467545254866318,False,True,True,True,True,True,True,True,True,False,,True,23,6,5
Mono,cellstate,25,0.9,0.005,4000,100,100,194,119,119,82,99,0.0453794686598919,0.052017916723799,0.0138156957698333,0.40414470873095,2.1194274319897453,False,True,True,True,True,True,True,True,True,False,,True,21,1,1
Mono,cellstate,25,0.9,0.005,4000,100,500,1000,164,164,145,161,0.0373604896995919,0.1649904838059647,0.0374083495436181,2.9350965135418225,2.587797396378872,False,True,True,True,True,True,True,True,True,False,,True,23,2,2
Mono,cellstate,25,0.9,0.005,4000,100,1000,2000,165,165,161,163,0.0274927062095381,0.2649579961706868,0.0739098300073909,6.523983739837399,2.4089430894308945,False,True,True,True,True,True,True,True,True,False,,True,23,5,5
Mono,cellstate,25,0.9,0.01,2000,10,100,200,44,44,41,41,-0.0198345610433522,0.3263187812125329,0.1057082452431289,2.510570824524313,2.192389006342495,False,False,False,False,True,False,True,False,True,False,,True,8,0,0
Mono,cellstate,25,0.9,0.01,2000,10,250,362,46,46,46,44,0.0041100433862813,0.4404769589593323,0.1748792270531401,4.6579710144927535,2.116908212560386,False,True,False,False,True,False,False,False,True,False,,True,8,1,0
Mono,cellstate,25,0.9,0.01,2000,10,500,361,46,46,46,44,0.0048066084102119,0.4394053717193363,0.1743961352657004,4.651690821256039,2.117391304347826,False,True,False,False,True,False,False,False,True,False,,True,8,1,0
Mono,cellstate,25,0.9,0.01,2000,25,250,500,96,96,83,96,0.0496110674164965,0.185234082009241,0.0548245614035087,2.869517543859649,2.5663377192982457,False,True,True,True,True,False,True,True,True,False,,True,17,2,1
Mono,cellstate,25,0.9,0.01,2000,25,500,1000,98,98,96,98,0.0133896134537032,0.3313967900369102,0.1051967178624027,6.178939617083947,2.2832947612034507,False,True,True,True,True,False,False,True,True,False,,True,16,4,3
Mono,cellstate,25,0.9,0.01,2000,50,100,194,115,115,84,98,0.0924390174154251,0.0554890718829337,0.0147978642257818,0.4819221967963387,2.265522501906941,False,True,True,True,True,True,False,True,True,False,,True,19,2,2
Mono,cellstate,25,0.9,0.01,2000,50,250,492,145,145,116,143,0.0724772913810416,0.1040759092632691,0.0235632183908045,1.6544061302681992,2.966139846743295,False,True,True,True,True,True,False,True,True,False,,True,21,3,2
Mono,cellstate,25,0.9,0.01,2000,50,500,988,150,150,134,150,0.0679152319363959,0.1790650028908746,0.0442058165548098,3.6445190156599554,2.6154362416107384,False,True,True,True,True,True,False,True,True,False,,True,22,4,2
Mono,cellstate,25,0.9,0.01,2000,50,1000,2000,155,155,152,155,0.0208317762781789,0.2965213420191843,0.0837871805613741,7.549183074989527,2.334227063259321,False,True,True,True,True,True,True,True,True,False,,True,22,6,4
Mono,cellstate,25,0.9,0.01,2000,75,250,500,162,162,132,160,0.0942244544876774,0.0995925431382947,0.0191703090253814,1.404876926616057,2.919906448891956,False,True,True,True,True,True,True,True,True,False,,True,21,2,2
Mono,cellstate,25,0.9,0.01,2000,75,1000,2000,170,170,164,170,0.0409331460068945,0.2581782521535549,0.0696136442742777,6.735363731291333,2.3916115558649493,False,True,True,True,True,True,True,True,True,False,,True,23,7,6
Mono,cellstate,25,0.9,0.01,2000,100,100,194,122,122,87,103,0.1127208084880042,0.0578584606841725,0.0131418506977374,0.4298198076141444,2.1822246308088333,False,True,True,True,True,True,True,True,True,False,,True,20,2,2
Mono,cellstate,25,0.9,0.01,2000,100,250,494,162,162,132,156,0.1126562051134731,0.0881242553562241,0.0189402653170769,1.3031976075454337,2.833525036423587,False,True,True,True,True,True,True,True,True,False,,True,21,3,2
Mono,cellstate,25,0.9,0.01,2000,100,500,987,167,167,149,166,0.0856879304873306,0.1434115116189357,0.0356034918115576,3.1756006060168818,2.7271120409782843,False,True,True,True,True,True,True,True,True,False,,True,22,4,2
Mono,cellstate,25,0.9,0.01,2000,100,1000,2000,170,170,164,170,0.0519193760875213,0.2580404905741972,0.0696136442742777,6.706543682561782,2.398990602158023,False,True,True,True,True,True,True,True,True,False,,True,23,7,6
Mono,cellstate,25,0.9,0.01,3000,10,100,200,48,48,41,46,0.0324748525841137,0.265120470702901,0.0886524822695035,2.261081560283688,2.1759751773049647,False,True,False,False,True,False,False,False,True,False,,True,8,0,0
Mono,cellstate,25,0.9,0.01,3000,10,500,406,48,48,48,46,0.003891345820326,0.4482619097947733,0.1799645390070922,4.999113475177305,2.083333333333333,False,True,False,False,True,False,False,False,True,False,,True,8,1,0
Mono,cellstate,25,0.9,0.01,3000,25,250,500,100,100,85,98,0.0346725976730824,0.1847817612869772,0.0505050505050505,2.7266666666666666,2.382727272727273,False,True,True,True,True,False,False,True,True,False,,True,16,2,1
Mono,cellstate,25,0.9,0.01,3000,25,500,1000,101,101,97,101,0.0275064211840891,0.3177675668822906,0.099009900990099,5.979009900990099,2.2699009900990097,False,True,True,True,True,False,False,True,True,False,,True,17,6,3
Mono,cellstate,25,0.9,0.01,3000,25,1000,1968,101,101,101,101,0.0027469673217742,0.5038340170484783,0.1948514851485148,11.985148514851485,2.0005940594059406,False,True,True,True,True,False,False,True,True,False,,True,17,8,3
Mono,cellstate,25,0.9,0.01,3000,50,250,500,146,146,114,145,0.0406453682827243,0.0961765219067797,0.0236183278223901,1.6756258856872934,2.884317430325933,False,True,True,True,True,True,False,True,True,False,,True,22,3,2
Mono,cellstate,25,0.9,0.01,3000,50,500,1000,147,147,132,147,0.0413866237530483,0.17557861462857,0.0465939800577765,3.7715497157767217,2.585266983505731,False,True,True,True,True,True,True,True,True,False,,True,22,4,3
Mono,cellstate,25,0.9,0.01,3000,50,1000,2000,149,149,147,149,0.0258746186357457,0.3024376616080453,0.0906947215672047,8.032559405042626,2.2967984763286777,False,True,True,True,True,True,True,True,True,False,,True,23,9,7
Mono,cellstate,25,0.9,0.01,3000,75,100,200,125,125,91,108,0.0979639889196676,0.0525148629148629,0.0129032258064516,0.4045161290322581,2.204709677419354,False,True,True,True,True,True,True,True,True,False,,True,20,1,1
Mono,cellstate,25,0.9,0.01,3000,75,250,486,160,160,127,155,0.0977660016140393,0.0844434531016895,0.0191037735849056,1.3544418238993712,2.958805031446541,False,True,True,True,True,True,False,True,True,False,,True,20,3,2
Mono,cellstate,25,0.9,0.01,3000,75,500,970,167,167,153,166,0.0682082311269105,0.1282221573565074,0.0349902604429694,3.132097251280572,2.689308130726499,False,True,True,True,True,True,False,True,True,False,,True,22,5,3
Mono,cellstate,25,0.9,0.01,3000,75,1000,2000,169,169,166,169,0.0421630236549114,0.2590853202540953,0.0704423781346858,6.90138067061144,2.399443505212736,False,True,True,True,True,True,True,True,True,False,,True,23,8,6
Mono,cellstate,25,0.9,0.01,3000,100,100,195,125,125,85,103,0.1224747128642307,0.0582847636024106,0.0125806451612903,0.3328387096774193,1.7764516129032255,False,True,True,True,True,True,False,False,True,False,,True,18,2,2
Mono,cellstate,25,0.9,0.01,3000,100,250,486,161,161,129,157,0.1065382587967476,0.0775896264114762,0.0188664596273291,1.3122670807453416,2.995225155279503,False,True,True,True,True,True,False,True,True,False,,True,20,3,2
Mono,cellstate,25,0.9,0.01,3000,100,500,970,168,168,154,167,0.0952815354376228,0.1262082859885385,0.0345737097234103,3.14232249786142,2.719525235243798,False,True,True,True,True,True,False,True,True,False,,True,22,5,3
Mono,cellstate,25,0.9,0.01,3000,100,1000,2000,170,170,167,170,0.0614372857506611,0.2543098953318716,0.0696136442742777,6.865158371040724,2.4081099895579534,False,True,True,True,True,True,True,True,True,False,,True,23,7,6
Mono,cellstate,25,0.9,0.01,4000,10,250,439,48,48,48,46,-0.001153599791046,0.4853170813898004,0.1945921985815603,5.410904255319149,2.006205673758865,False,True,False,False,True,False,False,False,True,False,,True,8,1,0
Mono,cellstate,25,0.9,0.01,4000,10,500,439,48,48,48,46,-0.001153599791046,0.4853170813898004,0.1945921985815603,5.410904255319149,2.006205673758865,False,True,False,False,True,False,False,False,True,False,,True,8,1,0
Mono,cellstate,25,0.9,0.01,4000,10,1000,439,48,48,48,46,-0.001153599791046,0.4853170813898004,0.1945921985815603,5.410904255319149,2.006205673758865,False,True,False,False,True,False,False,False,True,False,,True,8,1,0
Mono,cellstate,25,0.9,0.01,4000,25,100,199,92,92,64,86,0.0425701049861571,0.0914253088485824,0.0237697085523172,0.6995938843764931,2.3724319159101768,False,True,True,True,True,False,False,True,True,False,,True,14,1,1
Mono,cellstate,25,0.9,0.01,4000,25,250,500,102,102,88,101,0.053491854773906,0.1611110791969324,0.048534265191225,2.655989128324597,2.5898854591341487,False,True,True,True,True,False,False,True,True,False,,True,17,2,1
Mono,cellstate,25,0.9,0.01,4000,25,500,1000,101,101,95,101,0.0096760130192003,0.3063616070734105,0.099009900990099,5.944257425742574,2.2051485148514853,False,True,True,True,True,False,False,True,True,False,,True,16,3,2
Mono,cellstate,25,0.9,0.01,4000,25,1000,2000,102,102,102,102,0.002189478329681,0.500304041677322,0.1941370607649,12.201417200543585,1.9913609007959616,False,True,True,True,True,False,False,True,True,False,,True,17,8,3
Mono,cellstate,25,0.9,0.01,4000,50,100,200,114,114,77,98,0.0407172309027777,0.0690477855990321,0.015525539512498,0.472131656575066,2.167675826734979,False,True,True,True,True,True,False,True,True,False,,True,19,2,2
Mono,cellstate,25,0.9,0.01,4000,50,1000,2000,148,148,147,148,0.0234876432377156,0.3039181739534942,0.0919286633572347,8.112796469939328,2.315453208310351,False,True,True,True,True,True,True,True,True,False,,True,23,8,7
Mono,cellstate,25,0.9,0.01,4000,75,100,199,128,128,87,106,0.1102848398614727,0.0246766509634156,0.0122416338582677,0.3420890748031496,1.92722687007874,False,True,True,True,True,True,True,False,True,False,,True,19,2,2
Mono,cellstate,25,0.9,0.01,4000,75,250,500,159,159,128,157,0.1067963950285996,0.0946198934012653,0.0199028739750019,1.4270758697555928,2.9777087811479976,False,True,True,True,True,True,True,True,True,False,,True,21,3,2
Mono,cellstate,25,0.9,0.01,4000,75,500,1000,167,167,152,165,0.0879071418398048,0.1368293094304865,0.0360724334463602,3.2246230430704856,2.740098117018974,False,True,True,True,True,True,True,True,True,False,,True,22,4,3
Mono,cellstate,25,0.9,0.01,4000,75,1000,2000,169,169,167,169,0.0485861845187211,0.2470584595364243,0.0704423781346858,6.977141448295295,2.4774584389969005,False,True,True,True,True,True,True,True,True,False,,True,23,7,6
Mono,cellstate,25,0.9,0.01,4000,100,250,500,160,160,130,156,0.0934167423311791,0.0842335513750954,0.0196540880503144,1.4195361635220125,3.026375786163522,False,True,True,True,True,True,True,True,True,False,,True,21,3,2
Mono,cellstate,25,0.9,0.01,4000,100,500,1000,167,167,152,166,0.0795172826648151,0.1404588767736791,0.0360724334463602,3.2418656662578456,2.755320683933338,False,True,True,True,True,True,True,True,True,False,,True,22,4,3
Mono,cellstate,25,0.9,0.01,4000,100,1000,2000,170,170,168,170,0.0578925040437673,0.2443810289019242,0.0696136442742777,6.952210233205708,2.482875043508528,False,True,True,True,True,True,True,True,True,False,,True,23,7,6
Mono,cellstate,25,0.9,0.02,2000,10,100,200,43,43,40,42,-0.0183827784421897,0.267723490979305,0.1107419712070874,2.8471760797342194,2.258028792912514,False,False,False,True,False,False,False,False,True,False,,True,7,1,0
Mono,cellstate,25,0.9,0.02,2000,10,500,373,45,45,45,45,0.0131463532301214,0.5086722496596223,0.1883838383838383,4.985353535353536,2.124747474747475,False,False,False,True,False,False,False,False,True,False,,True,8,3,0
Mono,cellstate,25,0.9,0.02,2000,10,1000,370,44,44,44,44,0.0042616972964508,0.500643021165891,0.1955602536997885,5.137949260042284,2.10200845665962,False,False,False,True,False,False,False,False,True,False,,True,8,3,0
Mono,cellstate,25,0.9,0.02,2000,25,100,200,89,89,65,87,0.0651863078726872,0.0976999280370066,0.0255362614913176,0.8493360572012257,3.256767109295199,False,True,False,True,True,False,True,True,True,False,,True,14,0,0
Mono,cellstate,25,0.9,0.02,2000,25,250,500,98,98,85,98,0.0582948436802577,0.1705101197012584,0.0525983589312013,2.851883021249737,2.4002735114664424,False,True,True,True,True,False,True,True,True,False,,True,15,1,1
Mono,cellstate,25,0.9,0.02,2000,25,500,1000,100,100,98,100,0.0423197211359308,0.3101217590078179,0.101010101010101,6.262626262626263,2.3125252525252527,False,True,True,True,True,False,True,True,True,False,,True,16,4,2
Mono,cellstate,25,0.9,0.02,2000,25,1000,1870,98,98,98,98,-0.0001887553678554,0.4967067856122364,0.196717862402693,12.209972648853356,1.9541342310119925,False,True,True,True,True,False,True,True,True,False,,True,16,8,4
Mono,cellstate,25,0.9,0.02,2000,50,500,1000,153,153,141,152,0.0528242502835268,0.1663104529843931,0.0429996560027519,3.692982456140351,2.6396628826969386,False,True,True,True,True,True,True,True,True,False,,True,21,2,2
Mono,cellstate,25,0.9,0.02,2000,50,1000,2000,154,154,147,154,0.02959869327835,0.2782385752412418,0.0848824378236142,7.822977675918852,2.1909006026653084,False,True,True,True,True,True,True,True,True,False,,True,21,4,2
Mono,cellstate,25,0.9,0.02,2000,75,100,195,115,115,79,103,0.0911322132943755,0.0607729468599033,0.0148741418764302,0.217162471395881,0.9413424866514112,False,True,False,True,True,True,True,True,True,False,,True,16,0,0
Mono,cellstate,25,0.9,0.02,2000,75,250,500,161,161,125,156,0.104794329933927,0.0910123867760926,0.0194099378881987,1.3340450310559009,2.96638198757764,False,True,True,True,True,True,True,True,True,False,,True,21,0,0
Mono,cellstate,25,0.9,0.02,2000,75,500,1000,169,169,148,169,0.0911626004382761,0.1547601179378436,0.0352211890673429,3.0441321499013805,2.654444914060299,False,True,True,True,True,True,True,True,True,False,,True,22,2,1
Mono,cellstate,25,0.9,0.02,2000,100,100,196,115,115,82,104,0.1079327976625274,0.0699887069452286,0.0149504195270785,0.2497330282227307,1.2147215865751335,False,True,False,True,True,True,True,True,True,False,,True,17,0,0
Mono,cellstate,25,0.9,0.02,2000,100,250,493,156,156,121,154,0.1021840235314442,0.1111435217204447,0.0203887510339123,1.381100082712986,2.9019437551695617,False,True,True,True,True,True,True,True,True,False,,True,21,0,0
Mono,cellstate,25,0.9,0.02,2000,100,500,1000,169,169,149,169,0.1238710668440143,0.1542094775960883,0.0352211890673429,3.118660185967878,2.751162299239222,False,True,True,True,True,True,True,True,True,False,,True,22,2,1
Mono,cellstate,25,0.9,0.02,2000,100,1000,2000,173,173,165,173,0.0759294826699528,0.2407658953131151,0.0672133351256889,6.783270600887216,2.3659093964242506,False,True,True,True,True,True,True,True,True,False,,True,23,6,4
Mono,cellstate,25,0.9,0.02,3000,10,100,200,43,43,38,43,0.0202315285237334,0.2979432218488305,0.1107419712070874,2.807862679955704,2.215393133997785,False,False,False,True,False,False,False,False,True,False,,True,7,1,0
Mono,cellstate,25,0.9,0.02,3000,10,500,463,43,43,43,43,0.0058794356316799,0.5897245457539538,0.2563676633444075,7.08250276854928,1.888704318936877,False,False,False,True,False,False,False,False,True,False,,True,7,4,0
Mono,cellstate,25,0.9,0.02,3000,10,1000,485,44,44,44,43,0.0024843749999999,0.5726475972263289,0.2563424947145877,7.306025369978858,1.8440803382663848,False,False,False,True,False,False,False,False,True,False,,True,7,3,0
Mono,cellstate,25,0.9,0.02,3000,25,100,200,93,93,70,87,0.0946502057613168,0.0882092817576688,0.0233754090696587,0.4941561477325853,1.9039270687237029,False,True,True,True,True,False,True,True,True,False,,True,15,1,1
Mono,cellstate,25,0.9,0.02,3000,25,250,500,100,100,89,99,0.0835597996086262,0.1590826939160503,0.0505050505050505,2.7063636363636365,2.666161616161616,False,True,True,True,True,False,True,True,True,False,,True,16,2,1
Mono,cellstate,25,0.9,0.02,3000,25,500,1000,101,101,97,101,0.0436506749843004,0.2664568526982322,0.099009900990099,6.251584158415842,2.27019801980198,False,True,True,True,True,False,True,True,True,False,,True,16,6,4
Mono,cellstate,25,0.9,0.02,3000,25,1000,2000,101,101,100,101,0.0093867961469183,0.4582935185282617,0.198019801980198,13.366732673267329,1.8917821782178217,False,True,True,True,True,False,True,True,True,False,,True,16,11,6
Mono,cellstate,25,0.9,0.02,3000,50,100,196,117,117,70,102,0.0708323902218198,0.0788144903529519,0.0144414972001178,0.110595343353964,0.3748157972295903,False,True,True,True,True,True,True,True,True,False,,True,18,0,0
Mono,cellstate,25,0.9,0.02,3000,50,250,500,149,149,117,143,0.0799357340720221,0.0984533328354838,0.0226736803918011,1.393932523127154,2.867767095955015,False,True,True,True,True,True,True,True,True,False,,True,20,1,0
Mono,cellstate,25,0.9,0.02,3000,50,500,1000,155,155,140,154,0.047897550485378,0.1505110251550056,0.041893590280687,3.490364474235442,2.653540008378718,False,True,True,True,True,True,True,True,True,False,,True,22,2,1
Mono,cellstate,25,0.9,0.02,3000,75,500,1000,170,170,152,166,0.0800349508405407,0.1390915245778386,0.0348068221371388,3.17274625826662,2.683919248172642,False,True,True,True,True,True,True,True,True,False,,True,23,2,2
Mono,cellstate,25,0.9,0.02,3000,100,100,192,114,114,65,100,0.148156899810964,0.0842722092722092,0.0149045179319981,0.1209439528023598,0.3934947989442633,False,True,False,True,True,True,True,True,True,False,,True,16,1,0
Mono,cellstate,25,0.9,0.02,3000,100,250,495,162,162,122,156,0.1553860647941543,0.0938786320912797,0.0189786059351276,1.1435472739820567,2.632045088566828,False,True,True,True,True,True,True,True,True,False,,True,21,2,1
Mono,cellstate,25,0.9,0.02,3000,100,1000,2000,171,171,166,171,0.0860866950837064,0.2088550624726562,0.0687994496044031,7.086756105951152,2.4151014791881664,False,True,True,True,True,True,True,True,True,False,,True,23,7,5
Mono,cellstate,25,0.9,0.02,4000,10,250,500,46,46,45,46,0.0165355631375988,0.5165978556522657,0.2415458937198067,7.38743961352657,1.8618357487922703,False,False,False,True,False,False,False,False,True,False,,True,7,3,1
Mono,cellstate,25,0.9,0.02,4000,10,1000,527,42,42,42,42,0.0077485315058739,0.6303086788920167,0.3060394889663182,8.668408826945413,1.7630662020905925,False,False,False,True,False,False,False,False,True,False,,False,6,1,0
Mono,cellstate,25,0.9,0.02,4000,25,100,200,94,94,67,89,0.0491788752362948,0.0935479414202818,0.022878059940517,0.634294211850835,2.350835049187829,False,True,True,True,True,False,False,True,True,False,,True,14,2,1
Mono,cellstate,25,0.9,0.02,4000,25,1000,2000,103,103,103,103,0.015917218766901,0.4321883426892225,0.1903674090995621,13.322958309537407,1.9264229963830195,False,True,True,True,True,False,False,True,True,False,,True,15,9,6
Mono,cellstate,25,0.9,0.02,4000,50,100,195,116,116,70,103,0.091263696128561,0.0595636164601681,0.0146176911544227,0.1528485757121439,0.5711394302848576,False,False,True,True,True,True,False,True,True,False,,False,15,1,0
Mono,cellstate,25,0.9,0.02,4000,50,250,499,148,148,117,144,0.1000200035460831,0.0961351664356779,0.02293620150763,1.422917815774959,2.612796469939327,False,True,True,True,True,True,True,True,True,False,,True,23,2,2
Mono,cellstate,25,0.9,0.02,4000,50,1000,2000,155,155,153,155,0.044269032114547,0.2479612612901338,0.0837871805613741,8.103435274403017,2.3303309593632173,False,True,True,True,True,True,False,True,True,False,,True,22,8,6
Mono,cellstate,25,0.9,0.02,4000,75,100,195,114,114,68,100,0.1244074459475084,0.0741962228804334,0.0151374010246856,0.1212544635926098,0.4411582052476323,False,True,False,True,True,True,True,False,True,False,,False,14,1,0
Mono,cellstate,25,0.9,0.02,4000,75,250,499,158,158,123,152,0.1414970891416973,0.0998546154546076,0.0201161009433201,1.2866645166491977,2.578610013706361,False,True,True,True,True,True,True,True,True,False,,True,22,2,2
Mono,cellstate,25,0.9,0.02,4000,75,500,1000,171,171,154,167,0.0984614231367478,0.1291695258126557,0.0343997248022015,3.0423460612315103,2.7543515651874784,False,True,True,True,True,True,True,True,True,False,,True,23,3,2
Mono,cellstate,25,0.9,0.02,4000,100,100,197,114,114,70,101,0.1736504074241738,0.0913989519252677,0.0152926564198105,0.1248253376804844,0.4699580810433162,False,False,False,True,True,True,True,True,True,False,,False,14,1,0
Mono,cellstate,25,0.9,0.02,4000,100,250,499,158,158,120,153,0.1562650216311488,0.0885611232966192,0.0201161009433201,1.2544142546158188,2.508626945093929,False,True,True,True,True,True,True,True,True,False,,True,22,2,2
Mono,cellstate,25,0.9,0.02,4000,100,500,1000,173,173,155,169,0.1202871589560043,0.1239012247421253,0.0336066675628444,2.9968409732490926,2.755679526818121,False,True,True,True,True,True,True,True,True,False,,True,23,3,2
Mono,cellstate,25,0.9,0.03,2000,10,100,200,42,42,38,42,-0.0033787332376317,0.3495246816675389,0.1161440185830429,2.7218350754936123,2.229965156794425,False,False,False,True,False,False,False,True,True,False,,True,7,2,1
Mono,cellstate,25,0.9,0.03,2000,10,250,370,43,43,43,43,-0.0090752352948122,0.530643713994719,0.2048726467331118,5.095238095238095,2.1168327796234774,False,False,False,True,False,False,False,True,True,False,,True,8,3,1
Mono,cellstate,25,0.9,0.03,2000,10,500,367,43,43,43,43,-0.0087039239001189,0.532144836803755,0.2032115171650055,5.034883720930233,2.121816168327796,False,False,False,True,False,False,False,True,True,False,,True,8,3,1
Mono,cellstate,25,0.9,0.03,2000,10,1000,368,43,43,43,43,-0.0083691526681912,0.5325885949781348,0.2037652270210409,5.045404208194906,2.1168327796234774,False,False,False,True,False,False,False,True,True,False,,True,8,3,1
Mono,cellstate,25,0.9,0.03,2000,25,100,199,88,88,61,84,0.0414882002183589,0.059255328005328,0.025992685475444,0.7578369905956113,3.139367816091954,False,True,False,True,True,False,True,True,True,False,,False,13,1,0
Mono,cellstate,25,0.9,0.03,2000,25,250,500,97,97,87,96,0.0813461795160275,0.2055214869879645,0.0536941580756013,2.9372852233676974,2.493556701030928,False,True,False,True,True,False,True,True,True,False,,True,15,1,0
Mono,cellstate,25,0.9,0.03,2000,25,1000,1854,97,97,97,97,0.0082957496537396,0.5188475146827302,0.1990979381443298,12.14024914089347,1.9362113402061856,False,True,False,True,True,False,True,True,True,False,,True,15,5,3
Mono,cellstate,25,0.9,0.03,2000,50,100,199,115,115,76,100,0.0343901849714086,0.0704862287470983,0.0151792524790236,0.420976353928299,2.5172387490465296,False,True,False,True,True,True,True,False,True,False,,False,18,1,0
Mono,cellstate,25,0.9,0.03,2000,50,250,500,152,152,120,148,0.0739376656580058,0.1016876730435923,0.021784593935169,1.4671052631578947,2.803982223771349,False,True,False,True,True,True,True,True,True,False,,True,21,1,0
Mono,cellstate,25,0.9,0.03,2000,50,1000,2000,153,153,151,152,0.0292239625541607,0.2853613287093089,0.0859993120055039,7.848082215342277,2.283410732714138,False,True,False,True,True,True,True,True,True,False,,True,21,5,1
Mono,cellstate,25,0.9,0.03,2000,75,250,500,164,164,127,155,0.1247489331030329,0.0928751606674848,0.018704174771809,1.295750411491845,2.9035612748765525,False,True,True,True,True,True,True,True,True,False,,True,23,1,0
Mono,cellstate,25,0.9,0.03,2000,75,500,1000,168,168,148,168,0.1002760581420171,0.1519350781912125,0.035642999714856,3.1621756487025947,2.721628172226975,False,True,True,True,True,True,True,True,True,False,,True,23,4,2
Mono,cellstate,25,0.9,0.03,2000,75,1000,2000,170,170,165,169,0.0677500784122557,0.2527499210133002,0.0696136442742777,6.9453880960668295,2.356421858684302,False,True,True,True,True,True,True,True,True,False,,True,23,11,6
Mono,cellstate,25,0.9,0.03,2000,100,1000,2000,171,171,166,171,0.0736338217811234,0.2538725890523367,0.0687994496044031,6.859717922256622,2.40202958376333,False,True,True,True,True,True,True,True,True,False,,True,23,10,5
Mono,cellstate,25,0.9,0.03,3000,10,100,200,43,43,40,43,0.0156287404671522,0.2552914309952253,0.1107419712070874,2.7967884828349945,2.3842746400885937,False,False,False,True,False,False,False,False,True,False,,True,7,2,0
Mono,cellstate,25,0.9,0.03,3000,10,250,457,43,43,43,43,-0.005175455057234,0.543490083531614,0.2530454042081949,7.189368770764119,1.886489479512736,False,False,False,True,False,False,False,False,True,False,,True,7,5,2
Mono,cellstate,25,0.9,0.03,3000,10,500,505,42,42,42,42,-0.0126646370773914,0.651684888294433,0.2932636469221835,7.8966318234610915,1.821718931475029,False,False,False,True,False,False,False,False,True,False,,True,7,5,2
Mono,cellstate,25,0.9,0.03,3000,10,1000,503,42,42,42,42,-0.0120655002705557,0.6518703498251937,0.292102206736353,7.846689895470384,1.82404181184669,False,False,False,True,False,False,False,False,True,False,,True,7,5,2
Mono,cellstate,25,0.9,0.03,3000,25,100,200,88,88,61,84,0.1017428700769579,0.1206241674991674,0.0261233019853709,0.7258359456635318,2.393025078369906,False,True,True,True,True,False,False,True,True,False,,False,14,1,0
Mono,cellstate,25,0.9,0.03,3000,25,250,500,96,96,89,96,0.0694025531594524,0.161704438811042,0.0548245614035087,2.968201754385965,2.77094298245614,False,True,True,True,True,False,False,True,True,False,,True,15,3,2
Mono,cellstate,25,0.9,0.03,3000,25,500,1000,100,100,98,100,0.0419580375635947,0.2910528639617348,0.101010101010101,6.3121212121212125,2.3085858585858587,False,True,True,True,True,False,True,True,True,False,,True,16,5,4
Mono,cellstate,25,0.9,0.03,3000,25,1000,2000,100,100,100,100,0.0209303272787555,0.4519940999824197,0.202020202020202,13.804545454545456,1.8985858585858584,False,True,True,True,True,False,True,True,True,False,,True,16,11,7
Mono,cellstate,25,0.9,0.03,3000,50,100,199,123,123,75,109,0.0898351109991321,0.0672598775898632,0.0132613621218179,0.1379448220711715,0.5210582433693189,False,True,True,True,True,True,True,True,True,False,,False,19,2,1
Mono,cellstate,25,0.9,0.03,3000,50,500,1000,154,154,142,153,0.0814296843293573,0.1503300154548712,0.0424412189118071,3.682836771072065,2.783761989644342,False,True,True,True,True,True,True,True,True,False,,True,22,3,2
Mono,cellstate,25,0.9,0.03,3000,50,1000,2000,154,154,151,154,0.0490646683561187,0.2370453666580597,0.0848824378236142,8.144003055767762,2.3174603174603177,False,True,True,True,True,True,True,True,True,False,,True,22,7,5
Mono,cellstate,25,0.9,0.03,3000,75,100,193,120,120,73,109,0.1476723825624925,0.0717539717907364,0.0135154061624649,0.1484593837535014,0.6375350140056022,False,True,True,True,True,True,True,True,True,False,,False,20,2,2
Mono,cellstate,25,0.9,0.03,3000,75,500,1000,167,167,149,166,0.1213265157048941,0.1440512019488205,0.0360724334463602,3.236995887742588,2.852139095303369,False,True,True,True,True,True,True,True,True,False,,True,23,3,2
Mono,cellstate,25,0.9,0.03,3000,100,100,200,136,136,87,116,0.1621654272597922,0.0630992781728075,0.0108932461873638,0.1184640522875817,0.5464052287581699,False,True,True,True,True,True,True,False,True,False,,True,20,0,0
Mono,cellstate,25,0.9,0.03,3000,100,250,500,165,165,125,158,0.1492969208177813,0.0844156772738738,0.0184774575018477,1.2138211382113822,2.8553215077605323,False,True,True,True,True,True,True,True,True,False,,True,22,2,1
Mono,cellstate,25,0.9,0.03,3000,100,500,1000,170,170,152,167,0.1506686590079689,0.1406458757399267,0.0348068221371388,3.125757048381483,2.835607379046293,False,True,True,True,True,True,True,True,True,False,,True,23,3,2
Mono,cellstate,25,0.9,0.03,3000,100,1000,2000,170,170,166,170,0.1153770313940164,0.2042787223443974,0.0696136442742777,7.229933867037939,2.438148277062304,False,True,True,True,True,True,True,True,True,False,,True,23,9,7
Mono,cellstate,25,0.9,0.03,4000,10,100,200,44,44,39,44,0.0239901099268268,0.288033512832978,0.1057082452431289,2.5850951374207187,2.16754756871036,False,False,False,True,False,False,False,False,True,False,,True,7,1,0
Mono,cellstate,25,0.9,0.03,4000,10,250,464,40,40,40,40,-0.0146867388930881,0.6074052433261371,0.2974358974358974,8.090384615384615,1.7814102564102563,False,False,False,True,False,False,False,False,True,False,,True,7,5,2
Mono,cellstate,25,0.9,0.03,4000,10,1000,535,40,40,40,40,-0.0120748299319727,0.6743876652858225,0.3429487179487179,9.216666666666669,1.7038461538461538,False,False,False,True,False,False,False,False,True,False,,True,7,5,2
Mono,cellstate,25,0.9,0.03,4000,25,250,500,101,101,84,99,0.0609832087104814,0.1544619984483353,0.0495049504950495,2.601089108910891,2.503564356435644,False,True,True,True,True,False,True,True,True,False,,True,16,4,3
Mono,cellstate,25,0.9,0.03,4000,25,500,1000,101,101,98,101,0.0512045105722864,0.275175594215939,0.099009900990099,6.373960396039604,2.2849504950495048,False,True,True,True,True,False,True,True,True,False,,True,16,4,3
Mono,cellstate,25,0.9,0.03,4000,25,1000,2000,97,97,97,97,0.0190101025922155,0.4570351358300963,0.2147766323024054,14.53479381443299,1.872637457044673,False,True,True,True,True,False,True,False,True,False,,True,15,11,7
Mono,cellstate,25,0.9,0.03,4000,50,100,196,122,122,75,108,0.1082959192427579,0.0549019313484115,0.0132773336946213,0.1519441810052838,0.6382603983200108,False,True,True,True,True,True,True,True,True,False,,True,19,1,1
Mono,cellstate,25,0.9,0.03,4000,50,250,500,146,146,105,144,0.0862180407928755,0.1085379031390312,0.0236183278223901,1.365139348134152,2.5250826641473783,False,True,True,True,True,True,True,True,True,False,,True,20,3,2
Mono,cellstate,25,0.9,0.03,4000,50,1000,2000,152,152,151,152,0.0494197730099655,0.2370156949758419,0.0871383757406761,8.606570233530848,2.32354478912513,False,True,True,True,True,True,True,True,True,False,,True,22,6,4
Mono,cellstate,25,0.9,0.03,4000,75,100,196,128,128,75,112,0.182508270321361,0.0615953947368421,0.0120570866141732,0.1173105314960629,0.5346333661417323,False,True,True,True,True,True,True,True,True,False,,True,19,1,1
Mono,cellstate,25,0.9,0.03,4000,75,500,1000,169,169,151,167,0.1193415325909996,0.1343146017244114,0.0352211890673429,3.2490490278951816,2.817483798253029,False,True,True,True,True,True,True,True,True,False,,True,22,4,2
Mono,cellstate,25,0.9,0.03,4000,75,1000,2000,170,170,168,170,0.0951974105013081,0.1996726769406609,0.0696136442742777,7.38868778280543,2.4944309084580576,False,True,True,True,True,True,True,True,True,False,,True,23,7,6
Mono,cellstate,25,0.9,0.03,4000,100,250,500,165,165,117,162,0.1936280830370793,0.0881868177050202,0.0184774575018477,1.068440502586844,2.52039911308204,False,True,True,True,True,True,True,True,True,False,,True,21,2,2
Mono,cellstate,10,0.5,0.005,2000,10,100,200,47,47,43,43,0.0082072692956618,0.3217157074603882,0.0925069380203515,2.259481961147086,2.4699352451433856,False,True,False,False,False,False,False,False,True,False,,False,8,0,0
Mono,cellstate,10,0.5,0.005,2000,10,250,370,47,47,47,42,-0.0004394323056708,0.5092623937790092,0.1711378353376503,4.387604070305273,1.98427382053654,False,True,False,False,True,False,False,False,True,False,,False,9,0,0
Mono,cellstate,10,0.5,0.005,2000,10,500,370,47,47,47,43,-0.0077595155709342,0.4717068131563147,0.1711378353376503,4.400555041628122,2.142460684551341,False,True,False,False,False,False,False,False,True,False,,False,8,0,0
Mono,cellstate,10,0.5,0.005,2000,10,1000,370,47,47,47,42,-0.0004394323056708,0.5092623937790092,0.1711378353376503,4.387604070305273,1.98427382053654,False,True,False,False,True,False,False,False,True,False,,False,9,0,0
Mono,cellstate,10,0.5,0.005,2000,25,100,200,98,98,73,95,0.0481055372515676,0.074410283593957,0.0210393435724805,0.913528297917105,3.246370713233747,False,True,True,False,True,True,False,True,True,False,,True,16,0,0
Mono,cellstate,10,0.5,0.005,2000,25,250,493,101,101,92,99,0.0211460617304773,0.1950719205096751,0.0488118811881188,2.6643564356435645,2.815148514851485,False,True,True,False,True,True,False,True,True,False,,True,17,1,1
Mono,cellstate,10,0.5,0.005,2000,25,500,988,103,103,103,103,0.005555906935777,0.283288079504737,0.0940415000951837,5.690938511326861,2.486388730249381,False,True,True,False,True,True,False,True,True,False,,True,17,2,1
Mono,cellstate,10,0.5,0.005,2000,25,1000,1608,102,102,102,100,0.0012730806608357,0.4717577442016735,0.1560861968549796,9.000873616773442,2.105707629586488,False,True,True,False,True,True,False,True,True,False,,True,17,5,4
Mono,cellstate,10,0.5,0.005,2000,50,100,198,114,114,77,102,0.0490885661360036,0.0617066169697748,0.015370284117373,0.4809812140971898,2.097034621953113,False,True,True,True,True,True,True,False,True,False,,False,18,2,2
Mono,cellstate,10,0.5,0.005,2000,50,250,497,141,141,118,140,0.0364210526315789,0.1086159696478516,0.025177304964539,1.7411854103343465,3.234042553191489,False,True,True,True,True,True,True,True,True,False,,True,20,2,2
Mono,cellstate,10,0.5,0.005,2000,50,500,988,142,142,134,142,0.0273218888803015,0.1857997567945571,0.0493457197083208,3.84307262011787,2.794376186195185,False,True,True,True,True,True,True,True,True,False,,True,21,4,4
Mono,cellstate,10,0.5,0.005,2000,50,1000,1978,142,142,139,142,0.0109450222208257,0.3362817197426792,0.0987913295375087,8.047198082109679,2.2881829987014286,False,True,True,True,True,True,True,True,True,False,,True,21,8,6
Mono,cellstate,10,0.5,0.005,2000,75,100,196,113,113,76,103,0.0604709141274238,0.0886510244917324,0.0154867256637168,0.5086915297092288,2.439475347661189,False,True,False,True,True,True,True,True,True,False,,False,17,0,0
Mono,cellstate,10,0.5,0.005,2000,75,250,494,160,160,124,155,0.0719881073189837,0.1237526592708901,0.0194182389937106,1.2402908805031447,2.665251572327044,False,True,True,True,True,True,True,True,True,False,,True,22,2,2
Mono,cellstate,10,0.5,0.005,2000,75,500,992,168,168,157,165,0.0561443430513676,0.145347169084587,0.0353578557171371,3.115661534074708,2.96535500427716,False,True,True,True,True,True,True,True,True,False,,True,23,3,3
Mono,cellstate,10,0.5,0.005,2000,75,1000,1985,168,168,167,167,0.0141373507307851,0.2713090763059106,0.0707513544339891,6.556850584545195,2.5445893926432848,False,True,True,True,True,True,True,True,True,False,,True,23,6,5
Mono,cellstate,10,0.5,0.005,2000,100,100,195,115,115,78,103,0.0861398057165252,0.0892810088462262,0.0148741418764302,0.477116704805492,2.316781083142639,False,True,False,True,True,True,True,True,True,False,,False,18,0,0
Mono,cellstate,10,0.5,0.005,2000,100,250,498,160,160,127,154,0.0643315972222222,0.1292863797125348,0.0195754716981132,1.3017688679245285,2.82625786163522,False,True,True,True,True,True,True,True,True,False,,True,23,2,2
Mono,cellstate,10,0.5,0.005,2000,100,500,991,170,170,156,167,0.0712360999158558,0.1469437654485204,0.0344935607379046,2.9928646014618865,2.920361990950226,False,True,True,True,True,True,True,True,True,False,,True,24,3,3
Mono,cellstate,10,0.5,0.005,2000,100,1000,1985,170,170,169,169,0.0207123798258185,0.264470461628419,0.0690915419422206,6.509919944309084,2.5527671423599023,False,True,True,True,True,True,True,True,True,False,,True,24,6,5
Mono,cellstate,10,0.5,0.005,3000,10,100,200,47,47,42,44,-0.0023795526441029,0.2967819286274419,0.0925069380203515,2.2456059204440333,2.4033302497687328,False,True,False,False,False,False,False,False,True,False,,False,8,0,0
Mono,cellstate,10,0.5,0.005,3000,10,250,377,47,47,47,44,-0.0070667245815095,0.4719834935216758,0.1743755781683626,4.477335800185014,2.131822386679001,False,True,False,False,False,False,False,False,True,False,,False,8,0,0
Mono,cellstate,10,0.5,0.005,3000,10,500,377,47,47,47,44,-0.0070667245815095,0.4719834935216758,0.1743755781683626,4.477335800185014,2.131822386679001,False,True,False,False,False,False,False,False,True,False,,False,8,0,0
Mono,cellstate,10,0.5,0.005,3000,10,1000,377,47,47,47,44,-0.0070667245815095,0.4719834935216758,0.1743755781683626,4.477335800185014,2.131822386679001,False,True,False,False,False,False,False,False,True,False,,False,8,0,0
Mono,cellstate,10,0.5,0.005,3000,25,100,200,95,95,69,91,0.0471468144044321,0.0949861078034452,0.0223964165733482,0.8388577827547592,2.6583426651735724,False,True,True,False,True,True,False,True,True,False,,True,15,0,0
Mono,cellstate,10,0.5,0.005,3000,25,250,493,101,101,92,100,0.01226231760626,0.1832191083254961,0.0488118811881188,2.6762376237623764,2.8255445544554454,False,True,True,False,True,True,False,True,True,False,,True,17,1,1
Mono,cellstate,10,0.5,0.005,3000,25,500,988,104,104,103,104,0.0085766055733588,0.2731642248110141,0.0922330097087378,5.70659073935773,2.445388349514563,False,True,True,False,True,True,False,True,True,False,,True,17,2,1
Mono,cellstate,10,0.5,0.005,3000,25,1000,1690,104,104,104,104,-0.0029184864004356,0.4636853651795578,0.1577669902912621,9.349794622852876,2.154406273338312,False,True,True,False,True,True,False,True,True,False,,True,17,4,1
Mono,cellstate,10,0.5,0.005,3000,50,100,200,112,112,77,104,0.0594244871931129,0.0800691867656153,0.016087516087516,0.4921975546975547,1.933799871299872,False,True,True,True,True,True,True,True,True,False,,False,17,0,0
Mono,cellstate,10,0.5,0.005,3000,50,250,499,138,138,113,138,0.0423418553239367,0.1193444828404035,0.0263937374378504,1.6477308790860044,2.691156246694171,False,True,True,True,True,True,True,True,True,False,,True,20,1,1
Mono,cellstate,10,0.5,0.005,3000,50,500,989,142,142,134,142,0.0292650577105705,0.1803540496200799,0.0493956647687543,3.914194386175207,2.7899310758166016,False,True,True,True,True,True,True,True,True,False,,True,21,4,4
Mono,cellstate,10,0.5,0.005,3000,50,1000,1981,145,145,144,145,0.0039454179647122,0.3006876271923958,0.094875478927203,8.011685823754789,2.350670498084291,False,True,True,True,True,True,True,True,True,False,,True,21,6,5
Mono,cellstate,10,0.5,0.005,3000,75,100,199,118,118,76,106,0.0918801147837177,0.0602657229775873,0.0144140228885991,0.5076778212371432,2.496016224829784,False,True,False,True,True,True,True,False,True,False,,False,17,0,0
Mono,cellstate,10,0.5,0.005,3000,75,250,495,160,160,126,154,0.0680936103544659,0.12051827979102,0.0194575471698113,1.2392295597484275,2.628066037735849,False,True,True,True,True,True,True,True,True,False,,True,22,2,2
Mono,cellstate,10,0.5,0.005,3000,75,500,990,166,166,153,162,0.0440095563415685,0.1517278021853172,0.036144578313253,3.104198612632348,2.8295363271266885,False,True,True,True,True,True,True,True,True,False,,True,22,3,3
Mono,cellstate,10,0.5,0.005,3000,75,1000,1983,168,168,167,168,0.0219187109235894,0.2521405916990063,0.0706800684345594,6.710899629312803,2.5484744796122043,False,True,True,True,True,True,True,True,True,False,,True,23,7,6
Mono,cellstate,10,0.5,0.005,3000,100,100,196,119,119,79,105,0.083808864265928,0.0717810201003478,0.0139581256231306,0.4717276741204956,2.3494516450648057,False,True,False,True,True,True,True,True,True,False,,False,17,0,0
Mono,cellstate,10,0.5,0.005,3000,100,250,498,159,159,124,151,0.0770808181624033,0.1203829960028005,0.0198232624791019,1.2586179444311758,2.528461109784253,False,True,True,True,True,True,True,True,True,False,,True,23,1,1
Mono,cellstate,10,0.5,0.005,3000,100,500,990,169,169,156,165,0.0521407506822751,0.1473447649683147,0.0348689771766694,3.0255353620738235,2.8290715694561848,False,True,True,True,True,True,True,True,True,False,,True,23,4,4
Mono,cellstate,10,0.5,0.005,3000,100,1000,1985,170,170,168,169,0.0159606170321662,0.2660269833224449,0.0690915419422206,6.524782457361643,2.518865297598329,False,True,True,True,True,True,True,True,True,False,,True,24,7,6
Mono,cellstate,10,0.5,0.005,4000,10,100,200,47,47,44,43,0.0034433526497018,0.2652619394599501,0.0925069380203515,2.3029602220166514,2.3196114708603144,False,True,False,False,True,False,False,False,True,False,,False,9,0,0
Mono,cellstate,10,0.5,0.005,4000,10,250,380,47,47,47,43,0.0002159307028544,0.5011550996245648,0.1757631822386679,4.506012950971323,1.9703977798334875,False,True,False,False,True,False,False,False,True,False,,False,9,0,0
Mono,cellstate,10,0.5,0.005,4000,10,500,380,47,47,47,43,0.0002159307028544,0.5011550996245648,0.1757631822386679,4.506012950971323,1.9703977798334875,False,True,False,False,True,False,False,False,True,False,,False,9,0,0
Mono,cellstate,10,0.5,0.005,4000,10,1000,380,47,47,47,43,0.0002159307028544,0.5011550996245648,0.1757631822386679,4.506012950971323,1.9703977798334875,False,True,False,False,True,False,False,False,True,False,,False,9,0,0
Mono,cellstate,10,0.5,0.005,4000,25,100,200,98,98,72,95,0.0519183760229567,0.0745707806932296,0.0210393435724805,0.8993267410056807,3.2958131706290765,False,True,True,False,True,True,False,True,True,False,,True,16,0,0
Mono,cellstate,10,0.5,0.005,4000,25,250,493,104,104,94,104,0.017392334274673,0.1646600535996108,0.0460231516056758,2.704256908140404,2.8985250186706497,False,True,True,False,True,True,False,True,True,False,,True,17,0,0
Mono,cellstate,10,0.5,0.005,4000,25,500,987,102,102,101,101,0.0138027517632096,0.3024403260119188,0.0958066394874781,5.618520675596971,2.4097262667443213,False,True,True,False,True,True,False,True,True,False,,True,17,1,1
Mono,cellstate,10,0.5,0.005,4000,25,1000,1615,102,102,102,101,0.0019724707815924,0.4762233534720785,0.1567656765676567,8.99805862939235,2.1286158027567463,False,True,True,False,True,True,False,True,True,False,,True,17,5,4
Mono,cellstate,10,0.5,0.005,4000,50,100,200,112,112,76,104,0.0648182591136146,0.0781461098425384,0.016087516087516,0.5869530244530244,2.556386743886744,False,True,True,True,True,True,True,True,True,False,,False,17,0,0
Mono,cellstate,10,0.5,0.005,4000,50,250,499,138,138,113,138,0.0417299272650236,0.1234093820607746,0.0263937374378504,1.7881095948376178,3.175076695229028,False,True,True,True,True,True,True,True,True,False,,True,20,2,2
Mono,cellstate,10,0.5,0.005,4000,50,500,990,145,145,138,145,0.0167987826773915,0.1680936694707022,0.0474137931034482,3.86345785440613,2.847318007662836,False,True,True,True,True,True,True,True,True,False,,True,21,4,4
Mono,cellstate,10,0.5,0.005,4000,50,1000,1981,145,145,144,145,0.0051558664153136,0.3025401640323545,0.094875478927203,8.022413793103448,2.34794061302682,False,True,True,True,True,True,True,True,True,False,,True,21,6,5
Mono,cellstate,10,0.5,0.005,4000,75,100,197,115,115,74,104,0.0919325086805555,0.0708440834527791,0.0150266971777269,0.5216628527841343,2.5453852021357743,False,True,False,True,True,True,True,False,True,False,,False,17,0,0
Mono,cellstate,10,0.5,0.005,4000,75,250,496,160,160,126,153,0.0726603878116343,0.1210983807858808,0.0194968553459119,1.2413522012578615,2.639504716981132,False,True,True,True,True,True,True,True,True,False,,True,22,2,2
Mono,cellstate,10,0.5,0.005,4000,75,500,990,166,166,153,162,0.0442087403045101,0.1517015161254367,0.036144578313253,3.1129609346476816,2.836108068638189,False,True,True,True,True,True,True,True,True,False,,True,22,3,3
Mono,cellstate,10,0.5,0.005,4000,75,1000,1984,167,167,165,166,0.0135311582316105,0.2720487059956933,0.0715677079575788,6.639239593102951,2.4994228410648582,False,True,True,True,True,True,True,True,True,False,,True,23,7,6
Mono,cellstate,10,0.5,0.005,4000,100,100,196,119,119,75,105,0.0918149173542391,0.0637275422989708,0.0139581256231306,0.4747899159663865,2.3664007976071786,False,True,False,True,True,True,True,False,True,False,,False,17,0,0
Mono,cellstate,10,0.5,0.005,4000,100,250,498,160,160,127,153,0.069186463822412,0.1337348846697976,0.0195754716981132,1.2630896226415094,2.527240566037736,False,True,True,True,True,True,True,True,True,False,,True,23,1,1
Mono,cellstate,10,0.5,0.005,4000,100,500,990,170,170,155,167,0.0710120445236918,0.1420399107266832,0.0344587539157674,3.013331012878524,2.893630351548904,False,True,True,True,True,True,True,True,True,False,,True,24,3,3
Mono,cellstate,10,0.5,0.005,4000,100,1000,1983,171,171,170,171,0.0320874693139941,0.2422020461289843,0.0682146542827657,6.560233918128655,2.58703130374957,False,True,True,True,True,True,True,True,True,False,,True,24,7,6
Mono,cellstate,10,0.5,0.01,2000,10,100,200,51,51,41,48,0.0186121256391526,0.2116874614825807,0.0784313725490196,2.020392156862745,2.132941176470588,False,True,False,False,True,False,True,False,True,False,,False,8,0,0
Mono,cellstate,10,0.5,0.01,2000,10,250,403,50,50,50,48,-0.0087510204081632,0.4526850926203377,0.1644897959183673,4.701632653061225,2.098367346938776,False,True,False,False,True,False,False,False,True,False,,False,7,1,0
Mono,cellstate,10,0.5,0.01,2000,10,500,400,50,50,50,48,-0.0084390276126304,0.447736639229918,0.1632653061224489,4.668571428571428,2.1053061224489795,False,True,False,False,True,False,False,False,True,False,,False,7,1,0
Mono,cellstate,10,0.5,0.01,2000,10,1000,399,50,50,50,48,-0.0079811309785813,0.4475140857599959,0.1628571428571428,4.6624489795918365,2.106122448979592,False,True,False,False,True,False,False,False,True,False,,False,7,1,0
Mono,cellstate,10,0.5,0.01,2000,25,100,198,89,89,65,87,-0.0068328429153463,0.0513232775503621,0.0252808988764044,1.0233656792645556,2.980337078651685,False,True,True,False,True,False,True,True,True,False,,True,16,2,2
Mono,cellstate,10,0.5,0.01,2000,25,250,500,104,104,91,101,0.0205043639705367,0.1618324696294152,0.0466766243465272,2.592886482449589,2.440627333831217,False,True,True,False,True,False,True,True,True,False,,True,18,3,2
Mono,cellstate,10,0.5,0.01,2000,25,500,1000,101,101,98,100,0.0133677238179542,0.2825403174887652,0.099009900990099,6.241980198019802,2.252970297029703,False,True,True,False,True,False,False,True,True,False,,True,16,4,2
Mono,cellstate,10,0.5,0.01,2000,25,1000,1717,101,101,101,100,0.0018560447226896,0.4561741084717216,0.17,10.512475247524751,2.0187128712871285,False,True,True,False,True,False,False,True,True,False,,True,16,6,3
Mono,cellstate,10,0.5,0.01,2000,50,100,196,124,124,81,110,0.0955540166204986,0.0198736747123843,0.012850773669027,0.264686598478888,1.1982690794649882,False,True,True,True,True,True,True,True,True,False,,True,19,2,2
Mono,cellstate,10,0.5,0.01,2000,50,250,500,150,150,125,146,0.0721222331799255,0.1090671432335182,0.0223713646532438,1.5583892617449664,2.7987919463087247,False,True,True,True,True,True,True,True,True,False,,True,21,3,2
Mono,cellstate,10,0.5,0.01,2000,50,500,1000,151,151,142,151,0.0554062924400181,0.1747030944833759,0.0441501103752759,3.72075055187638,2.77598233995585,False,True,True,True,True,True,True,True,True,False,,True,21,5,4
Mono,cellstate,10,0.5,0.01,2000,50,1000,2000,153,153,150,153,0.0315838573349097,0.2745746592930037,0.0859993120055039,7.885276917784657,2.321938424492604,False,True,True,True,True,True,True,True,True,False,,True,22,9,7
Mono,cellstate,10,0.5,0.01,2000,75,100,193,125,125,79,113,0.1116560382052675,0.0465945165945166,0.0124516129032258,0.292516129032258,1.6290322580645162,False,True,True,True,True,True,True,True,True,False,,True,20,1,1
Mono,cellstate,10,0.5,0.01,2000,75,250,500,165,165,132,157,0.0703138734499033,0.0870911644255297,0.0184774575018477,1.3801182557280118,3.0756836659275684,False,True,True,True,True,True,True,True,True,False,,True,22,2,2
Mono,cellstate,10,0.5,0.01,2000,75,500,1000,174,174,160,171,0.0664528197716173,0.1470487569899323,0.0332203840276393,2.955750448475184,2.700152813766527,False,True,True,True,True,True,True,True,True,False,,True,23,4,3
Mono,cellstate,10,0.5,0.01,2000,75,1000,2000,176,176,173,176,0.0388376957431171,0.2280829139217217,0.0649350649350649,6.676071428571428,2.494935064935065,False,True,True,True,True,True,True,True,True,False,,True,24,10,8
Mono,cellstate,10,0.5,0.01,2000,100,100,194,129,129,82,115,0.1514235323759132,0.0203897738781459,0.0117490310077519,0.1402010658914728,0.5885416666666666,False,True,True,True,True,True,True,True,True,False,,True,20,2,2
Mono,cellstate,10,0.5,0.01,2000,100,250,500,167,167,129,161,0.1317008310249307,0.0717234772692858,0.0180362167231801,1.2627876776567348,2.8574417430199843,False,True,True,True,True,True,True,True,True,False,,True,22,2,2
Mono,cellstate,10,0.5,0.01,2000,100,500,1000,176,176,153,172,0.0987190775937402,0.1316155020544599,0.0324675324675324,2.9083116883116884,2.5905844155844155,False,True,True,True,True,True,True,True,True,False,,True,23,4,4
Mono,cellstate,10,0.5,0.01,2000,100,1000,2000,178,178,176,178,0.053039802289282,0.2219419603704388,0.0634799720688122,6.588998920840475,2.5358979242049133,False,True,True,True,True,True,True,True,True,False,,True,24,11,9
Mono,cellstate,10,0.5,0.01,3000,10,100,200,51,51,43,49,0.0068828570575412,0.1955764634739321,0.0784313725490196,2.1149019607843136,2.0992156862745097,False,True,False,False,True,False,False,False,True,False,,False,8,0,0
Mono,cellstate,10,0.5,0.01,3000,10,250,484,51,51,51,49,-0.0125600747597009,0.5111212699386002,0.1898039215686274,5.706274509803921,1.97843137254902,False,True,False,False,True,False,False,False,True,False,,False,8,1,0
Mono,cellstate,10,0.5,0.01,3000,10,500,513,51,51,51,49,-0.0146378242171417,0.5437287428715128,0.2011764705882353,6.0188235294117645,1.9505882352941173,False,True,False,False,True,False,False,False,True,False,,False,8,1,0
Mono,cellstate,10,0.5,0.01,3000,10,1000,514,51,51,51,49,-0.014879012345679,0.547759565491496,0.2015686274509804,6.024705882352941,1.9501960784313723,False,True,False,False,True,False,False,False,True,False,,False,8,1,0
Mono,cellstate,10,0.5,0.01,3000,25,100,199,93,93,68,91,0.0158725667722951,0.0597200887523468,0.0232585320243104,0.9282374941561478,3.447522206638616,False,True,True,False,True,False,False,True,True,False,,False,15,2,2
Mono,cellstate,10,0.5,0.01,3000,25,250,500,106,106,93,106,0.0181773000891795,0.1444983943762633,0.0449236298292902,2.526774483378257,2.64366576819407,False,True,True,False,True,False,False,True,True,False,,True,18,3,2
Mono,cellstate,10,0.5,0.01,3000,25,500,1000,106,106,102,106,0.0152638833737819,0.2548130647361896,0.0898472596585804,5.8149146451033245,2.305121293800539,False,True,True,False,True,False,False,True,True,False,,True,18,6,4
Mono,cellstate,10,0.5,0.01,3000,25,1000,2000,103,103,103,103,-0.0055347172856097,0.4812670793347539,0.1903674090995621,12.28650295069484,1.9819150961355416,False,True,True,False,True,False,True,True,True,False,,True,19,10,5
Mono,cellstate,10,0.5,0.01,3000,50,100,196,125,125,84,109,0.0822345399064975,0.048031746031746,0.0126451612903225,0.2801935483870967,1.3029032258064517,False,True,True,True,True,True,False,True,True,False,,False,17,2,2
Mono,cellstate,10,0.5,0.01,3000,50,250,500,151,151,122,145,0.066665474748468,0.0965475947016963,0.0220750551876379,1.429271523178808,2.8919205298013244,False,True,True,True,True,True,False,True,True,False,,True,20,2,2
Mono,cellstate,10,0.5,0.01,3000,50,500,1000,155,155,139,155,0.03037395445248,0.1512476804131314,0.041893590280687,3.51462086300796,2.59572685379137,False,True,True,True,True,True,True,True,True,False,,True,22,3,3
Mono,cellstate,10,0.5,0.01,3000,50,1000,2000,155,155,153,155,0.0257697110474687,0.2477761659627381,0.0837871805613741,7.911730205278593,2.3556346878927523,False,True,True,True,True,True,True,True,True,False,,True,22,8,6
Mono,cellstate,10,0.5,0.01,3000,75,100,190,127,127,86,106,0.102045288531775,0.0488438945131858,0.0118735158105236,0.1544181977252843,0.7230971128608924,False,True,True,True,True,True,True,False,True,False,,False,17,2,2
Mono,cellstate,10,0.5,0.01,3000,75,250,500,169,169,133,160,0.0765876364550416,0.0804057058632323,0.0176105945336714,1.1832558467173853,2.9311425753733444,False,True,True,True,True,True,True,True,True,False,,True,23,3,3
Mono,cellstate,10,0.5,0.01,3000,75,500,1000,175,175,153,174,0.0580356145157757,0.1283468406649909,0.0328407224958949,2.872512315270936,2.6445977011494253,False,True,True,True,True,True,True,True,True,False,,True,24,4,4
Mono,cellstate,10,0.5,0.01,3000,75,1000,2000,175,175,171,175,0.0335952232112503,0.2254617888389913,0.0656814449917898,6.766732348111659,2.489129720853859,False,True,True,True,True,True,True,True,True,False,,True,24,8,7
Mono,cellstate,10,0.5,0.01,3000,100,100,195,135,135,89,112,0.1007479224376731,0.0333156966490299,0.0107794361525704,0.0911000552791597,0.3405196241017136,False,True,True,True,True,True,True,False,True,False,,True,19,2,2
Mono,cellstate,10,0.5,0.01,3000,100,250,500,173,173,130,166,0.1193737941097618,0.0851860861127972,0.0168033337814222,1.1663193977685171,2.8233969619572523,False,True,True,True,True,True,True,True,True,False,,True,24,2,2
Mono,cellstate,10,0.5,0.01,3000,100,500,1000,178,178,159,177,0.0763365913582224,0.1236814524392636,0.0317399860344061,2.850250745889672,2.751952009141116,False,True,True,True,True,True,True,True,True,False,,True,24,5,4
Mono,cellstate,10,0.5,0.01,3000,100,1000,2000,178,178,174,178,0.0633614341736439,0.215159321177482,0.0634799720688122,6.592553799276328,2.5290420872214816,False,True,True,True,True,True,True,True,True,False,,True,24,8,7
Mono,cellstate,10,0.5,0.01,4000,10,100,200,52,52,46,50,-0.0019019442096365,0.1902397282204974,0.0754147812971342,2.199849170437406,2.3823529411764706,False,True,False,False,True,False,False,False,True,False,,False,8,0,0
Mono,cellstate,10,0.5,0.01,4000,10,250,500,52,52,52,50,-0.0185709358006655,0.4876416600217587,0.1885369532428356,5.894796380090498,2.0094268476621417,False,True,False,False,True,False,False,False,True,False,,False,8,1,0
Mono,cellstate,10,0.5,0.01,4000,10,500,552,51,51,51,49,-0.0093467758874186,0.5518273069574616,0.2164705882352941,6.565882352941176,1.9364705882352944,False,True,False,False,True,False,True,False,True,False,,False,9,1,0
Mono,cellstate,10,0.5,0.01,4000,10,1000,588,52,52,52,50,-0.0207538604736328,0.5690220852981773,0.2217194570135746,6.801659125188537,1.902337858220211,False,True,False,False,True,False,False,False,True,False,,False,8,1,0
Mono,cellstate,10,0.5,0.01,4000,25,100,199,92,92,69,90,0.0369652557718424,0.0556769920900355,0.0237697085523172,0.8539178213091256,3.2399665551839463,False,True,True,False,True,False,False,True,True,False,,True,15,2,2
Mono,cellstate,10,0.5,0.01,4000,25,250,500,105,105,94,105,0.0175983199519462,0.149073356247173,0.0457875457875457,2.626098901098901,2.6955128205128207,False,True,True,False,True,False,True,True,True,False,,True,19,2,2
Mono,cellstate,10,0.5,0.01,4000,25,500,1000,105,105,102,105,0.0114077414342094,0.2522951455780109,0.0915750915750915,5.952014652014652,2.328846153846154,False,True,True,False,True,False,False,True,True,False,,True,18,6,4
Mono,cellstate,10,0.5,0.01,4000,25,1000,2000,105,105,105,105,-0.0071992427085349,0.457948196388291,0.1831501831501831,12.205494505494505,1.9822344322344323,False,True,True,False,True,False,True,True,True,False,,True,19,11,5
Mono,cellstate,10,0.5,0.01,4000,50,100,198,123,123,80,109,0.0298397272409997,0.0490513100269197,0.0131947221111555,0.3023457283753165,1.398973743835799,False,True,True,True,True,True,True,True,True,False,,True,19,1,1
Mono,cellstate,10,0.5,0.01,4000,50,250,500,152,152,124,148,0.0648507792910172,0.0936351477469898,0.021784593935169,1.4821366329731611,3.0195625653537816,False,True,True,True,True,True,False,True,True,False,,True,21,2,2
Mono,cellstate,10,0.5,0.01,4000,50,500,1000,155,155,147,155,0.0398167775480219,0.148461207984031,0.041893590280687,3.580728948470884,2.8443653121072474,False,True,True,True,True,True,False,True,True,False,,True,21,4,3
Mono,cellstate,10,0.5,0.01,4000,50,1000,2000,155,155,152,155,0.027405312856548,0.2483442175339744,0.0837871805613741,7.975240888144114,2.3223711772098867,False,True,True,True,True,True,False,True,True,False,,True,21,8,6
Mono,cellstate,10,0.5,0.01,4000,75,100,195,133,133,92,109,0.0726177285318559,0.0442176870748299,0.0111073137388926,0.0922761449077238,0.3512759170653907,False,True,True,True,True,True,True,False,True,False,,True,20,2,2
Mono,cellstate,10,0.5,0.01,4000,75,250,500,168,168,134,161,0.0617130546330605,0.0754957593801025,0.017821499857428,1.2341032221271742,3.13601368691189,False,True,True,True,True,True,True,True,True,False,,True,23,2,2
Mono,cellstate,10,0.5,0.01,4000,75,500,1000,175,175,155,174,0.0487366687015225,0.1262083642323578,0.0328407224958949,2.922036124794745,2.757208538587849,False,True,True,True,True,True,True,True,True,False,,True,24,5,4
Mono,cellstate,10,0.5,0.01,4000,75,1000,2000,175,175,170,175,0.0331379310246323,0.219014042765883,0.0656814449917898,6.739343185550082,2.437766830870279,False,True,True,True,True,True,True,True,True,False,,True,24,8,7
Mono,cellstate,10,0.5,0.01,4000,100,100,195,132,132,88,108,0.0913850415512465,0.0368566618566618,0.0112768910478834,0.0780707841776544,0.2686791579921351,False,True,True,True,True,True,True,False,True,False,,True,20,2,2
Mono,cellstate,10,0.5,0.01,4000,100,250,500,170,170,136,162,0.0939794717838452,0.0760192562956175,0.0174034110685694,1.2419422206752524,3.153254437869822,False,True,True,True,True,True,True,True,True,False,,True,23,2,2
Mono,cellstate,10,0.5,0.01,4000,100,500,1000,178,178,160,176,0.0759574082930688,0.1226685023616735,0.0317399860344061,2.8746587951501303,2.763029264267124,False,True,True,True,True,True,True,True,True,False,,True,24,5,4
Mono,cellstate,10,0.5,0.01,4000,100,1000,2000,178,178,174,178,0.067148881406052,0.2054721703856733,0.0634799720688122,6.644099536596204,2.534469624833365,False,True,True,True,True,True,True,True,True,False,,True,24,8,6
Mono,cellstate,10,0.5,0.02,2000,10,100,200,44,44,42,43,0.0486678200692041,0.2994407204823388,0.1057082452431289,2.7806553911205074,2.411205073995772,False,False,False,False,False,False,False,False,True,False,,False,5,0,0
Mono,cellstate,10,0.5,0.02,2000,10,250,303,44,44,44,43,0.033344,0.4099669215525228,0.1601479915433404,4.23784355179704,2.1723044397463003,False,False,False,False,False,False,False,False,True,False,,False,5,0,0
Mono,cellstate,10,0.5,0.02,2000,10,500,305,44,44,44,43,0.0309901738473166,0.4117043614119723,0.1612050739957716,4.269027484143764,2.167019027484144,False,False,False,False,False,False,False,False,True,False,,False,5,0,0
Mono,cellstate,10,0.5,0.02,2000,10,1000,303,44,44,44,43,0.0341768681150304,0.4088304045607426,0.1601479915433404,4.238372093023256,2.1654334038054968,False,False,False,False,False,False,False,False,True,False,,False,5,0,0
Mono,cellstate,10,0.5,0.02,2000,25,100,200,95,95,66,87,0.1363864603024574,0.0818799790544943,0.0223964165733482,0.5818589025755879,2.625643896976484,False,True,True,True,False,False,False,True,True,False,,True,15,2,1
Mono,cellstate,10,0.5,0.02,2000,25,250,500,101,101,92,100,0.0681048209086264,0.1685099936693903,0.0495049504950495,2.757722772277228,2.6845544554455447,False,True,True,True,False,False,False,True,True,False,,True,16,5,3
Mono,cellstate,10,0.5,0.02,2000,25,500,1000,101,101,99,101,0.0497377079046639,0.2807727798227917,0.099009900990099,6.324356435643565,2.314752475247525,False,True,True,True,False,False,False,True,True,False,,True,16,6,4
Mono,cellstate,10,0.5,0.02,2000,25,1000,2000,100,100,100,100,0.0152611597435,0.4835784040743183,0.202020202020202,13.16010101010101,1.915959595959596,False,True,True,True,True,False,True,True,True,False,,True,18,12,4
Mono,cellstate,10,0.5,0.02,2000,50,100,195,121,121,84,105,0.0423170308706209,0.0692247146792601,0.0134297520661157,0.3236225895316804,2.3008264462809915,False,True,True,True,True,True,True,False,True,False,,True,18,1,1
Mono,cellstate,10,0.5,0.02,2000,50,250,500,156,156,130,149,0.0682118216719768,0.0936998351452349,0.0206782464846981,1.4690239867659225,3.2253928866832093,False,True,True,True,True,True,False,True,True,False,,True,20,4,3
Mono,cellstate,10,0.5,0.02,2000,50,500,1000,157,157,148,156,0.0506723097600732,0.1660354737356498,0.0408296586640535,3.677119059284665,2.8588518699983667,False,True,True,True,True,True,True,True,True,False,,True,22,3,3
Mono,cellstate,10,0.5,0.02,2000,50,1000,2000,161,161,157,161,0.0315648656676721,0.2651570957190602,0.077639751552795,7.574068322981367,2.311645962732919,False,True,True,True,True,True,False,True,True,False,,True,20,7,5
Mono,cellstate,10,0.5,0.02,2000,75,100,197,131,131,87,113,0.1031848064280497,0.0638291310047035,0.0115678214914856,0.2004697592483852,1.1378156194950089,False,True,True,True,True,True,True,False,True,False,,True,19,1,1
Mono,cellstate,10,0.5,0.02,2000,75,250,500,166,166,135,159,0.0966459421889876,0.0926229615643617,0.0182548375319459,1.4299744432274553,3.513106973347937,False,True,True,True,True,True,True,True,True,False,,True,22,1,1
Mono,cellstate,10,0.5,0.02,2000,75,500,1000,173,173,161,173,0.066824649470846,0.1273287491907308,0.0336066675628444,3.2546377201236725,3.039353407716091,False,True,True,True,True,True,True,True,True,False,,True,23,3,3
Mono,cellstate,10,0.5,0.02,2000,75,1000,2000,180,180,177,180,0.0493574498339359,0.2406655745865705,0.0620732464307883,6.537647423960273,2.4958721291123527,False,True,True,True,True,True,True,True,True,False,,True,24,11,9
Mono,cellstate,10,0.5,0.02,2000,100,100,194,131,131,86,113,0.1127569706994328,0.0593481158366654,0.0113916617733411,0.1712859659424545,1.0505578391074577,False,True,True,True,True,True,True,False,True,False,,True,19,1,1
Mono,cellstate,10,0.5,0.02,2000,100,250,500,168,168,133,162,0.1162248272837957,0.0926359788929816,0.017821499857428,1.3313016823495865,3.2609067579127458,False,True,True,True,True,True,True,True,True,False,,True,23,5,4
Mono,cellstate,10,0.5,0.02,2000,100,500,1000,180,180,164,179,0.1042775579110182,0.1524865735034844,0.0310366232153941,2.9169770328988207,3.042675356921167,False,True,True,True,True,True,True,True,True,False,,True,23,7,6
Mono,cellstate,10,0.5,0.02,2000,100,1000,2000,179,179,177,179,0.0627551470227594,0.2180170526543884,0.0627706986378758,6.637436444667629,2.512177515535748,False,True,True,True,True,True,True,True,True,False,,True,24,7,5
Mono,cellstate,10,0.5,0.02,3000,10,100,200,45,45,38,44,0.0567874526771227,0.2152187028657617,0.101010101010101,2.6646464646464647,2.04040404040404,False,False,False,False,False,False,True,False,True,False,,False,7,0,0
Mono,cellstate,10,0.5,0.02,3000,10,250,436,44,44,44,44,-0.003129789983067,0.4908886961585558,0.2304439746300211,6.5216701902748415,1.952959830866808,False,False,False,False,False,False,False,False,True,False,,False,6,0,0
Mono,cellstate,10,0.5,0.02,3000,10,500,470,45,45,45,45,0.0149637375611401,0.5141218161751216,0.2373737373737373,6.8828282828282825,1.944949494949495,False,False,False,False,False,False,True,False,True,False,,False,7,0,0
Mono,cellstate,10,0.5,0.02,3000,10,1000,469,45,45,45,45,0.0149637375611401,0.5141218161751216,0.2368686868686868,6.858585858585859,1.945454545454545,False,False,False,False,False,False,True,False,True,False,,False,7,0,0
Mono,cellstate,10,0.5,0.02,3000,25,100,200,94,94,70,90,0.0618424095271129,0.0665400202634245,0.022878059940517,0.7312971859986274,2.811370395790437,False,True,True,True,True,False,True,True,True,False,,False,18,0,0
Mono,cellstate,10,0.5,0.02,3000,25,250,500,99,99,90,99,0.0553841498802089,0.1653167125157183,0.0515357658214801,2.730261801690373,2.676355390641105,False,True,True,True,False,False,False,True,True,False,,True,16,4,3
Mono,cellstate,10,0.5,0.02,3000,25,500,1000,102,102,100,102,0.0361955561166519,0.2664367311133174,0.09706853038245,6.171908367307319,2.308289652494661,False,True,True,True,False,False,False,True,True,False,,True,17,8,5
Mono,cellstate,10,0.5,0.02,3000,25,1000,2000,102,102,102,102,0.0160260516542132,0.4460647229745396,0.1941370607649,13.431954960201905,1.9047757716948168,False,True,True,True,False,False,False,True,True,False,,True,17,10,6
Mono,cellstate,10,0.5,0.02,3000,50,100,198,125,125,82,110,0.0993628808864265,0.0560507936507936,0.012774193548387,0.1252903225806451,0.5041290322580645,False,True,True,True,False,True,True,False,True,False,,True,18,1,1
Mono,cellstate,10,0.5,0.02,3000,50,250,500,153,153,120,147,0.0649517159805098,0.0947849492847367,0.0214998280013759,1.472781217750258,3.036291709666323,False,True,True,True,True,True,True,True,True,False,,True,22,1,1
Mono,cellstate,10,0.5,0.02,3000,50,500,1000,162,162,153,159,0.0339289999576512,0.1524436025034262,0.0383406180507629,3.3697569204815583,2.931216931216931,False,True,True,True,True,True,True,True,True,False,,True,22,7,5
Mono,cellstate,10,0.5,0.02,3000,50,1000,2000,158,158,158,158,0.0341218048730364,0.2356550989297349,0.0806256550834475,8.111182778360075,2.387486898331049,False,True,True,True,True,True,True,True,True,False,,True,22,9,5
Mono,cellstate,10,0.5,0.02,3000,75,100,194,121,121,68,108,0.0345806934864704,0.0352135238498874,0.0133608815426997,0.0926997245179063,0.3712121212121212,False,True,True,True,True,True,True,False,True,False,,True,18,3,2
Mono,cellstate,10,0.5,0.02,3000,75,250,500,169,169,128,165,0.1081119734558837,0.0764571842911923,0.0176105945336714,1.134650605804452,2.861862496477881,False,True,True,True,True,True,True,False,True,False,,True,21,4,3
Mono,cellstate,10,0.5,0.02,3000,75,500,1000,173,173,160,172,0.0910676464030915,0.1255893964461001,0.0336066675628444,3.2838083075682216,3.023692700631805,False,True,True,True,True,True,True,True,True,False,,True,24,3,1
Mono,cellstate,10,0.5,0.02,3000,75,1000,2000,177,177,174,177,0.054426957048774,0.2047880369833828,0.064201335387776,6.850603492552645,2.4991974833076527,False,True,True,True,True,True,True,True,True,False,,True,24,13,10
Mono,cellstate,10,0.5,0.02,3000,100,100,193,124,124,71,114,0.0634846332644627,0.0580167592264366,0.0126540781536847,0.080251770259638,0.3055337004982953,False,True,True,True,True,True,True,False,True,False,,False,17,3,2
Mono,cellstate,10,0.5,0.02,3000,100,250,500,174,174,131,169,0.111214182642754,0.071728155211928,0.0166101920138196,1.0539166832768587,2.7902132748654576,False,True,True,True,True,True,True,False,True,False,,True,22,4,3
Mono,cellstate,10,0.5,0.02,3000,100,500,1000,179,179,163,178,0.1011538515363695,0.134140274583958,0.0313853493189379,2.8703157366141485,2.968049714393321,False,True,True,True,True,True,True,True,True,False,,True,24,8,6
Mono,cellstate,10,0.5,0.02,3000,100,1000,2000,181,181,178,181,0.0739611837772278,0.2009967638639816,0.0613873542050337,6.657335788827502,2.538459177409454,False,True,True,True,True,True,True,True,True,False,,True,24,12,10
Mono,cellstate,10,0.5,0.02,4000,10,100,200,44,44,38,43,0.0438408304498269,0.2097189278339012,0.1057082452431289,2.7748414376321358,2.048097251585624,False,False,False,False,False,False,False,False,True,False,,False,6,0,0
Mono,cellstate,10,0.5,0.02,4000,10,250,459,44,44,43,43,0.0056146177064497,0.5539517802718213,0.2426004228329809,6.637949260042284,1.8012684989429175,False,False,False,False,False,False,False,False,True,False,,False,6,0,0
Mono,cellstate,10,0.5,0.02,4000,10,500,574,46,46,46,46,0.0041590495644283,0.6113581458860678,0.2772946859903382,8.169565217391304,1.835265700483092,False,True,False,False,False,False,False,False,True,False,,False,7,0,0
Mono,cellstate,10,0.5,0.02,4000,10,1000,529,44,44,44,44,0.0003337486650053,0.5941433134687879,0.2795983086680761,7.9783298097251585,1.8144820295983088,False,False,False,False,False,False,False,False,True,False,,False,6,0,0
Mono,cellstate,10,0.5,0.02,4000,25,100,200,92,92,65,85,0.1254998321174567,0.0516793592880549,0.0238891543239369,0.555303392259914,1.9966555183946488,False,True,True,True,False,False,False,True,True,False,,True,16,2,1
Mono,cellstate,10,0.5,0.02,4000,25,250,500,103,103,88,103,0.0480331955103465,0.1573816030206362,0.0475918522748905,2.517799352750809,2.454692556634304,False,True,True,True,False,False,False,True,True,False,,True,18,6,4
Mono,cellstate,10,0.5,0.02,4000,25,500,1000,101,101,96,101,0.0275281657486152,0.2496900847258999,0.099009900990099,6.361881188118812,2.18,False,True,True,False,True,False,False,True,True,False,,True,18,4,2
Mono,cellstate,10,0.5,0.02,4000,25,1000,2000,103,103,103,103,0.0153199212499406,0.4305128310177734,0.1903674090995621,13.466876070816676,1.911764705882353,False,True,True,True,False,False,False,True,True,False,,True,18,13,8
Mono,cellstate,10,0.5,0.02,4000,50,100,196,121,121,76,106,0.0852232837825463,0.0612989398113365,0.0134986225895316,0.2132231404958677,1.090151515151515,False,True,True,True,True,True,False,False,True,False,,True,17,1,1
Mono,cellstate,10,0.5,0.02,4000,50,250,500,157,157,125,154,0.050740752628514,0.0861105313871971,0.0204148293320267,1.2466927976482116,3.0427078229626,False,True,True,True,True,True,False,True,True,False,,True,21,3,3
Mono,cellstate,10,0.5,0.02,4000,50,500,1000,161,161,148,161,0.0470469273385818,0.1470291309880239,0.0388198757763975,3.383501552795031,2.957531055900621,False,True,True,True,True,True,False,True,True,False,,True,21,6,4
Mono,cellstate,10,0.5,0.02,4000,50,1000,2000,161,161,159,161,0.0383425775780851,0.2301773268621329,0.077639751552795,7.71432453416149,2.408850931677019,False,True,True,True,True,True,False,True,True,False,,True,21,11,8
Mono,cellstate,10,0.5,0.02,4000,75,100,194,123,123,73,111,0.0608751287413001,0.0270381831357441,0.0129281620685059,0.1102225776356124,0.4462215113954418,False,True,True,True,True,True,True,False,True,False,,True,18,2,2
Mono,cellstate,10,0.5,0.02,4000,75,250,500,171,171,129,164,0.0912002172016592,0.0924961792201485,0.0171998624011007,1.062091503267974,3.007155142758858,False,True,True,True,True,True,True,False,True,False,,True,23,1,1
Mono,cellstate,10,0.5,0.02,4000,75,500,1000,177,177,161,175,0.0787246784817051,0.1275604441001801,0.032100667693888,3.025905238828968,3.1023048279404213,False,True,True,True,True,True,True,True,True,False,,True,24,6,5
Mono,cellstate,10,0.5,0.02,4000,75,1000,2000,178,178,174,178,0.0682268804682134,0.1950860495854381,0.0634799720688122,6.833999873040056,2.517425252332889,False,True,True,True,True,True,True,True,True,False,,True,24,10,7
Mono,cellstate,10,0.5,0.02,4000,100,100,195,124,124,75,111,0.071003086419753,0.0329589765073636,0.0127852084972462,0.1547338054025701,0.8577235772357723,False,True,True,True,True,True,True,False,True,False,,True,19,2,2
Mono,cellstate,10,0.5,0.02,4000,100,250,500,170,170,124,168,0.133176905242829,0.0887231363711057,0.0174034110685694,1.098955795335886,3.113922728854856,False,True,True,True,True,True,True,False,True,False,,True,22,4,3
Mono,cellstate,10,0.5,0.02,4000,100,500,1000,178,178,166,176,0.0797760739403803,0.1198824815492518,0.0317399860344061,2.928648511394655,3.143623436805688,False,True,True,True,True,True,True,True,True,False,,True,24,3,2
Mono,cellstate,10,0.5,0.02,4000,100,1000,2000,179,179,177,178,0.0882333375405563,0.1882988159203117,0.0627706986378758,6.98493503232691,2.513338773460549,False,True,True,True,True,True,True,True,True,False,,True,24,7,5
Mono,cellstate,10,0.5,0.03,2000,10,100,200,45,45,40,44,0.0380316446508927,0.3307233134942114,0.101010101010101,2.48989898989899,2.136868686868687,False,False,False,False,False,False,False,False,True,False,,True,7,0,0
Mono,cellstate,10,0.5,0.03,2000,10,250,359,44,44,44,43,0.0118976761037213,0.5288160689781198,0.1897463002114165,4.756342494714588,2.031712473572939,False,False,False,False,False,False,False,False,True,False,,True,7,2,0
Mono,cellstate,10,0.5,0.03,2000,10,500,356,44,44,44,43,0.0131504132231405,0.525116104646601,0.1881606765327695,4.6997885835095135,2.04122621564482,False,False,False,False,False,False,False,False,True,False,,True,7,2,0
Mono,cellstate,10,0.5,0.03,2000,10,1000,356,44,44,44,43,0.0092429752066115,0.5286964682635534,0.1881606765327695,4.675475687103594,2.04492600422833,False,False,False,False,False,False,False,False,True,False,,True,7,2,0
Mono,cellstate,10,0.5,0.03,2000,25,100,200,96,96,67,93,0.0861885633270321,0.0726968344155844,0.0219298245614035,0.8740131578947369,3.36030701754386,False,True,False,True,False,False,False,True,True,False,,True,12,0,0
Mono,cellstate,10,0.5,0.03,2000,25,250,500,100,100,86,100,0.0511852619778671,0.194858352547678,0.0505050505050505,2.7177777777777776,2.656262626262626,False,True,False,True,False,False,False,True,True,False,,True,12,1,0
Mono,cellstate,10,0.5,0.03,2000,25,500,1000,100,100,98,100,0.0465697674418604,0.307855336615016,0.101010101010101,6.114848484848485,2.326868686868687,False,True,False,True,False,False,False,True,True,False,,True,12,3,1
Mono,cellstate,10,0.5,0.03,2000,25,1000,1865,98,98,98,98,0.0067349769759781,0.5094716396486898,0.196191878813381,11.95665895224069,1.9450873132758255,False,True,False,True,False,False,True,False,True,False,,True,12,7,4
Mono,cellstate,10,0.5,0.03,2000,50,100,197,130,130,76,115,0.0804288752362948,0.0372358410819949,0.011747167561121,0.1686940966010733,0.9212283840190816,False,True,False,True,True,True,False,False,False,False,,True,17,0,0
Mono,cellstate,10,0.5,0.03,2000,50,250,500,150,150,120,147,0.0879926400759734,0.1209725547357125,0.0223713646532438,1.5024161073825504,2.980357941834452,False,True,False,True,True,True,True,True,True,False,,True,20,0,0
Mono,cellstate,10,0.5,0.03,2000,50,500,1000,157,157,141,157,0.0667145304223682,0.1685571174186268,0.0408296586640535,3.498325983994774,2.7662502041482933,False,True,False,True,True,True,False,True,True,False,,True,20,3,2
Mono,cellstate,10,0.5,0.03,2000,50,1000,2000,156,156,153,156,0.033834701330986,0.2749656594760908,0.0827129859387924,7.685194375516956,2.324234904880066,False,True,False,True,True,True,False,True,True,False,,True,20,6,2
Mono,cellstate,10,0.5,0.03,2000,75,100,198,130,130,80,116,0.1464868883868569,0.0514956411110257,0.0118067978533094,0.1797853309481216,0.9577817531305904,False,True,False,True,True,True,True,False,True,False,,True,17,0,0
Mono,cellstate,10,0.5,0.03,2000,75,250,500,169,169,130,163,0.096680056710775,0.0973221252197931,0.0176105945336714,1.1491969568892646,2.7940969287123134,False,True,False,True,True,True,True,True,True,False,,True,23,2,2
Mono,cellstate,10,0.5,0.03,2000,75,500,1000,174,174,154,173,0.0943091761473916,0.1622641560333814,0.0332203840276393,3.019965450800611,2.858946249418643,False,True,False,True,True,True,True,True,True,False,,True,23,3,2
Mono,cellstate,10,0.5,0.03,2000,75,1000,2000,176,176,170,175,0.0552554144528364,0.2463355860485751,0.0649350649350649,6.569058441558441,2.4165584415584416,False,True,False,True,True,True,True,True,True,False,,True,23,5,3
Mono,cellstate,10,0.5,0.03,2000,100,100,191,125,125,74,113,0.1667245297310945,0.0296267288267288,0.0123225806451612,0.1405806451612903,0.7052258064516129,False,True,True,True,True,True,True,False,True,False,,True,18,1,1
Mono,cellstate,10,0.5,0.03,2000,100,250,500,171,171,131,163,0.1416810248669789,0.1055431641304217,0.0171998624011007,1.1336773305813554,2.700584795321637,False,True,True,True,True,True,True,True,True,False,,True,24,3,3
Mono,cellstate,10,0.5,0.03,2000,100,500,1000,177,177,157,176,0.1271277856175308,0.1575669008239318,0.032100667693888,2.9735169491525424,2.880842321520288,False,True,True,True,True,True,True,True,True,False,,True,24,4,4
Mono,cellstate,10,0.5,0.03,2000,100,1000,2000,178,178,172,177,0.0814986754941861,0.2390012636613069,0.0634799720688122,6.503237478575509,2.43401256903447,False,True,True,True,True,True,True,True,True,False,,True,24,8,6
Mono,cellstate,10,0.5,0.03,3000,10,100,200,47,47,41,46,0.0477129205787029,0.2632335888280819,0.0925069380203515,2.436170212765957,2.198889916743756,False,False,False,False,False,False,True,False,True,False,,True,8,0,0
Mono,cellstate,10,0.5,0.03,3000,10,250,500,47,47,47,47,-0.0002449733355946,0.4921330716238202,0.2312673450508788,7.172525439407956,1.9227567067530065,False,False,False,False,False,False,True,False,True,False,,True,8,2,0
Mono,cellstate,10,0.5,0.03,3000,10,500,551,47,47,47,47,-0.0004225860110572,0.5349829634073592,0.2548566142460685,7.911193339500462,1.867252543940796,False,False,False,False,False,False,True,False,True,False,,True,8,2,0
Mono,cellstate,10,0.5,0.03,3000,10,1000,552,47,47,47,47,-0.0005277992112482,0.535020812125182,0.2553191489361702,7.926919518963922,1.866327474560592,False,False,False,False,False,False,True,False,True,False,,True,8,2,0
Mono,cellstate,10,0.5,0.03,3000,25,100,199,91,91,58,87,0.068254200146092,0.0835608225718115,0.0242979242979243,0.6592185592185592,2.2667887667887667,False,True,True,True,False,False,True,False,True,False,,False,12,3,2
Mono,cellstate,10,0.5,0.03,3000,25,250,500,100,100,92,100,0.0665837787708472,0.1494113181280363,0.0505050505050505,2.8725252525252527,2.688282828282828,False,True,True,True,False,False,True,False,True,False,,True,14,4,3
Mono,cellstate,10,0.5,0.03,3000,25,500,1000,101,101,98,101,0.0307026271279631,0.2577301556482586,0.099009900990099,6.462970297029703,2.2713861386138614,False,True,True,True,False,False,True,False,True,False,,True,15,6,5
Mono,cellstate,10,0.5,0.03,3000,25,1000,2000,101,101,101,101,0.0134279952943051,0.4304715908841538,0.198019801980198,13.954059405940594,1.8992079207920791,False,True,True,True,False,False,True,False,True,False,,True,15,10,7
Mono,cellstate,10,0.5,0.03,3000,50,100,197,123,123,72,116,0.0683749566423864,0.03121806988378,0.0131280821004931,0.1824603491936558,0.9354924696787952,False,True,True,True,True,True,True,True,True,False,,False,17,1,1
Mono,cellstate,10,0.5,0.03,3000,50,250,500,152,152,112,151,0.0597492282722846,0.0819938810600982,0.021784593935169,1.3655019170442664,3.1278755663994424,False,True,True,True,True,True,True,True,True,False,,True,22,4,3
Mono,cellstate,10,0.5,0.03,3000,50,500,1000,159,159,148,159,0.0544679499910214,0.1490389701138042,0.0398057479500039,3.530212562694053,2.89670408406974,False,True,True,True,True,True,True,True,True,False,,True,22,4,3
Mono,cellstate,10,0.5,0.03,3000,50,1000,2000,157,157,154,157,0.0505518867138051,0.2305634801254259,0.0816593173281071,8.013637105993794,2.31708312918504,False,True,True,True,True,True,True,True,True,False,,True,23,10,8
Mono,cellstate,10,0.5,0.03,3000,75,100,187,120,120,70,110,0.1320182578441699,0.019750816993464,0.013095238095238,0.219187675070028,1.4221288515406163,False,True,True,True,True,True,True,False,True,False,,False,17,1,1
Mono,cellstate,10,0.5,0.03,3000,75,250,500,169,169,125,168,0.0713648709823449,0.0837407962729925,0.0176105945336714,1.180790363482671,3.192483798253029,False,True,True,True,True,True,True,True,True,False,,True,24,5,4
Mono,cellstate,10,0.5,0.03,3000,75,500,1000,177,177,159,177,0.0745902402736958,0.1414458120932837,0.032100667693888,3.087410118130457,3.0742488443759632,False,True,True,True,True,True,True,True,True,False,,True,24,6,5
Mono,cellstate,10,0.5,0.03,3000,75,1000,1975,176,176,173,176,0.063927950803412,0.1955477858138075,0.0641233766233766,6.997337662337662,2.483084415584416,False,True,True,True,True,True,True,True,True,False,,True,24,8,7
Mono,cellstate,10,0.5,0.03,3000,100,100,191,130,130,70,119,0.1564351851851851,0.0214183365653953,0.0113893858079904,0.0846153846153846,0.3299344066785927,False,True,True,True,True,True,True,False,True,False,,False,18,1,1
Mono,cellstate,10,0.5,0.03,3000,100,250,492,170,170,127,163,0.1638279392092747,0.0847879571408982,0.0171249564914723,1.0304211625478594,2.540689175078316,False,True,True,True,True,True,True,True,True,False,,True,23,2,2
Mono,cellstate,10,0.5,0.03,3000,100,500,987,175,175,156,174,0.1253471028875392,0.1306108648375114,0.0324137931034482,3.009655172413793,3.049392446633826,False,True,True,True,True,True,True,True,True,False,,True,24,5,4
Mono,cellstate,10,0.5,0.03,3000,100,1000,1974,177,177,175,177,0.1023436290673182,0.1968558750683194,0.0633667180277349,6.927516692347201,2.515665125834617,False,True,True,True,True,True,True,True,True,False,,True,24,8,7
Mono,cellstate,10,0.5,0.03,4000,10,100,200,46,46,42,45,0.0736075680272108,0.2633737226414572,0.0966183574879227,2.513526570048309,2.25024154589372,False,False,False,False,False,False,False,False,True,False,,True,8,1,0
Mono,cellstate,10,0.5,0.03,4000,10,250,500,47,47,47,47,0.0154946659736145,0.4819376103579474,0.2312673450508788,7.38159111933395,1.923219241443108,False,False,False,False,False,False,False,False,True,False,,True,8,2,0
Mono,cellstate,10,0.5,0.03,4000,10,500,628,46,46,46,46,0.0056902965246041,0.5969729796597729,0.3033816425120773,9.49903381642512,1.778743961352657,False,False,False,False,False,False,False,False,True,False,,True,8,2,0
Mono,cellstate,10,0.5,0.03,4000,10,1000,627,46,46,46,46,0.00318631097885,0.5959952319347389,0.3028985507246376,9.471980676328505,1.778743961352657,False,False,False,False,False,False,False,False,True,False,,True,8,2,0
Mono,cellstate,10,0.5,0.03,4000,25,100,200,92,92,64,84,0.0966378320875675,0.0968718479588044,0.0238891543239369,0.5531533683707597,2.178332537028189,False,True,True,True,False,False,False,False,True,False,,True,14,0,0
Mono,cellstate,10,0.5,0.03,4000,25,250,500,101,101,84,101,0.0658920064306468,0.169901221571822,0.0495049504950495,2.77,2.505049504950495,False,True,True,True,False,False,False,False,True,False,,True,16,1,0
Mono,cellstate,10,0.5,0.03,4000,25,500,1000,101,101,98,101,0.0318287163215076,0.2467697055011433,0.099009900990099,6.47970297029703,2.256930693069307,False,True,True,True,False,False,False,False,True,False,,True,15,4,2
Mono,cellstate,10,0.5,0.03,4000,25,1000,2000,101,101,101,101,0.0108976535385544,0.4172514370252073,0.198019801980198,14.16970297029703,1.8967326732673264,False,True,True,True,False,False,False,False,True,False,,True,15,11,6
Mono,cellstate,10,0.5,0.03,4000,50,100,199,124,124,69,115,0.0536583295608872,0.0436554737922199,0.0130474691843692,0.0780225544190925,0.2098741148701809,False,True,True,True,True,True,False,True,True,False,,False,16,0,0
Mono,cellstate,10,0.5,0.03,4000,50,250,496,154,154,120,150,0.0454534988671738,0.1012762683991222,0.0210508445802563,1.3183940242763772,3.1865715983363043,False,True,True,True,True,True,False,True,True,False,,True,21,0,0
Mono,cellstate,10,0.5,0.03,4000,50,500,990,158,158,143,158,0.050495214245699,0.1594179693308608,0.0399096992663065,3.496654035314037,2.791784245746997,False,True,True,True,True,True,False,True,True,False,,True,22,2,1
Mono,cellstate,10,0.5,0.03,4000,50,1000,1978,156,156,156,156,0.041361250888126,0.2243129197221622,0.0818031430934656,8.29524400330852,2.406989247311828,False,True,True,True,True,True,False,True,True,False,,True,22,7,3
Mono,cellstate,10,0.5,0.03,4000,75,100,196,134,134,75,122,0.1209949535668428,0.0385222157610217,0.0109976433621366,0.054146560430928,0.1578947368421052,False,True,True,True,True,True,True,False,True,False,,False,19,0,0
Mono,cellstate,10,0.5,0.03,4000,75,250,498,172,172,127,166,0.1166387505658669,0.0732983226044281,0.0169318645450836,1.0940772473820208,3.2315721474228205,False,True,True,True,True,True,True,True,True,False,,True,24,1,1
Mono,cellstate,10,0.5,0.03,4000,75,500,1000,178,178,160,176,0.1145039889004509,0.1372568815305599,0.0317399860344061,3.0245984891766646,3.0967752174189043,False,True,True,True,True,True,True,True,True,False,,True,24,4,4
Mono,cellstate,10,0.5,0.03,4000,75,1000,2000,178,178,177,178,0.0864064271974357,0.1952001439256304,0.0634799720688122,7.129054783215896,2.5769377261474005,False,True,True,True,True,True,True,True,True,False,,True,24,10,5
Mono,cellstate,10,0.5,0.03,4000,100,100,197,134,134,74,126,0.1353130878796022,0.0386418884309864,0.0110537537874537,0.0623386825272135,0.190270452250028,False,True,True,True,True,True,True,False,True,False,,False,18,0,0
Mono,cellstate,10,0.5,0.03,4000,100,250,499,173,173,131,166,0.1414481543087166,0.0894689138980375,0.0167697271138593,1.02244925393198,3.092216695792445,False,True,True,True,True,True,True,True,True,False,,True,24,1,1
Mono,cellstate,10,0.5,0.03,4000,100,500,992,178,178,161,176,0.1375593470762889,0.1310972309676143,0.0314860661461309,3.0146638735478954,3.1385767790262173,False,True,True,True,True,True,True,True,True,False,,True,24,3,3
Mono,cellstate,10,0.5,0.03,4000,100,1000,1979,178,178,175,178,0.1069221397854893,0.1892561367393734,0.0628134323620897,7.044182060559893,2.5661778708817367,False,True,True,True,True,True,True,True,True,False,,True,24,8,4
Mono,cellstate,10,0.75,0.005,2000,10,100,200,47,47,40,43,-0.0056549368718681,0.2902646035064848,0.0925069380203515,2.228492136910268,1.9962997224791856,False,True,False,False,True,False,False,False,True,False,,False,9,0,0
Mono,cellstate,10,0.75,0.005,2000,10,250,337,47,47,47,44,-0.0013319458896982,0.4631730140918292,0.1558741905642923,3.925531914893617,2.102220166512488,False,True,False,False,False,False,False,False,True,False,,False,8,1,0
Mono,cellstate,10,0.75,0.005,2000,10,500,337,47,47,47,44,-0.0013319458896982,0.4631730140918293,0.1558741905642923,3.925531914893617,2.102220166512488,False,True,False,False,False,False,False,False,True,False,,False,8,1,0
Mono,cellstate,10,0.75,0.005,2000,10,1000,337,47,47,47,44,-0.0013319458896982,0.4631730140918292,0.1558741905642923,3.925531914893617,2.102220166512488,False,True,False,False,False,False,False,False,True,False,,False,8,1,0
Mono,cellstate,10,0.75,0.005,2000,25,100,200,93,93,69,87,0.0274205547879689,0.0865090247443188,0.0233754090696587,0.8607994389901823,2.627512856474988,False,True,True,False,True,True,False,True,True,False,,True,18,0,0
Mono,cellstate,10,0.75,0.005,2000,25,250,500,99,99,90,98,0.0346592797783933,0.1895204291245689,0.0515357658214801,2.741702741702741,2.738610595753453,False,True,True,False,True,True,False,True,True,False,,True,18,0,0
Mono,cellstate,10,0.75,0.005,2000,25,500,1000,100,100,97,99,0.0089231088830447,0.3213519678512507,0.101010101010101,5.722525252525252,2.3014141414141416,False,True,True,False,True,True,False,True,True,False,,True,18,1,1
Mono,cellstate,10,0.75,0.005,2000,25,1000,1443,100,100,100,99,0.0009571658492623,0.4525911720501163,0.1457575757575757,8.15020202020202,2.1801010101010103,False,True,True,False,True,True,False,True,True,False,,True,18,5,4
Mono,cellstate,10,0.75,0.005,2000,50,100,196,108,108,76,98,0.0534524821139771,0.0795473045473045,0.0169608861197646,0.618380062305296,3.1279854620976115,False,True,False,True,True,True,True,True,True,False,,False,16,1,1
Mono,cellstate,10,0.75,0.005,2000,50,250,500,143,143,120,140,0.0392039783648083,0.1009494143452256,0.0246232640598837,1.649167733674776,2.837387964148528,False,True,True,True,True,True,True,True,True,False,,True,20,1,1
Mono,cellstate,10,0.75,0.005,2000,50,500,1000,145,145,133,145,0.0199882405921985,0.1903927390773886,0.0478927203065134,3.7111590038314177,2.667193486590038,False,True,True,True,True,True,True,True,True,False,,True,21,3,3
Mono,cellstate,10,0.75,0.005,2000,50,1000,2000,145,145,142,144,0.0012676590440901,0.32015433765347,0.0957854406130268,7.929358237547893,2.280172413793104,False,True,True,True,True,True,True,True,True,False,,True,21,6,5
Mono,cellstate,10,0.75,0.005,2000,75,100,193,117,117,76,101,0.0329358080680831,0.0640976782002423,0.0142204538756262,0.1932655467138225,0.8392278219864426,False,True,False,True,True,True,True,True,True,False,,False,18,1,1
Mono,cellstate,10,0.75,0.005,2000,75,250,500,162,162,130,150,0.0499649147275334,0.1027621656530885,0.0191703090253814,1.3039260792883982,2.588145080898704,False,True,True,True,True,True,True,True,True,False,,True,23,1,1
Mono,cellstate,10,0.75,0.005,2000,75,500,1000,170,170,152,165,0.0575504464781548,0.1514686723090358,0.0348068221371388,2.842638357117995,2.7259310824921683,False,True,True,True,True,True,True,True,True,False,,True,24,4,4
Mono,cellstate,10,0.75,0.005,2000,75,1000,2000,169,169,165,167,0.0175676662464436,0.2730906434483938,0.0704423781346858,6.450655114116652,2.446428571428572,False,True,True,True,True,True,True,True,True,False,,True,24,5,4
Mono,cellstate,10,0.75,0.005,2000,100,100,192,116,116,75,99,0.0627269867597014,0.0550100761307657,0.0143928035982009,0.2389055472263868,1.162968515742129,False,True,False,True,True,True,True,False,True,False,,False,17,1,1
Mono,cellstate,10,0.75,0.005,2000,100,250,500,164,164,133,153,0.0725109199319299,0.1088917135920638,0.018704174771809,1.2433787221307795,2.8274352835552894,False,True,True,True,True,True,True,True,True,False,,True,23,2,2
Mono,cellstate,10,0.75,0.005,2000,100,500,1000,171,171,152,167,0.0629691723627348,0.1469692299851547,0.0343997248022015,2.8156174750602,2.743997248022016,False,True,True,True,True,True,True,True,True,False,,True,24,4,4
Mono,cellstate,10,0.75,0.005,2000,100,1000,2000,171,171,167,169,0.0297806472795055,0.2611938660231501,0.0687994496044031,6.372273821809426,2.4668386652906777,False,True,True,True,True,True,True,True,True,False,,True,24,6,5
Mono,cellstate,10,0.75,0.005,3000,10,100,200,47,47,43,44,0.0057576957899502,0.2762554112554112,0.0925069380203515,2.280758556891767,2.3593894542090657,False,True,False,False,False,False,False,False,True,False,,False,8,0,0
Mono,cellstate,10,0.75,0.005,3000,10,250,346,47,47,47,43,-0.0085241881254697,0.4820045533714823,0.1600370027752081,4.101295097132285,1.994449583718779,False,True,False,False,True,False,False,False,True,False,,False,9,1,1
Mono,cellstate,10,0.75,0.005,3000,10,500,346,47,47,47,43,-0.0085241881254697,0.4820045533714823,0.1600370027752081,4.101295097132285,1.994449583718779,False,True,False,False,True,False,False,False,True,False,,False,9,1,1
Mono,cellstate,10,0.75,0.005,3000,10,1000,338,47,47,47,44,-0.0018403449095853,0.4649010285551708,0.156336725254394,3.938020351526364,2.098982423681776,False,True,False,False,False,False,False,False,True,False,,False,8,1,0
Mono,cellstate,10,0.75,0.005,3000,25,100,200,91,91,70,86,0.0261483529759188,0.0858256051210155,0.0244200244200244,0.9495726495726496,2.837973137973138,False,True,True,False,True,True,False,True,True,False,,True,17,0,0
Mono,cellstate,10,0.75,0.005,3000,25,250,500,100,100,90,99,0.0211721608515257,0.1687989765801718,0.0505050505050505,2.741212121212121,2.728787878787879,False,True,True,True,True,True,False,True,True,False,,True,17,1,1
Mono,cellstate,10,0.75,0.005,3000,25,500,1000,100,100,97,99,0.0110829653438789,0.3202145564175074,0.101010101010101,5.726464646464646,2.3014141414141416,False,True,True,False,True,True,False,True,True,False,,True,18,1,1
Mono,cellstate,10,0.75,0.005,3000,25,1000,1416,100,100,100,99,-0.0048137872315438,0.4411604512025557,0.143030303030303,8.054747474747474,2.1982828282828284,False,True,True,True,True,True,False,True,True,False,,True,17,8,5
Mono,cellstate,10,0.75,0.005,3000,50,100,197,109,109,77,101,0.0617540147569444,0.0664805123520719,0.0167346245327896,0.6381243628950051,3.184250764525994,False,True,False,True,True,True,True,False,True,False,,False,15,1,1
Mono,cellstate,10,0.75,0.005,3000,50,250,500,142,142,120,139,0.0425850387773323,0.100104829468216,0.0249725302167615,1.6817001298571572,2.884576965338128,False,True,True,True,True,True,True,True,True,False,,True,20,1,1
Mono,cellstate,10,0.75,0.005,3000,50,500,1000,143,143,132,143,0.0227762175371051,0.1872085224065175,0.0492465281197675,3.819166748744213,2.659558751108047,False,True,True,True,True,True,True,True,True,False,,True,21,3,3
Mono,cellstate,10,0.75,0.005,3000,50,1000,2000,143,143,141,143,0.0044372655623553,0.3289320537575027,0.0984930562395351,8.083866837387964,2.2999606027775044,False,True,True,True,True,True,True,True,True,False,,True,21,6,5
Mono,cellstate,10,0.75,0.005,3000,75,100,192,120,120,80,100,0.0959002942507922,0.0431427368927368,0.0134453781512605,0.4231792717086834,2.3530812324929973,False,True,False,True,True,True,True,False,True,False,,False,17,1,1
Mono,cellstate,10,0.75,0.005,3000,75,250,500,162,162,129,152,0.0543647386474082,0.1148219971541863,0.0191703090253814,1.30653324131585,2.655586228049996,False,True,True,True,True,True,True,True,True,False,,True,23,1,1
Mono,cellstate,10,0.75,0.005,3000,75,500,1000,170,170,152,166,0.0491843052765404,0.1500823258125551,0.0348068221371388,2.8500870170553427,2.7537765402018795,False,True,True,True,True,True,True,True,True,False,,True,24,4,4
Mono,cellstate,10,0.75,0.005,3000,75,1000,2000,168,168,164,166,0.0159713241914412,0.2723501882951415,0.071285999429712,6.5026019389791845,2.440119760479042,False,True,True,True,True,True,True,True,True,False,,True,24,5,4
Mono,cellstate,10,0.75,0.005,3000,100,100,192,114,114,74,101,0.0633132202808201,0.0569864833022727,0.0149045179319981,0.327899394503959,1.3189722092842726,False,True,False,True,True,True,True,False,True,False,,False,17,1,1
Mono,cellstate,10,0.75,0.005,3000,100,250,500,162,162,129,152,0.0652886284722222,0.1012298224011081,0.0191703090253814,1.3049612759757687,2.6578483245149918,False,True,True,True,True,True,True,True,True,False,,True,23,1,1
Mono,cellstate,10,0.75,0.005,3000,100,500,1000,170,170,150,166,0.0510590812830357,0.155073298774687,0.0348068221371388,2.886529759832927,2.682770623042116,False,True,True,True,True,True,True,True,True,False,,True,23,1,1
Mono,cellstate,10,0.75,0.005,3000,100,1000,2000,171,171,167,170,0.0243362050702633,0.2665113229116631,0.0687994496044031,6.370657034743722,2.4843825249398006,False,True,True,True,True,True,True,True,True,False,,True,24,5,4
Mono,cellstate,10,0.75,0.005,4000,10,100,200,47,47,40,43,-0.0108033240997229,0.2543710582064445,0.0925069380203515,2.2275670675300647,2.001850138760407,False,True,False,False,True,False,False,False,True,False,,False,9,0,0
Mono,cellstate,10,0.75,0.005,4000,10,250,346,47,47,47,43,-0.0085241881254697,0.4820045533714823,0.1600370027752081,4.101295097132285,1.994449583718779,False,True,False,False,True,False,False,False,True,False,,False,9,1,1
Mono,cellstate,10,0.75,0.005,4000,10,500,338,47,47,47,44,-0.0018403449095853,0.4649010285551708,0.156336725254394,3.938020351526364,2.098982423681776,False,True,False,False,False,False,False,False,True,False,,False,8,1,0
Mono,cellstate,10,0.75,0.005,4000,10,1000,346,47,47,47,43,-0.0085241881254697,0.4820045533714823,0.1600370027752081,4.101295097132285,1.994449583718779,False,True,False,False,True,False,False,False,True,False,,False,9,1,1
Mono,cellstate,10,0.75,0.005,4000,25,100,200,92,92,70,87,0.0266584337834572,0.0832330712765495,0.0238891543239369,0.9388437649307214,2.797061634018156,False,True,True,False,True,True,False,True,True,False,,True,17,0,0
Mono,cellstate,10,0.75,0.005,4000,25,250,500,99,99,90,98,0.0319682565115989,0.189994286034392,0.0515357658214801,2.754071325499897,2.723046794475366,False,True,True,False,True,True,False,True,True,False,,True,18,0,0
Mono,cellstate,10,0.75,0.005,4000,25,500,1000,100,100,97,99,0.0026257544818135,0.3190687735331415,0.101010101010101,5.8425252525252525,2.321010101010101,False,True,True,True,True,True,False,True,True,False,,True,17,5,4
Mono,cellstate,10,0.75,0.005,4000,25,1000,1448,100,100,100,99,0.0007620918574718,0.4538841908993536,0.1462626262626262,8.183131313131312,2.1782828282828284,False,True,True,False,True,True,False,True,True,False,,True,18,5,4
Mono,cellstate,10,0.75,0.005,4000,50,100,197,111,111,78,101,0.0620659722222222,0.0590147090147089,0.0161343161343161,0.5955773955773955,3.0104013104013103,False,True,False,True,True,True,True,True,True,False,,False,16,1,1
Mono,cellstate,10,0.75,0.005,4000,50,250,500,143,143,121,138,0.0536239902144268,0.1051599958937438,0.0246232640598837,1.6105092091007585,2.9642470205850486,False,True,True,True,True,True,True,True,True,False,,True,20,2,2
Mono,cellstate,10,0.75,0.005,4000,50,500,1000,145,145,134,144,0.0337978372819472,0.178939437323898,0.0478927203065134,3.763266283524904,2.735057471264368,False,True,True,True,True,True,True,True,True,False,,True,21,5,4
Mono,cellstate,10,0.75,0.005,4000,50,1000,2000,143,143,141,143,0.0051234133333333,0.3250274605372738,0.0984930562395351,8.117305229981286,2.3036540923864868,False,True,True,True,True,True,True,True,True,False,,True,21,6,5
Mono,cellstate,10,0.75,0.005,4000,75,100,192,122,122,79,102,0.0872142372114078,0.040600974617368,0.0130063677008535,0.4146457119631486,2.3526622408887685,False,True,False,True,True,True,True,True,True,False,,False,18,1,1
Mono,cellstate,10,0.75,0.005,4000,75,250,500,164,164,133,153,0.0813518971197789,0.1062223084944891,0.018704174771809,1.2240760137662727,2.8093296423761784,False,True,True,True,True,True,True,True,True,False,,True,23,2,2
Mono,cellstate,10,0.75,0.005,4000,75,500,1000,167,167,150,163,0.0313184806428049,0.1636734424708508,0.0360724334463602,3.00782771805786,2.7986076040689705,False,True,True,True,True,True,True,True,True,False,,True,23,1,1
Mono,cellstate,10,0.75,0.005,4000,75,1000,2000,169,169,165,167,0.0170056737584735,0.2728009813242343,0.0704423781346858,6.451676528599606,2.444315300084531,False,True,True,True,True,True,True,True,True,False,,True,24,5,4
Mono,cellstate,10,0.75,0.005,4000,100,100,192,117,117,75,101,0.0616975035031027,0.0572125879818187,0.0141467727674624,0.2728411435307987,1.2820512820512822,False,True,False,True,True,True,True,False,True,False,,False,18,1,1
Mono,cellstate,10,0.75,0.005,4000,100,250,500,162,162,129,152,0.0608598413893313,0.1054662589029908,0.0191703090253814,1.3187255578559929,2.6564680622651635,False,True,True,True,True,True,True,True,True,False,,True,23,1,1
Mono,cellstate,10,0.75,0.005,4000,100,500,1000,170,170,151,166,0.0499949213566677,0.1551300699227037,0.0348068221371388,2.890741385311521,2.7071353985381137,False,True,True,True,True,True,True,True,True,False,,True,23,1,1
Mono,cellstate,10,0.75,0.005,4000,100,1000,2000,171,171,167,169,0.0298559556786703,0.2591437284120299,0.0687994496044031,6.349879600963193,2.4980048159614725,False,True,True,True,True,True,True,True,True,False,,True,24,6,5
Mono,cellstate,10,0.75,0.01,2000,10,100,200,51,51,43,49,0.012957479930405,0.1998615706046045,0.0784313725490196,2.156078431372549,2.1494117647058824,False,True,False,False,True,False,False,False,True,False,,False,8,0,0
Mono,cellstate,10,0.75,0.01,2000,10,250,449,51,51,51,49,-0.0004953091311695,0.4539498819703652,0.176078431372549,5.24,2.0564705882352943,False,True,False,False,True,False,False,False,True,False,,False,8,1,0
Mono,cellstate,10,0.75,0.01,2000,10,500,451,51,51,51,49,-0.0007408075446417,0.4554341367578213,0.1768627450980392,5.277254901960784,2.052941176470588,False,True,False,False,True,False,False,False,True,False,,False,8,1,0
Mono,cellstate,10,0.75,0.01,2000,10,1000,449,51,51,51,49,-0.0002961005830903,0.4496150369606278,0.176078431372549,5.245490196078431,2.057254901960784,False,True,False,False,True,False,False,False,True,False,,False,8,1,0
Mono,cellstate,10,0.75,0.01,2000,25,100,197,91,91,71,88,0.0720304582738445,0.0734087807617219,0.024053724053724,0.9965811965811966,3.210866910866911,False,True,True,False,True,False,False,True,True,False,,False,15,3,3
Mono,cellstate,10,0.75,0.01,2000,25,250,500,101,101,88,100,0.0136983425775182,0.1544245034118142,0.0495049504950495,2.7300990099009903,2.5164356435643565,False,True,True,False,True,False,True,True,True,False,,True,19,3,2
Mono,cellstate,10,0.75,0.01,2000,25,500,1000,106,106,102,105,0.0241652171956791,0.2611740168119829,0.0898472596585804,5.745193171608266,2.310512129380054,False,True,True,False,True,False,False,True,True,False,,True,18,5,3
Mono,cellstate,10,0.75,0.01,2000,25,1000,1800,101,101,101,100,0.0057587604242158,0.4630439704487391,0.1782178217821782,11.05,2.009207920792079,False,True,True,False,True,False,True,True,True,False,,True,19,10,5
Mono,cellstate,10,0.75,0.01,2000,50,100,197,121,121,82,106,0.0828650530413091,0.0702544929817657,0.0135674931129476,0.2889118457300275,1.2389118457300274,False,True,True,True,True,True,True,True,True,False,,True,18,1,1
Mono,cellstate,10,0.75,0.01,2000,50,250,500,146,146,119,143,0.0754492973660052,0.1034991710036386,0.0236183278223901,1.5340576287198866,2.708549834671705,False,True,True,True,True,True,True,True,True,False,,True,21,4,4
Mono,cellstate,10,0.75,0.01,2000,50,500,1000,150,150,137,149,0.059515095857902,0.1728820011271216,0.0447427293064877,3.554675615212528,2.570648769574944,False,True,True,True,True,True,True,True,True,False,,True,21,5,4
Mono,cellstate,10,0.75,0.01,2000,50,1000,2000,151,151,149,150,0.0225747117580083,0.2799503193887075,0.0883002207505518,8.001456953642384,2.297350993377484,False,True,True,True,True,True,True,True,True,False,,True,22,10,8
Mono,cellstate,10,0.75,0.01,2000,75,100,194,126,126,87,105,0.1333240997229917,0.0399845304607209,0.0123174603174603,0.3098412698412698,1.744888888888889,False,True,True,True,True,True,True,True,True,False,,True,20,2,2
Mono,cellstate,10,0.75,0.01,2000,75,250,500,163,163,128,158,0.0820963988919667,0.0818095381396678,0.0189350905097326,1.2324093009164585,2.7741801105809287,False,True,True,True,True,True,True,True,True,False,,True,23,4,4
Mono,cellstate,10,0.75,0.01,2000,75,500,998,170,170,151,169,0.0657622330753253,0.1455304709241795,0.0347372084928646,2.98746954403063,2.6777932474765054,False,True,True,True,True,True,True,True,True,False,,True,23,4,4
Mono,cellstate,10,0.75,0.01,2000,75,1000,2000,174,174,170,174,0.0611480053509918,0.2177837523614543,0.0664407680552787,6.766095276061392,2.4742542023785794,False,True,True,True,True,True,True,True,True,False,,True,24,10,7
Mono,cellstate,10,0.75,0.01,2000,100,100,196,130,130,89,110,0.1403333241961569,0.0550840612379073,0.0116875372689326,0.2350626118067978,1.0753130590339892,False,True,True,True,True,True,True,True,True,False,,True,20,1,1
Mono,cellstate,10,0.75,0.01,2000,100,250,499,167,167,130,160,0.1313335647777243,0.0824800282369663,0.0180001442897337,1.1464540797922227,2.7630762571243057,False,True,True,True,True,True,True,True,True,False,,True,23,3,3
Mono,cellstate,10,0.75,0.01,2000,100,500,998,176,176,154,174,0.1110539983640922,0.1389019777219683,0.0324025974025974,2.8462012987012986,2.6398051948051946,False,True,True,True,True,True,True,True,True,False,,True,23,4,4
Mono,cellstate,10,0.75,0.01,2000,100,1000,1988,176,176,171,176,0.074605241170872,0.2132751614985342,0.0645454545454545,6.616623376623377,2.472792207792208,False,True,True,True,True,True,True,True,True,False,,True,24,9,6
Mono,cellstate,10,0.75,0.01,3000,10,100,200,53,53,47,52,0.0202622873345935,0.1685526737413529,0.0725689404934687,2.1973875181422358,2.562046444121916,False,True,False,False,True,False,False,False,True,False,,True,9,0,0
Mono,cellstate,10,0.75,0.01,3000,10,250,500,53,53,53,52,-0.0102015904017857,0.4531722004266113,0.1814223512336719,5.800798258345428,2.078011611030479,False,True,False,False,True,False,False,False,True,False,,True,9,2,0
Mono,cellstate,10,0.75,0.01,3000,10,500,586,53,53,53,52,-0.0155038179648245,0.5242359174616378,0.2126269956458635,6.7764876632801165,1.972786647314949,False,True,False,False,True,False,False,False,True,False,,True,9,2,0
Mono,cellstate,10,0.75,0.01,3000,10,1000,586,53,53,53,52,-0.0155038179648245,0.5242359174616379,0.2126269956458635,6.7764876632801165,1.972786647314949,False,True,False,False,True,False,False,False,True,False,,True,9,2,0
Mono,cellstate,10,0.75,0.01,3000,25,100,200,93,93,72,91,0.0648871527777777,0.0899998448385545,0.0233754090696587,0.9422627395979428,3.918653576437588,False,True,True,False,True,False,False,True,True,False,,True,15,2,2
Mono,cellstate,10,0.75,0.01,3000,25,250,500,105,105,94,104,0.0215372650437585,0.1322544843085388,0.0457875457875457,2.641208791208791,2.714102564102564,False,True,True,False,True,False,False,True,True,False,,True,18,3,3
Mono,cellstate,10,0.75,0.01,3000,25,500,1000,106,106,104,106,0.0168105904265761,0.2568936826138903,0.0898472596585804,5.767205750224618,2.370440251572327,False,True,True,False,True,False,False,True,True,False,,True,18,5,3
Mono,cellstate,10,0.75,0.01,3000,25,1000,2000,103,103,102,103,-0.0039772520898085,0.4816810554395871,0.1903674090995621,12.25728155339806,1.9443175328383784,False,True,True,False,True,False,True,True,True,False,,True,19,11,5
Mono,cellstate,10,0.75,0.01,3000,50,100,200,124,124,86,111,0.0827665001594218,0.0603430619559651,0.01311303435615,0.3509047993705743,1.4824940991345397,False,True,True,True,True,True,False,True,True,False,,True,18,1,1
Mono,cellstate,10,0.75,0.01,3000,50,250,500,149,149,119,146,0.0535872395833333,0.0797316192510158,0.0226736803918011,1.3928895338291312,2.585207690912389,False,True,True,True,True,True,False,True,True,False,,True,20,4,4
Mono,cellstate,10,0.75,0.01,3000,50,500,1000,153,153,143,153,0.0293295725064958,0.1507098593929361,0.0429996560027519,3.6240110079119368,2.7203302373581013,False,True,True,True,True,True,False,True,True,False,,True,20,5,4
Mono,cellstate,10,0.75,0.01,3000,50,1000,2000,154,154,152,154,0.0195897377948391,0.2651221966918397,0.0848824378236142,7.892496392496392,2.3455564043799337,False,True,True,True,True,True,False,True,True,False,,True,21,7,5
Mono,cellstate,10,0.75,0.01,3000,75,100,193,129,129,81,110,0.0782735400633771,0.065644820295983,0.011688468992248,0.2502422480620155,1.167938468992248,False,True,True,True,True,True,True,True,True,False,,True,21,1,1
Mono,cellstate,10,0.75,0.01,3000,75,250,499,162,162,123,156,0.0729115848968702,0.0779191107831869,0.0191319684073307,1.1181274442144007,2.4399202515144545,False,True,True,True,True,True,True,True,True,False,,True,23,4,4
Mono,cellstate,10,0.75,0.01,3000,75,500,1000,173,173,156,173,0.0455481601991059,0.1347471625845323,0.0336066675628444,2.999159833310929,2.804678048124748,False,True,True,True,True,True,True,True,True,False,,True,23,5,5
Mono,cellstate,10,0.75,0.01,3000,75,1000,2000,174,174,168,174,0.0300104414632415,0.2279451349506532,0.0664407680552787,6.66620158129028,2.4479104378446617,False,True,True,True,True,True,True,True,True,False,,True,24,9,8
Mono,cellstate,10,0.75,0.01,3000,100,100,193,130,130,81,112,0.1220223626640739,0.0712237762237762,0.0115086463923673,0.2112104949314251,1.075968992248062,False,True,True,True,True,True,True,True,True,False,,True,21,2,2
Mono,cellstate,10,0.75,0.01,3000,100,250,500,169,169,132,164,0.1108987712732151,0.0740675233723028,0.0176105945336714,1.2044590025359256,2.908178360101437,False,True,True,True,True,True,True,True,True,False,,True,23,3,2
Mono,cellstate,10,0.75,0.01,3000,100,500,1000,177,177,154,176,0.0800265052809425,0.1204309960592472,0.032100667693888,2.806786081150488,2.660760143810992,False,True,True,True,True,True,True,True,True,False,,True,24,4,3
Mono,cellstate,10,0.75,0.01,3000,100,1000,2000,177,177,172,177,0.0549183074918256,0.210289127501815,0.064201335387776,6.635143810991269,2.468637647663072,False,True,True,True,True,True,True,True,True,False,,True,24,8,6
Mono,cellstate,10,0.75,0.01,4000,10,100,200,54,54,47,53,0.0149013878743608,0.1648724036795932,0.0698812019566736,2.1184486373165616,2.53004891684137,False,True,False,False,True,False,False,False,True,False,,True,9,0,0
Mono,cellstate,10,0.75,0.01,4000,10,250,500,54,54,54,53,-0.0060324187196719,0.4536170378418358,0.1747030048916841,5.6586303284416495,2.110062893081761,False,True,False,False,True,False,False,False,True,False,,True,9,2,0
Mono,cellstate,10,0.75,0.01,4000,10,500,596,54,54,54,53,-0.0156051402626301,0.5268345854852959,0.2082459818308875,6.688679245283019,1.983927323549965,False,True,False,False,True,False,False,False,True,False,,True,9,2,0
Mono,cellstate,10,0.75,0.01,4000,10,1000,596,54,54,54,53,-0.0156051402626301,0.5268345854852959,0.2082459818308875,6.688679245283019,1.983927323549965,False,True,False,False,True,False,False,False,True,False,,True,9,2,0
Mono,cellstate,10,0.75,0.01,4000,25,100,200,93,93,69,90,0.0180367862723061,0.0489709812290457,0.0233754090696587,0.8287751285647499,2.575619448340346,False,True,True,False,True,False,True,True,True,False,,True,17,2,2
Mono,cellstate,10,0.75,0.01,4000,25,250,500,105,105,96,104,0.0254820936639118,0.1316673590183771,0.0457875457875457,2.6446886446886446,2.7897435897435896,False,True,True,False,True,False,False,True,True,False,,True,18,3,3
Mono,cellstate,10,0.75,0.01,4000,25,500,1000,106,106,103,106,0.0191280719042073,0.2581074224125133,0.0898472596585804,5.761994609164421,2.341060197663971,False,True,True,False,True,False,False,True,True,False,,True,18,4,3
Mono,cellstate,10,0.75,0.01,4000,25,1000,2000,106,106,106,106,0.0017523012380577,0.4613311035625652,0.1796945193171608,11.902785265049417,1.986522911051213,False,True,True,False,True,False,False,True,True,False,,True,18,9,4
Mono,cellstate,10,0.75,0.01,4000,50,100,200,125,125,86,110,0.0675871137409598,0.0534652014652014,0.0129032258064516,0.2958709677419355,1.3076129032258064,False,True,True,True,True,True,False,True,True,False,,True,18,1,1
Mono,cellstate,10,0.75,0.01,4000,50,250,500,150,150,119,147,0.0609481304561957,0.0887890812890812,0.0223713646532438,1.4843847874720355,2.752930648769575,False,True,True,True,True,True,True,True,True,False,,True,22,4,3
Mono,cellstate,10,0.75,0.01,4000,50,500,1000,154,154,143,153,0.0367575826165685,0.1402292224316612,0.0424412189118071,3.5408284525931584,2.691919191919192,False,True,True,True,True,True,False,True,True,False,,True,21,5,4
Mono,cellstate,10,0.75,0.01,4000,50,1000,2000,153,153,151,153,0.0206130350195116,0.2705474634448185,0.0859993120055039,7.886996904024768,2.345373237014104,False,True,True,True,True,True,False,True,True,False,,True,21,8,6
Mono,cellstate,10,0.75,0.01,4000,75,100,194,129,129,83,110,0.0857338820301782,0.0672192579169323,0.0117490310077519,0.2351623062015503,1.09375,False,True,True,True,True,True,True,True,True,False,,True,21,2,2
Mono,cellstate,10,0.75,0.01,4000,75,250,500,165,165,129,161,0.0797326934149053,0.0916226199606441,0.0184774575018477,1.2457132298595712,2.910088691796009,False,True,True,True,True,True,True,True,True,False,,True,23,3,2
Mono,cellstate,10,0.75,0.01,4000,75,500,1000,174,174,158,173,0.0378778566926952,0.1355317335574262,0.0332203840276393,2.9735897946980265,2.8321041791243107,False,True,True,True,True,True,True,True,True,False,,True,24,5,5
Mono,cellstate,10,0.75,0.01,4000,75,1000,2000,173,173,168,173,0.0403305013717491,0.2177588029550188,0.0672133351256889,6.810122328269928,2.4370547116547923,False,True,True,True,True,True,True,True,True,False,,True,24,8,6
Mono,cellstate,10,0.75,0.01,4000,100,100,191,131,131,87,112,0.1391891127206881,0.0500044061112763,0.0112155020551967,0.2196124486200822,1.2783910745742806,False,True,True,True,True,True,True,True,True,False,,True,21,1,1
Mono,cellstate,10,0.75,0.01,4000,100,250,499,169,169,129,163,0.1229911065982738,0.0773211958702252,0.0175753733446041,1.0785080304311074,2.568293885601578,False,True,True,True,True,True,True,True,True,False,,True,23,3,3
Mono,cellstate,10,0.75,0.01,4000,100,500,1000,177,177,152,176,0.0720815752461322,0.1190857405370547,0.032100667693888,2.7849255264509503,2.644966615305598,False,True,True,True,True,True,True,True,True,False,,True,24,5,4
Mono,cellstate,10,0.75,0.01,4000,100,1000,2000,177,177,172,177,0.0540952430203536,0.206091502758832,0.064201335387776,6.618740369799692,2.4697611710323573,False,True,True,True,True,True,True,True,True,False,,True,24,8,6
Mono,cellstate,10,0.75,0.02,2000,10,100,200,45,45,41,44,0.0404948620876149,0.2172531462727541,0.101010101010101,2.8085858585858587,2.3368686868686868,False,False,False,False,False,False,False,False,True,False,,False,7,0,0
Mono,cellstate,10,0.75,0.02,2000,10,250,405,45,45,45,45,0.0165653581241296,0.4769669838726756,0.2045454545454545,5.802525252525252,2.0277777777777777,False,False,False,False,False,False,True,False,True,False,,False,8,0,0
Mono,cellstate,10,0.75,0.02,2000,10,500,400,45,45,45,44,0.0091369039269047,0.4583828528584721,0.202020202020202,5.649494949494949,2.0393939393939395,False,False,False,False,False,False,False,False,True,False,,False,7,0,0
Mono,cellstate,10,0.75,0.02,2000,10,1000,381,44,44,44,43,0.0061394380853277,0.4536349195806108,0.2013742071881606,5.4920718816067655,2.045983086680761,False,False,False,False,False,False,False,False,True,False,,False,7,0,0
Mono,cellstate,10,0.75,0.02,2000,25,100,200,94,94,71,92,0.0620891161431702,0.0574552516041877,0.022878059940517,0.8230382063601006,3.90883093113704,False,True,True,True,True,False,True,True,True,False,,True,19,0,0
Mono,cellstate,10,0.75,0.02,2000,25,250,500,99,99,89,98,0.0420108279851273,0.1645881113530414,0.0515357658214801,2.955679241393527,2.630385487528345,False,True,True,True,True,False,True,True,True,False,,True,20,0,0
Mono,cellstate,10,0.75,0.02,2000,25,500,1000,101,101,98,101,0.0390177962962718,0.2682184923388554,0.099009900990099,6.397128712871287,2.2495049504950497,False,True,True,True,False,False,True,True,True,False,,True,17,8,5
Mono,cellstate,10,0.75,0.02,2000,25,1000,2000,101,101,101,101,0.021294162655916,0.4785335918492405,0.198019801980198,13.121485148514852,1.917029702970297,False,True,True,True,False,False,True,True,True,False,,True,17,9,6
Mono,cellstate,10,0.75,0.02,2000,50,100,196,126,126,77,107,0.0601075141776937,0.0411806887997364,0.0124444444444444,0.1235555555555555,0.5382857142857143,False,True,True,True,True,True,True,False,True,False,,True,17,3,3
Mono,cellstate,10,0.75,0.02,2000,50,250,500,154,154,121,151,0.049269655422284,0.1193125654387504,0.0212206094559035,1.3663101604278074,2.921823274764451,False,True,True,True,True,True,True,False,True,False,,True,20,5,5
Mono,cellstate,10,0.75,0.02,2000,50,500,1000,156,156,148,156,0.0361751696620196,0.1657621959915458,0.0413564929693962,3.646153846153846,2.911786600496278,False,True,True,True,True,True,True,True,True,False,,True,21,6,5
Mono,cellstate,10,0.75,0.02,2000,50,1000,2000,154,154,154,154,0.021897363003627,0.2443591817036024,0.0848824378236142,8.341864018334606,2.331296154825566,False,True,True,True,True,True,True,True,True,False,,True,22,4,3
Mono,cellstate,10,0.75,0.02,2000,75,100,193,124,124,84,110,0.121120637604154,0.0333635898152027,0.0126540781536847,0.1448990296354576,0.6536847626540782,False,False,True,True,True,True,True,False,True,False,,True,19,1,1
Mono,cellstate,10,0.75,0.02,2000,75,250,500,169,169,131,166,0.1078526302799018,0.0882765199246229,0.0176105945336714,1.1624401239785855,3.169554804170189,False,True,True,True,True,True,True,True,True,False,,True,23,4,4
Mono,cellstate,10,0.75,0.02,2000,75,500,1000,176,176,160,176,0.0694466839857863,0.1430566146349003,0.0324675324675324,2.981623376623377,2.972857142857143,False,True,True,True,True,True,True,True,True,False,,True,23,6,5
Mono,cellstate,10,0.75,0.02,2000,75,1000,2000,178,178,176,178,0.0454454513861696,0.211569562437373,0.0634799720688122,6.84396622865486,2.4872405256141685,False,True,True,True,True,True,True,True,True,False,,True,24,11,9
Mono,cellstate,10,0.75,0.02,2000,100,100,194,124,124,83,107,0.0926722207291946,0.0332355816226784,0.0127196433254655,0.1110674009965906,0.4354183057959612,False,False,True,True,True,True,True,False,True,False,,True,19,1,1
Mono,cellstate,10,0.75,0.02,2000,100,250,500,171,171,131,167,0.1326927691851628,0.0923394344446975,0.0171998624011007,1.1957000343997248,3.226281389748882,False,True,True,True,True,True,True,True,True,False,,True,23,4,4
Mono,cellstate,10,0.75,0.02,2000,100,500,983,173,173,162,172,0.1172408055580826,0.1316521697222659,0.0330353542142761,3.1941121118429896,2.993245059819868,False,True,True,True,True,True,True,True,True,False,,True,23,1,1
Mono,cellstate,10,0.75,0.02,2000,100,1000,2000,181,181,178,181,0.0689094012148559,0.211388405529005,0.0613873542050337,6.636648250460405,2.498741559238797,False,True,True,True,True,True,True,True,True,False,,True,24,9,8
Mono,cellstate,10,0.75,0.02,3000,10,100,200,46,46,40,45,0.062789007794953,0.2253833123398341,0.0966183574879227,2.5014492753623188,2.1956521739130435,False,False,False,False,False,False,True,False,True,False,,False,7,0,0
Mono,cellstate,10,0.75,0.02,3000,10,250,457,46,46,46,45,0.0188488528274992,0.5245219252149027,0.2207729468599033,6.447342995169082,1.909661835748792,False,False,False,False,False,False,True,False,True,False,,False,7,0,0
Mono,cellstate,10,0.75,0.02,3000,10,500,494,46,46,46,46,0.011587754830998,0.5537030826213322,0.238647342995169,6.98695652173913,1.931400966183575,False,False,False,False,False,False,True,False,True,False,,False,7,0,0
Mono,cellstate,10,0.75,0.02,3000,10,1000,504,44,44,44,44,0.0065932773941238,0.5626419527926342,0.266384778012685,7.488900634249472,1.872093023255814,False,False,False,False,False,False,False,False,True,False,,False,6,0,0
Mono,cellstate,10,0.75,0.02,3000,25,100,200,93,93,68,88,0.102883805124684,0.0579318530931434,0.0233754090696587,0.6603553062178588,2.449509116409537,False,True,True,True,False,False,False,False,True,False,,True,15,2,1
Mono,cellstate,10,0.75,0.02,3000,25,250,500,102,102,93,101,0.0479483154208429,0.1580114309057123,0.048534265191225,2.6881188118811883,2.677538342069501,False,True,True,True,False,False,False,True,True,False,,True,17,4,2
Mono,cellstate,10,0.75,0.02,3000,25,500,1000,102,102,100,102,0.0333876432770689,0.2589713906172852,0.09706853038245,6.238012036497768,2.284701999611726,False,True,True,True,False,False,False,True,True,False,,True,17,6,3
Mono,cellstate,10,0.75,0.02,3000,25,1000,2000,103,103,103,103,0.0147151105641954,0.4471120529709412,0.1903674090995621,13.164287074052922,1.9180468303826383,False,True,True,True,False,False,False,True,True,False,,True,17,8,5
Mono,cellstate,10,0.75,0.02,3000,50,100,198,127,127,77,111,0.0651720094941234,0.0536346418236181,0.0123734533183352,0.1234220722409698,0.4448818897637795,False,True,True,True,True,True,False,False,True,False,,True,16,1,1
Mono,cellstate,10,0.75,0.02,3000,50,250,500,153,153,124,147,0.0437656564148734,0.0817528794125543,0.0214998280013759,1.2941606467148263,3.656690746474028,False,True,True,True,True,True,False,True,True,False,,True,20,2,2
Mono,cellstate,10,0.75,0.02,3000,50,500,1000,157,157,152,155,0.0400956994328922,0.1444670842524405,0.0408296586640535,3.511473134084599,2.960354401437204,False,True,True,True,True,True,False,True,True,False,,True,21,6,4
Mono,cellstate,10,0.75,0.02,3000,50,1000,2000,156,156,156,156,0.0353275701607564,0.2347835726105451,0.0827129859387924,8.26439205955335,2.373242349048801,False,True,True,True,True,True,True,True,True,False,,True,22,4,3
Mono,cellstate,10,0.75,0.02,3000,75,100,194,128,128,81,108,0.1229766446988091,0.0527676316738816,0.0119340551181102,0.1974040354330708,0.9880659448818898,False,False,True,True,True,True,True,False,True,False,,True,18,1,1
Mono,cellstate,10,0.75,0.02,3000,75,250,500,168,168,131,162,0.1093062130449998,0.1130005537568562,0.017821499857428,1.2256914741944682,2.8785642999714858,False,True,True,True,True,True,True,True,True,False,,True,23,1,1
Mono,cellstate,10,0.75,0.02,3000,75,500,987,178,178,164,176,0.0770659164774062,0.1360382130476663,0.0313273662159588,2.796673649463594,2.914048117818828,False,True,True,True,True,True,True,True,True,False,,True,23,6,5
Mono,cellstate,10,0.75,0.02,3000,75,1000,1975,179,179,178,179,0.0597575218115269,0.2083357380981747,0.0619860649049023,6.667880233506999,2.588004519490302,False,True,True,True,True,True,True,True,True,False,,True,24,10,7
Mono,cellstate,10,0.75,0.02,3000,100,100,193,123,123,68,111,0.1042570456602478,0.0415275781129439,0.0128615220578435,0.2624283619885379,1.4123017459682794,False,True,True,True,True,True,True,False,True,False,,False,17,2,1
Mono,cellstate,10,0.75,0.02,3000,100,250,496,169,169,126,163,0.1317906510107015,0.0966276205520897,0.017469709777402,0.9176880811496196,2.3722879684418148,False,True,True,True,True,True,True,True,True,False,,True,23,4,3
Mono,cellstate,10,0.75,0.02,3000,100,500,987,179,179,165,178,0.1122916148901851,0.1366558215962702,0.0309773397777917,2.772801456280209,2.9749231058941685,False,True,True,True,True,True,True,True,True,False,,True,23,6,5
Mono,cellstate,10,0.75,0.02,3000,100,1000,1975,180,180,179,180,0.082669826377957,0.2068993077953907,0.0612973308504034,6.594289261328368,2.601738050900062,False,True,True,True,True,True,True,True,True,False,,True,24,11,8
Mono,cellstate,10,0.75,0.02,4000,10,100,200,45,45,38,44,0.0453573457181997,0.2055753505753506,0.101010101010101,2.6964646464646465,2.1277777777777778,False,False,False,False,False,False,False,False,True,False,,False,6,0,0
Mono,cellstate,10,0.75,0.02,4000,10,250,500,45,45,45,44,0.0159926829701457,0.5534793265650464,0.2525252525252525,7.44040404040404,1.8171717171717168,False,False,False,False,False,False,False,False,True,False,,False,6,0,0
Mono,cellstate,10,0.75,0.02,4000,10,500,587,45,45,45,44,0.0023404255319148,0.6332118282054537,0.2964646464646465,8.604545454545455,1.7338383838383835,False,False,False,False,False,False,False,False,True,False,,False,6,0,0
Mono,cellstate,10,0.75,0.02,4000,10,1000,587,45,45,45,44,0.0023193805245087,0.6379826573109337,0.2964646464646465,8.576262626262626,1.7338383838383835,False,False,False,False,False,False,False,False,True,False,,False,6,0,0
Mono,cellstate,10,0.75,0.02,4000,25,100,200,96,96,65,87,0.1341844464082817,0.0540871743996743,0.0219298245614035,0.5966008771929825,2.6639254385964914,False,True,True,True,False,False,False,True,True,False,,True,15,1,1
Mono,cellstate,10,0.75,0.02,4000,25,250,500,100,100,94,100,0.0772084736471141,0.1446233816122787,0.0505050505050505,2.774848484848485,2.867878787878788,False,True,True,True,False,False,False,True,True,False,,True,16,3,1
Mono,cellstate,10,0.75,0.02,4000,25,500,1000,100,100,97,100,0.0474377142857142,0.2478868986196207,0.101010101010101,6.406161616161616,2.2288888888888887,False,True,True,True,False,False,False,True,True,False,,True,17,7,4
Mono,cellstate,10,0.75,0.02,4000,25,1000,2000,100,100,100,100,0.0228154269895105,0.457378421810349,0.202020202020202,13.785959595959596,1.89020202020202,False,True,True,True,False,False,False,True,True,False,,True,17,9,6
Mono,cellstate,10,0.75,0.02,4000,50,100,197,123,123,78,111,0.0687386826618379,0.0624062928940977,0.0131280821004931,0.2702918832467013,1.6681993869119018,False,True,True,True,True,True,True,False,True,False,,True,20,1,1
Mono,cellstate,10,0.75,0.02,4000,50,250,500,154,154,122,150,0.0461068193439988,0.0901671652667005,0.0212206094559035,1.3169934640522876,3.537942449707156,False,True,True,True,True,True,False,False,True,False,,True,19,2,2
Mono,cellstate,10,0.75,0.02,4000,50,500,1000,157,157,145,154,0.0314559532505478,0.1496900118911379,0.0408296586640535,3.569206271435571,2.7544912624530458,False,True,True,True,True,True,True,True,True,False,,True,22,2,1
Mono,cellstate,10,0.75,0.02,4000,50,1000,2000,159,159,159,159,0.0307687681280092,0.2306021778425619,0.0796114959000079,7.9937106918239,2.427434121487143,False,True,True,True,True,True,False,True,True,False,,True,21,8,6
Mono,cellstate,10,0.75,0.02,4000,75,100,190,124,124,78,104,0.100320009660669,0.0556294511939673,0.0124573826383425,0.1785995279307631,1.150603199580383,False,True,False,True,True,True,True,False,True,False,,True,18,1,1
Mono,cellstate,10,0.75,0.02,4000,75,250,500,171,171,127,165,0.085578807152177,0.103055110578106,0.0171998624011007,0.9236670106639148,2.352700378396973,False,True,True,True,True,True,True,False,True,False,,True,22,3,2
Mono,cellstate,10,0.75,0.02,4000,75,500,1000,174,174,156,172,0.0838465379976154,0.1222747585587132,0.0332203840276393,3.020530197329081,2.892266294598365,False,True,True,True,True,True,True,True,True,False,,True,24,1,1
Mono,cellstate,10,0.75,0.02,4000,75,1000,2000,175,175,173,175,0.0714413494578968,0.1908534507772878,0.0656814449917898,7.109622331691297,2.510114942528736,False,True,True,True,True,True,True,True,True,False,,True,24,4,3
Mono,cellstate,10,0.75,0.02,4000,100,100,189,117,117,71,107,0.087973972783723,0.0604432130073155,0.0139257294429708,0.1291629826112584,0.4913793103448275,False,True,True,True,True,True,True,False,True,False,,True,19,1,1
Mono,cellstate,10,0.75,0.02,4000,100,250,500,172,172,127,167,0.101634223630602,0.1081658122520103,0.0169998640010879,0.9215966272269822,2.4814021487828097,False,True,True,True,True,True,True,False,True,False,,True,22,3,2
Mono,cellstate,10,0.75,0.02,4000,100,500,1000,180,180,166,178,0.0960778115305141,0.1294529844233442,0.0310366232153941,2.8173805090006208,3.0975791433891997,False,True,True,True,True,True,True,True,True,False,,True,24,6,5
Mono,cellstate,10,0.75,0.02,4000,100,1000,2000,181,181,177,181,0.0827487003780718,0.189219506908363,0.0613873542050337,6.589410681399632,2.5737262124002456,False,True,True,True,True,True,True,True,True,False,,True,24,9,7
Mono,cellstate,10,0.75,0.03,2000,10,100,200,47,47,40,47,0.0139700990861664,0.2695770106464396,0.0925069380203515,2.528214616096207,2.118871415356152,False,False,False,False,False,False,False,False,True,False,,True,8,0,0
Mono,cellstate,10,0.75,0.03,2000,10,250,470,47,47,47,47,0.0249227018015437,0.5321266878904857,0.217391304347826,6.357539315448658,1.9671600370027755,False,False,False,False,False,False,False,False,True,False,,True,8,2,0
Mono,cellstate,10,0.75,0.03,2000,10,500,515,47,47,47,47,0.0082804050607081,0.5629786370961661,0.2382053654024051,6.839962997224792,1.92368177613321,False,False,False,False,False,False,False,False,True,False,,True,8,2,0
Mono,cellstate,10,0.75,0.03,2000,10,1000,495,47,47,47,47,0.0001419667590027,0.5481113432785252,0.22895467160037,6.510175763182239,1.954671600370028,False,False,False,False,False,False,False,False,True,False,,True,8,2,0
Mono,cellstate,10,0.75,0.03,2000,25,100,200,91,91,63,86,0.1026563764597063,0.0739851113477487,0.0244200244200244,0.6561660561660562,2.68021978021978,False,True,False,True,False,False,True,False,True,False,,True,12,0,0
Mono,cellstate,10,0.75,0.03,2000,25,250,500,98,98,84,98,0.0648487380827418,0.1449753569483612,0.0525983589312013,2.8452556280244057,2.4509783294761203,False,True,True,True,False,False,False,False,True,False,,True,13,2,1
Mono,cellstate,10,0.75,0.03,2000,25,500,1000,99,99,96,99,0.0393873358724013,0.2726617715378321,0.1030715316429602,6.4433106575963714,2.247165532879819,False,True,True,True,False,False,False,False,True,False,,True,13,4,3
Mono,cellstate,10,0.75,0.03,2000,25,1000,1946,97,97,97,97,0.017219359811757,0.4855052726911016,0.2089776632302405,13.346649484536082,1.889067869415808,False,True,False,True,False,False,True,False,True,False,,True,12,5,2
Mono,cellstate,10,0.75,0.03,2000,50,100,197,128,128,75,117,0.0974499089253187,0.0332713293650793,0.0121186023622047,0.1843011811023622,1.2029404527559056,False,True,True,True,True,True,False,False,True,False,,False,17,1,1
Mono,cellstate,10,0.75,0.03,2000,50,250,500,151,151,118,149,0.0546778747141538,0.0925033047698251,0.0220750551876379,1.4345253863134655,2.865430463576159,False,True,False,True,True,True,True,True,True,False,,True,20,0,0
Mono,cellstate,10,0.75,0.03,2000,50,500,1000,154,154,138,154,0.0579844768229677,0.1522976243655156,0.0424412189118071,3.617052881758764,2.7105508870214754,False,True,False,True,True,True,True,True,True,False,,True,20,1,1
Mono,cellstate,10,0.75,0.03,2000,50,1000,2000,155,155,153,155,0.0284590963008585,0.2643480017007434,0.0837871805613741,7.856137410976121,2.3310850439882698,False,True,False,True,True,True,True,True,True,False,,True,21,2,1
Mono,cellstate,10,0.75,0.03,2000,75,100,193,128,128,73,118,0.1920425165182419,0.0183238636363636,0.0118725393700787,0.147576279527559,0.8737081692913385,False,True,False,True,True,True,True,False,True,False,,False,17,0,0
Mono,cellstate,10,0.75,0.03,2000,75,250,500,168,168,131,164,0.1096983341663265,0.0817594504917231,0.017821499857428,1.2663957798688337,3.21050755631594,False,True,True,True,True,True,True,True,True,False,,True,23,3,3
Mono,cellstate,10,0.75,0.03,2000,75,500,1000,171,171,156,169,0.0850354442344045,0.1382681488011184,0.0343997248022015,3.165187478500172,2.9341933264533884,False,True,False,True,True,True,True,True,True,False,,True,23,3,3
Mono,cellstate,10,0.75,0.03,2000,75,1000,2000,176,176,174,175,0.0564831708045597,0.2195893213225375,0.0649350649350649,6.726071428571428,2.5076948051948054,False,True,True,True,True,True,True,True,True,False,,True,24,7,6
Mono,cellstate,10,0.75,0.03,2000,100,100,187,125,125,71,114,0.1789127066115702,0.0512214896214896,0.0120645161290322,0.0998709677419354,0.3901290322580645,False,True,True,True,True,True,True,False,True,False,,False,18,1,1
Mono,cellstate,10,0.75,0.03,2000,100,250,500,172,172,130,165,0.1209464405053623,0.1005000638816068,0.0169998640010879,1.2315041479668165,3.136202910376717,False,True,True,True,True,True,True,True,True,False,,True,24,4,4
Mono,cellstate,10,0.75,0.03,2000,100,500,1000,176,176,159,173,0.1254436436672968,0.1354805198700839,0.0324675324675324,2.991136363636364,2.884188311688312,False,True,True,True,True,True,True,True,True,False,,True,24,4,4
Mono,cellstate,10,0.75,0.03,2000,100,1000,2000,179,179,176,178,0.0715450773783463,0.2214055150348089,0.0627706986378758,6.542338836231247,2.5139664804469275,False,True,True,True,True,True,True,True,True,False,,True,24,8,7
Mono,cellstate,10,0.75,0.03,3000,10,100,200,47,47,41,46,0.0363372093023255,0.2507905354275817,0.0925069380203515,2.5448658649398705,2.3580018501387605,False,False,False,False,False,False,False,False,True,False,,True,8,0,0
Mono,cellstate,10,0.75,0.03,3000,10,250,500,47,47,46,47,-0.0015845559455569,0.4930774633687628,0.2312673450508788,7.163737280296022,1.867252543940796,False,False,False,False,False,False,False,False,True,False,,True,8,2,0
Mono,cellstate,10,0.75,0.03,3000,10,500,590,47,47,47,47,-0.0013818185196194,0.5439011726806471,0.272895467160037,8.615633672525439,1.839962997224792,False,False,False,False,False,False,False,False,True,False,,True,8,2,0
Mono,cellstate,10,0.75,0.03,3000,10,1000,596,47,47,47,47,0.0022391297249135,0.5489183463572916,0.2756706753006475,8.704902867715079,1.8196114708603144,False,False,False,False,False,False,False,False,True,False,,True,8,2,0
Mono,cellstate,10,0.75,0.03,3000,25,100,200,90,90,66,86,0.0824300516587536,0.1429401462734796,0.0249687890137328,0.6228464419475656,2.0259675405742823,False,True,True,True,False,False,False,False,True,False,,True,14,1,0
Mono,cellstate,10,0.75,0.03,3000,25,250,500,98,98,82,98,0.0544912971661846,0.1572080139520273,0.0525983589312013,2.761098253734484,2.412581527456344,False,True,True,True,False,False,False,False,True,False,,True,15,2,1
Mono,cellstate,10,0.75,0.03,3000,25,500,1000,98,98,97,98,0.0364876251941479,0.2686273757077232,0.1051967178624027,6.611087734062697,2.326530612244898,False,True,True,True,False,False,False,False,True,False,,True,15,3,1
Mono,cellstate,10,0.75,0.03,3000,25,1000,2000,98,98,98,98,0.0072287221560861,0.449158411341829,0.2103934357248054,14.376604249947402,1.872501577950768,False,True,True,True,False,False,False,False,True,False,,True,15,7,3
Mono,cellstate,10,0.75,0.03,3000,50,100,198,123,123,72,115,0.0562884917280521,0.0422115587070657,0.0131947221111555,0.0980274556843929,0.3363321338131414,False,True,True,True,True,True,False,False,True,False,,False,15,0,0
Mono,cellstate,10,0.75,0.03,3000,50,250,495,150,150,113,149,0.0446715500945179,0.1148330569212921,0.0221476510067114,1.2925279642058165,2.852035794183445,False,True,True,True,True,True,False,True,True,False,,True,20,1,1
Mono,cellstate,10,0.75,0.03,3000,50,500,984,155,155,140,155,0.0435379962531887,0.154012645715484,0.041223292836196,3.624926686217009,2.804356933389192,False,True,True,True,True,True,False,True,True,False,,True,21,1,1
Mono,cellstate,10,0.75,0.03,3000,50,1000,2000,157,157,155,157,0.0322729735809566,0.2298340095893329,0.0816593173281071,8.137310142087212,2.3638739180140456,False,True,True,True,True,True,False,True,True,False,,True,21,3,2
Mono,cellstate,10,0.75,0.03,3000,75,100,193,124,124,75,113,0.1656327160493827,0.0588773681515617,0.0126540781536847,0.0979543666404406,0.3300550747442958,False,True,True,True,True,True,True,False,True,False,,False,18,1,1
Mono,cellstate,10,0.75,0.03,3000,75,250,498,169,169,127,164,0.0873534407188253,0.0860132372558407,0.0175401521555367,1.0976331360946745,2.992920540997464,False,True,True,True,True,True,True,True,True,False,,True,24,3,3
Mono,cellstate,10,0.75,0.03,3000,75,500,990,173,173,156,173,0.0874918348035774,0.120871587411304,0.033270600887216,3.2060088721602367,3.055854281489448,False,True,True,True,True,True,True,True,True,False,,True,24,4,3
Mono,cellstate,10,0.75,0.03,3000,75,1000,1969,175,175,173,175,0.068980610483066,0.1978445957162279,0.064663382594417,7.064433497536946,2.544334975369458,False,True,True,True,True,True,True,True,True,False,,True,24,7,6
Mono,cellstate,10,0.75,0.03,3000,100,100,190,122,122,77,116,0.1973714285714285,0.0514702055685662,0.0128708847039696,0.2566725375965316,1.659328004335456,False,True,True,True,True,True,True,False,True,False,,False,17,1,1
Mono,cellstate,10,0.75,0.03,3000,100,250,493,171,171,125,165,0.1569896553662787,0.0865988615013654,0.0169590643274853,0.9882008943928448,2.7494668042655657,False,True,True,True,True,True,True,True,True,False,,True,24,3,3
Mono,cellstate,10,0.75,0.03,3000,100,500,986,178,178,158,178,0.1278814351301452,0.1192875572729121,0.0312956262299244,2.980416428616772,3.0215514505173617,False,True,True,True,True,True,True,True,True,False,,True,24,5,4
Mono,cellstate,10,0.75,0.03,3000,100,1000,1976,177,177,174,177,0.106982086952428,0.1981049381477079,0.0634309193631227,6.889316897791474,2.5635272213662046,False,True,True,True,True,True,True,True,True,False,,True,24,6,5
Mono,cellstate,10,0.75,0.03,4000,10,100,200,47,47,41,46,0.0448513707503238,0.2571159337116783,0.0925069380203515,2.4213691026827013,2.24468085106383,False,False,False,False,False,False,False,False,True,False,,True,8,0,0
Mono,cellstate,10,0.75,0.03,4000,10,250,500,47,47,47,47,0.0092906249999999,0.4999994331181334,0.2312673450508788,7.246068455134135,1.918131359851989,False,False,False,False,False,False,False,False,True,False,,True,8,2,0
Mono,cellstate,10,0.75,0.03,4000,10,500,609,44,44,44,44,-0.0006327691905598,0.6451463141995847,0.3218816067653277,9.404862579281184,1.7552854122621564,False,False,False,False,False,False,False,False,True,False,,True,8,2,0
Mono,cellstate,10,0.75,0.03,4000,10,1000,683,47,47,47,47,-0.0045608786730945,0.6262300796318699,0.3159111933395004,9.947733580018502,1.7567067530064755,False,False,False,False,False,False,False,False,True,False,,True,8,2,0
Mono,cellstate,10,0.75,0.03,4000,25,100,200,93,93,65,89,0.0776333089846603,0.0805007417910643,0.0233754090696587,0.5068957456755493,1.726507713884993,False,True,True,True,True,False,False,False,True,False,,False,15,0,0
Mono,cellstate,10,0.75,0.03,4000,25,250,500,101,101,88,101,0.0491887441034518,0.1566340707474795,0.0495049504950495,2.715841584158416,2.665742574257426,False,True,True,True,True,False,False,False,True,False,,True,17,2,1
Mono,cellstate,10,0.75,0.03,4000,25,500,1000,101,101,96,101,0.045336051623793,0.2754672989918862,0.099009900990099,6.274851485148515,2.2043564356435645,False,True,True,True,True,False,False,False,True,False,,True,17,4,2
Mono,cellstate,10,0.75,0.03,4000,25,1000,2000,101,101,101,101,0.0157633663281189,0.423969304982399,0.198019801980198,14.0890099009901,1.907722772277228,False,True,True,True,True,False,False,False,True,False,,True,17,11,5
Mono,cellstate,10,0.75,0.03,4000,50,100,197,128,128,70,117,0.1095357844837553,0.0690978379259629,0.0121186023622047,0.0959645669291338,0.3602362204724409,False,True,True,True,True,True,True,False,True,False,,False,18,0,0
Mono,cellstate,10,0.75,0.03,4000,50,250,496,151,151,118,148,0.0615947268494978,0.1077847105315888,0.0218984547461368,1.348167770419426,3.1905518763796907,False,True,True,True,True,True,True,True,True,False,,True,21,1,1
Mono,cellstate,10,0.75,0.03,4000,50,500,988,154,154,143,154,0.0568644707524107,0.1450756545339569,0.0419319242848654,3.666114930820813,2.9485612426788896,False,True,True,True,True,True,False,True,True,False,,True,21,1,1
Mono,cellstate,10,0.75,0.03,4000,50,1000,2000,157,157,156,157,0.0386285383115403,0.2189495169347529,0.0816593173281071,8.301690347868691,2.3924546790788828,False,True,True,True,True,True,False,True,True,False,,True,21,4,2
Mono,cellstate,10,0.75,0.03,4000,75,100,192,129,129,72,118,0.1382436433564299,0.0833430659517616,0.0116279069767441,0.0863614341085271,0.3205547480620155,False,True,True,True,True,True,True,False,True,False,,False,18,0,0
Mono,cellstate,10,0.75,0.03,4000,75,250,500,171,171,127,166,0.1182323257154861,0.0970907164211297,0.0171998624011007,1.0220502235982112,3.1441348469212245,False,True,True,True,True,True,True,True,True,False,,True,24,2,2
Mono,cellstate,10,0.75,0.03,4000,75,500,1000,176,176,160,176,0.1048676024856143,0.1185332304149773,0.0324675324675324,3.137792207792208,2.989837662337662,False,True,True,True,True,True,True,True,True,False,,True,24,4,4
Mono,cellstate,10,0.75,0.03,4000,75,1000,1979,175,175,174,175,0.0756536340026206,0.1943205427665903,0.064991789819376,7.154515599343186,2.573990147783251,False,True,True,True,True,True,True,True,True,False,,True,24,5,3
Mono,cellstate,10,0.75,0.03,4000,100,100,194,133,133,73,121,0.173534593448595,0.0844689599021079,0.0110503531556163,0.0799726589200273,0.2965937571200729,False,True,True,True,True,True,True,False,True,False,,False,18,0,0
Mono,cellstate,10,0.75,0.03,4000,100,250,500,172,172,128,167,0.1440513701254502,0.0957560508347101,0.0169998640010879,1.099483204134367,3.522303821569428,False,True,True,True,True,True,True,True,True,False,,True,24,2,2
Mono,cellstate,10,0.75,0.03,4000,100,500,991,176,176,156,175,0.121310556133657,0.1160129308963556,0.0321753246753246,3.002954545454545,2.9625974025974027,False,True,True,True,True,True,True,True,True,False,,True,24,3,3
Mono,cellstate,10,0.75,0.03,4000,100,1000,2000,179,179,177,179,0.1132496087892617,0.1954942368465028,0.0627706986378758,6.993440461992342,2.5886949971753186,False,True,True,True,True,True,True,True,True,False,,True,24,7,5
Mono,cellstate,10,0.9,0.005,2000,10,100,200,43,43,41,40,-0.024464525722783,0.2881340677546308,0.1107419712070874,2.532668881506091,2.352713178294574,False,True,False,False,True,False,False,False,True,False,,False,8,0,0
Mono,cellstate,10,0.9,0.005,2000,10,250,343,46,46,46,43,0.0065104560342655,0.4353217702992155,0.1657004830917874,4.210144927536232,2.1516908212560386,False,True,False,False,False,False,False,False,True,False,,False,7,0,0
Mono,cellstate,10,0.9,0.005,2000,10,500,343,46,46,46,43,0.0065104560342655,0.4353217702992155,0.1657004830917874,4.210144927536232,2.1516908212560386,False,True,False,False,False,False,False,False,True,False,,False,7,0,0
Mono,cellstate,10,0.9,0.005,2000,10,1000,327,44,44,44,40,-0.0150333888882674,0.4593579457762956,0.1728329809725158,4.040697674418604,2.015327695560253,False,True,False,False,True,False,False,False,True,False,,False,8,0,0
Mono,cellstate,10,0.9,0.005,2000,25,100,200,93,93,75,87,0.0237673130193905,0.0737336376130943,0.0233754090696587,0.910822814399252,2.7752454417952315,False,True,True,True,True,True,False,True,True,False,,True,17,1,1
Mono,cellstate,10,0.9,0.005,2000,25,250,500,99,99,94,98,0.0157181897487938,0.1996464236256237,0.0515357658214801,2.764790764790765,2.866213151927438,False,True,True,True,True,True,False,True,True,False,,True,17,2,1
Mono,cellstate,10,0.9,0.005,2000,25,500,1000,100,100,97,99,0.0141708370270811,0.3338746043906752,0.101010101010101,5.633838383838384,2.3335353535353534,False,True,True,True,True,True,False,True,True,False,,True,17,4,3
Mono,cellstate,10,0.9,0.005,2000,25,1000,1351,97,97,97,95,-0.0085341798503643,0.416547464670462,0.1450816151202749,7.901202749140894,2.1824527491408934,False,True,True,True,True,True,False,True,True,False,,True,17,8,6
Mono,cellstate,10,0.9,0.005,2000,50,100,192,105,105,76,92,0.0437478321193201,0.0595161452304309,0.0175824175824175,0.5565934065934066,2.476923076923077,False,True,True,True,True,True,False,True,True,False,,False,14,0,0
Mono,cellstate,10,0.9,0.005,2000,50,250,496,139,139,116,133,0.0422049861495844,0.1149857140457309,0.0258575748097174,1.5878949014701282,2.6950787196329893,False,True,True,True,True,True,False,True,True,False,,True,19,2,2
Mono,cellstate,10,0.9,0.005,2000,50,500,993,141,141,132,140,0.0242472735157502,0.1991809444679964,0.0503039513677811,3.741590678824721,2.627710233029382,False,True,True,True,True,True,True,True,True,False,,True,20,4,3
Mono,cellstate,10,0.9,0.005,2000,50,1000,1896,143,143,143,142,0.0017224261669894,0.334507098788583,0.0933714173150792,7.400817492366788,2.390475721461637,False,True,True,True,True,True,False,True,True,False,,True,19,6,5
Mono,cellstate,10,0.9,0.005,2000,75,100,189,107,107,75,93,0.0595419391441965,0.0564969817306265,0.0166637277376124,0.486598483512608,2.3485275965438195,False,True,True,True,True,True,False,False,True,False,,False,15,0,0
Mono,cellstate,10,0.9,0.005,2000,75,250,480,155,155,120,143,0.056072925418049,0.0943285178149637,0.0201089233347297,1.214453288646837,2.417176372015082,False,True,True,True,True,True,False,True,True,False,,True,22,1,1
Mono,cellstate,10,0.9,0.005,2000,75,500,990,164,164,147,159,0.0380605011769507,0.1586536507200943,0.0370342660481819,2.92028280712255,2.6635867125542423,False,True,True,True,True,True,True,True,True,False,,True,23,4,3
Mono,cellstate,10,0.9,0.005,2000,75,1000,1901,163,163,158,162,0.0212071730572969,0.2904488283882071,0.0719912141180034,6.20536999166856,2.446943876391729,False,True,True,True,True,True,False,True,True,False,,True,22,6,5
Mono,cellstate,10,0.9,0.005,2000,100,100,189,110,110,76,95,0.0849681985129445,0.0641350064077336,0.0157631359466221,0.4527105921601334,2.137114261884904,False,True,True,True,True,True,False,True,True,False,,False,16,0,0
Mono,cellstate,10,0.9,0.005,2000,100,250,495,157,157,127,145,0.0657729002227151,0.1205124164097561,0.0202106810387065,1.2445288257390168,2.5874571288584027,False,True,True,True,True,True,True,True,True,False,,True,23,2,2
Mono,cellstate,10,0.9,0.005,2000,100,500,948,163,163,145,159,0.0634118417342284,0.1634264870815507,0.035900931606453,2.8112928879800045,2.7767174127092327,False,True,True,True,True,True,False,True,True,False,,True,22,4,3
Mono,cellstate,10,0.9,0.005,2000,100,1000,1900,164,164,159,163,0.0240326578218399,0.283754496389227,0.0710758641328744,6.157152476432739,2.45843932365704,False,True,True,True,True,True,False,True,True,False,,True,22,5,4
Mono,cellstate,10,0.9,0.005,3000,10,100,200,43,43,41,40,-0.024464525722783,0.2881340677546308,0.1107419712070874,2.532668881506091,2.352713178294574,False,True,False,False,True,False,False,False,True,False,,False,8,0,0
Mono,cellstate,10,0.9,0.005,3000,10,250,327,44,44,44,40,-0.0150333888882674,0.4593579457762956,0.1728329809725158,4.040697674418604,2.015327695560253,False,True,False,False,True,False,False,False,True,False,,False,8,0,0
Mono,cellstate,10,0.9,0.005,3000,10,500,327,44,44,44,40,-0.0150333888882674,0.4593579457762956,0.1728329809725158,4.040697674418604,2.015327695560253,False,True,False,False,True,False,False,False,True,False,,False,8,0,0
Mono,cellstate,10,0.9,0.005,3000,10,1000,327,44,44,44,40,-0.0150333888882674,0.4593579457762956,0.1728329809725158,4.040697674418604,2.015327695560253,False,True,False,False,True,False,False,False,True,False,,False,8,0,0
Mono,cellstate,10,0.9,0.005,3000,25,100,200,93,93,75,87,0.0354986149584487,0.0659890414559345,0.0233754090696587,0.922043010752688,2.738779803646564,False,True,True,True,True,True,False,True,True,False,,True,17,1,1
Mono,cellstate,10,0.9,0.005,3000,25,250,500,99,99,94,98,0.0158316534736221,0.1963192334061198,0.0515357658214801,2.785508142651,2.8621933621933624,False,True,True,True,True,True,False,True,True,False,,True,17,2,1
Mono,cellstate,10,0.9,0.005,3000,25,500,1000,97,97,96,95,-0.0035288940605928,0.3115997045319704,0.1073883161512027,5.985824742268041,2.363509450171821,False,True,True,True,True,True,False,True,True,False,,True,17,7,5
Mono,cellstate,10,0.9,0.005,3000,25,1000,1468,100,100,100,99,0.0048639460482856,0.4586822007928788,0.1482828282828283,8.323535353535354,2.1747474747474747,False,True,True,True,True,True,False,True,True,False,,True,17,8,6
Mono,cellstate,10,0.9,0.005,3000,50,100,198,117,117,85,101,0.0501437717013889,0.0349274182607515,0.0145888594164456,0.4176982021809608,1.773209549071618,False,True,False,True,True,True,False,True,True,False,,True,18,0,0
Mono,cellstate,10,0.9,0.005,3000,50,250,477,142,142,113,134,0.0250630001538935,0.1069551486196062,0.0238237938267905,1.4550993906702627,2.60957946259115,False,True,True,True,True,True,False,True,True,False,,True,19,1,1
Mono,cellstate,10,0.9,0.005,3000,50,500,948,143,143,130,142,0.0246207317239152,0.2047657451899584,0.0466857086575396,3.415739190387077,2.611297153550675,False,True,True,True,True,True,False,True,True,False,,True,19,3,2
Mono,cellstate,10,0.9,0.005,3000,50,1000,1895,143,143,141,142,0.0010574343939236,0.3318189290195076,0.0933221707869595,7.343494533635378,2.3427065891854624,False,True,True,True,True,True,False,True,True,False,,True,19,6,5
Mono,cellstate,10,0.9,0.005,3000,75,100,189,110,110,77,95,0.0595419391441965,0.0577197549924822,0.0157631359466221,0.5029190992493745,2.4447039199332776,False,True,True,True,True,True,False,True,True,False,,False,16,0,0
Mono,cellstate,10,0.9,0.005,3000,75,250,479,154,154,120,142,0.0566732137068324,0.0980143385133132,0.0203293438587556,1.2331720567014686,2.4743655037772685,False,True,True,True,True,True,False,True,True,False,,True,22,1,1
Mono,cellstate,10,0.9,0.005,3000,75,500,947,162,162,144,158,0.0444028984414981,0.1659114021302333,0.0363085652940725,2.8306878306878307,2.7598727091480715,False,True,True,True,True,True,False,True,True,False,,True,22,4,3
Mono,cellstate,10,0.9,0.005,3000,75,1000,1900,163,163,158,162,0.0226858459988003,0.2873349554753456,0.071953343936984,6.211201999545557,2.446451564038476,False,True,True,True,True,True,False,True,True,False,,True,22,6,5
Mono,cellstate,10,0.9,0.005,3000,100,100,190,116,116,78,100,0.086281957633309,0.0241180275663034,0.0142428785607196,0.3730884557721139,1.6363568215892057,False,True,False,True,True,True,True,True,True,False,,True,20,0,0
Mono,cellstate,10,0.9,0.005,3000,100,250,495,157,157,127,145,0.0674861259431732,0.1184067893438641,0.0202106810387065,1.2457128858402744,2.5816184876694432,False,True,True,True,True,True,True,True,True,False,,True,23,2,2
Mono,cellstate,10,0.9,0.005,3000,100,500,948,163,163,145,159,0.0501246870694171,0.166073738651383,0.035900931606453,2.8119745512383547,2.7730440051503447,False,True,True,True,True,True,False,True,True,False,,True,22,3,2
Mono,cellstate,10,0.9,0.005,3000,100,1000,1901,164,164,159,163,0.0213196604608101,0.288291040337497,0.071113272482418,6.143648062247494,2.453800688313632,False,True,True,True,True,True,False,True,True,False,,True,22,5,4
Mono,cellstate,10,0.9,0.005,4000,10,100,200,46,46,45,43,0.0172295461694643,0.2957507173689205,0.0966183574879227,2.419806763285024,2.6004830917874395,False,True,False,False,False,False,False,False,True,False,,False,7,0,0
Mono,cellstate,10,0.9,0.005,4000,10,250,327,44,44,44,40,-0.0150333888882674,0.4593579457762956,0.1728329809725158,4.040697674418604,2.015327695560253,False,True,False,False,True,False,False,False,True,False,,False,8,0,0
Mono,cellstate,10,0.9,0.005,4000,10,500,327,44,44,44,40,-0.0150333888882674,0.4593579457762956,0.1728329809725158,4.040697674418604,2.015327695560253,False,True,False,False,True,False,False,False,True,False,,False,8,0,0
Mono,cellstate,10,0.9,0.005,4000,10,1000,343,46,46,46,43,0.0065104560342655,0.4353217702992155,0.1657004830917874,4.210144927536232,2.1516908212560386,False,True,False,False,False,False,False,False,True,False,,False,7,0,0
Mono,cellstate,10,0.9,0.005,4000,25,100,200,93,93,75,87,0.0246814404432132,0.0745761642620725,0.0233754090696587,0.9433146330060777,2.812412342215989,False,True,True,True,True,True,False,True,True,False,,True,17,1,1
Mono,cellstate,10,0.9,0.005,4000,25,250,500,99,99,93,98,0.0163344939636792,0.1976094200753612,0.0515357658214801,2.722737579880437,2.791692434549577,False,True,True,True,True,True,False,True,True,False,,True,17,2,1
Mono,cellstate,10,0.9,0.005,4000,25,500,1000,100,100,98,99,0.0157693648006089,0.3274353018300631,0.101010101010101,5.645555555555555,2.3604040404040405,False,True,True,True,True,True,False,True,True,False,,True,17,4,3
Mono,cellstate,10,0.9,0.005,4000,25,1000,1468,100,100,100,99,0.0048639460482856,0.4586822007928788,0.1482828282828283,8.323535353535354,2.1747474747474747,False,True,True,True,True,True,False,True,True,False,,True,17,8,6
Mono,cellstate,10,0.9,0.005,4000,50,100,191,105,105,75,93,0.0433896502835538,0.0651030979602408,0.0174908424908424,0.5603479853479854,2.4956959706959707,False,True,True,True,True,True,False,True,True,False,,False,14,0,0
Mono,cellstate,10,0.9,0.005,4000,50,250,496,139,139,115,133,0.0403301939058171,0.109480155815561,0.0258575748097174,1.5669377541445104,2.649827963715984,False,True,True,True,True,True,False,True,True,False,,True,19,2,2
Mono,cellstate,10,0.9,0.005,4000,50,500,947,143,143,131,142,0.0241123328225262,0.2012258877270712,0.0466364621294198,3.4109622771594603,2.6419284940411703,False,True,True,True,True,True,False,True,True,False,,True,19,5,4
Mono,cellstate,10,0.9,0.005,4000,50,1000,1897,143,143,141,142,0.0005966635637033,0.330658810821381,0.093420663843199,7.371860533832365,2.3413276863981087,False,True,True,True,True,True,False,True,True,False,,True,19,6,5
Mono,cellstate,10,0.9,0.005,4000,75,100,189,110,110,76,96,0.0639613007256114,0.0699561549561549,0.0157631359466221,0.4123436196830692,1.7863219349457882,False,True,True,True,True,True,False,True,True,False,,False,16,0,0
Mono,cellstate,10,0.9,0.005,4000,75,250,479,156,156,122,143,0.0535292042485841,0.0988133872881276,0.0198097601323407,1.1940033085194377,2.422746071133168,False,True,True,True,True,True,False,True,True,False,,True,22,1,1
Mono,cellstate,10,0.9,0.005,4000,75,500,948,162,162,144,158,0.0460384684111936,0.1652879852551635,0.0363469059121233,2.813932980599647,2.781496817728702,False,True,True,True,True,True,False,True,True,False,,True,22,3,2
Mono,cellstate,10,0.9,0.005,4000,75,1000,1899,163,163,158,162,0.0213768489187634,0.28506951967529,0.0719154737559645,6.212944027872453,2.450352192683481,False,True,True,True,True,True,False,True,True,False,,True,22,6,5
Mono,cellstate,10,0.9,0.005,4000,100,100,189,109,109,76,94,0.0719340679028935,0.0611119257908248,0.0160550458715596,0.4724770642201835,2.288735983690112,False,True,True,True,True,True,False,False,True,False,,False,15,0,0
Mono,cellstate,10,0.9,0.005,4000,100,250,480,155,155,121,142,0.0669943289224953,0.0896851787035635,0.0201089233347297,1.240301633850021,2.4488898198575617,False,True,True,True,True,True,False,True,True,False,,True,22,1,1
Mono,cellstate,10,0.9,0.005,4000,100,500,990,165,165,147,160,0.0509093909628471,0.1513834212136267,0.0365853658536585,2.8965262379896526,2.664116777531412,False,True,True,True,True,True,True,True,True,False,,True,23,4,3
Mono,cellstate,10,0.9,0.005,4000,100,1000,1901,164,164,159,163,0.0253623277077296,0.2873339065520195,0.071113272482418,6.157414334879545,2.454025138410893,False,True,True,True,True,True,False,True,True,False,,True,22,6,5
Mono,cellstate,10,0.9,0.01,2000,10,100,200,49,49,44,46,0.015691719669145,0.2324775627691531,0.0850340136054421,2.2151360544217686,2.2831632653061225,False,True,False,False,True,False,False,False,True,False,,False,7,0,0
Mono,cellstate,10,0.9,0.01,2000,10,250,468,50,50,50,48,-0.0055357803254437,0.4895038441393503,0.1910204081632653,5.775510204081633,2.001224489795918,False,True,False,False,True,False,False,False,True,False,,True,7,1,0
Mono,cellstate,10,0.9,0.01,2000,10,500,477,50,50,50,48,-0.0052227419814563,0.5064378283939075,0.1946938775510204,5.835918367346939,1.9942857142857144,False,True,False,False,True,False,False,False,True,False,,True,7,1,0
Mono,cellstate,10,0.9,0.01,2000,10,1000,450,49,49,49,47,-0.0076141643967312,0.5309698729761446,0.1913265306122449,5.386479591836735,2.026360544217687,False,True,False,False,True,False,False,False,True,False,,False,7,0,0
Mono,cellstate,10,0.9,0.01,2000,25,100,200,87,87,67,82,0.0132534744113374,0.098702446978309,0.0267308206361935,1.0069500133654103,2.777866880513232,False,True,True,True,True,False,False,True,True,False,,True,15,3,3
Mono,cellstate,10,0.9,0.01,2000,25,250,500,97,97,87,95,0.0142627898623401,0.1927144003601129,0.0536941580756013,2.835373711340206,2.565077319587629,False,True,True,True,True,False,False,True,True,False,,True,16,4,3
Mono,cellstate,10,0.9,0.01,2000,25,500,1000,97,97,94,97,0.0095202227264926,0.3086394550440027,0.1073883161512027,6.376610824742268,2.2269115120274914,False,True,True,True,True,False,False,True,True,False,,True,16,5,3
Mono,cellstate,10,0.9,0.01,2000,25,1000,1950,98,98,98,97,-0.0053630176806538,0.5044613975745933,0.2051335998316852,12.761308647170209,1.9090048390490215,False,True,True,True,True,False,False,True,True,False,,True,16,10,6
Mono,cellstate,10,0.9,0.01,2000,50,100,196,115,115,80,98,0.096848121321865,0.1151464477551433,0.0149504195270785,0.1823798627002288,0.6404271548436308,False,True,True,True,True,True,True,True,True,False,,True,19,3,2
Mono,cellstate,10,0.9,0.01,2000,50,250,500,143,143,115,135,0.0667409429127715,0.1073162383117134,0.0246232640598837,1.5615089136215896,2.5810597852851376,False,True,True,True,True,True,False,True,True,False,,True,18,4,3
Mono,cellstate,10,0.9,0.01,2000,50,500,1000,145,145,131,144,0.0496939705110006,0.1814130559537611,0.0478927203065134,3.531082375478927,2.5074233716475094,False,True,True,True,True,True,False,True,True,False,,True,19,5,3
Mono,cellstate,10,0.9,0.01,2000,50,1000,2000,146,146,143,146,0.0275493193833004,0.2991875993953376,0.0944733112895607,8.15375531412376,2.2631081719414263,False,True,True,True,True,True,False,True,True,False,,True,19,6,4
Mono,cellstate,10,0.9,0.01,2000,75,100,192,121,121,80,100,0.1058436815193572,0.0658563199885513,0.0132231404958677,0.193457300275482,0.7535123966942149,False,True,True,True,True,True,True,True,True,False,,True,20,3,3
Mono,cellstate,10,0.9,0.01,2000,75,250,500,158,158,121,148,0.0991951296370861,0.0915419333967752,0.0201564137708618,1.2222043054099814,2.357091026364589,False,True,True,True,True,True,True,True,True,False,,True,22,4,3
Mono,cellstate,10,0.9,0.01,2000,75,500,1000,168,168,149,166,0.0750185254715599,0.1547076199097234,0.035642999714856,3.049971485600228,2.7610849729113203,False,True,True,True,True,True,True,True,True,False,,True,22,4,3
Mono,cellstate,10,0.9,0.01,2000,75,1000,2000,168,168,162,168,0.0593293362590501,0.2576700680629311,0.071285999429712,6.819753350441974,2.386583974907328,False,True,True,True,True,True,True,True,True,False,,True,23,9,7
Mono,cellstate,10,0.9,0.01,2000,100,100,192,123,123,84,102,0.2041292533081285,0.0515545430179576,0.0127948820471811,0.1644675463148074,0.6821271491403439,False,True,True,True,True,True,True,True,True,False,,True,20,3,3
Mono,cellstate,10,0.9,0.01,2000,100,250,499,159,159,127,150,0.1282417378716192,0.1143416379410202,0.0198630682270519,1.30113048324178,2.724464612690072,False,True,True,True,True,True,True,True,True,False,,True,21,4,3
Mono,cellstate,10,0.9,0.01,2000,100,500,1000,171,171,148,167,0.0987355333408939,0.1517380483415069,0.0343997248022015,2.9591331269349843,2.6671482628138974,False,True,True,True,True,True,True,True,True,False,,True,23,4,3
Mono,cellstate,10,0.9,0.01,2000,100,1000,2000,172,172,167,172,0.082798353909465,0.2489727353857311,0.0679994560043519,6.632938936488508,2.4450224398204816,False,True,True,True,True,True,True,True,True,False,,True,23,9,7
Mono,cellstate,10,0.9,0.01,3000,10,100,200,51,51,43,48,-0.0113163371488033,0.1966244987871286,0.0784313725490196,2.12078431372549,2.131372549019608,False,True,False,False,True,False,False,False,True,False,,True,7,0,0
Mono,cellstate,10,0.9,0.01,3000,10,250,484,51,51,50,50,-0.0032597846630848,0.4919155428019943,0.1898039215686274,5.724313725490196,1.9666666666666663,False,True,False,False,True,False,False,False,True,False,,True,7,1,0
Mono,cellstate,10,0.9,0.01,3000,10,500,525,51,51,51,50,-0.0083084749682044,0.5213253945343664,0.2058823529411764,6.29764705882353,1.9662745098039216,False,True,False,False,True,False,False,False,True,False,,True,7,1,0
Mono,cellstate,10,0.9,0.01,3000,10,1000,504,50,50,50,48,-0.0140765765765765,0.5362728655262553,0.2057142857142857,5.9465306122448975,1.98530612244898,False,True,False,False,True,False,False,False,True,False,,False,7,0,0
Mono,cellstate,10,0.9,0.01,3000,25,100,200,90,90,72,87,0.0490997229916897,0.0842728259394925,0.0249687890137328,0.9473158551810236,2.90561797752809,False,True,True,True,True,False,False,True,True,False,,True,15,3,3
Mono,cellstate,10,0.9,0.01,3000,25,250,500,100,100,88,98,0.0200932669441141,0.1697718591925416,0.0505050505050505,2.744040404040404,2.5677777777777777,False,True,True,True,True,False,False,True,True,False,,True,16,4,3
Mono,cellstate,10,0.9,0.01,3000,25,500,1000,101,101,99,101,0.0238634215500945,0.2900952590601277,0.099009900990099,6.127920792079208,2.328316831683168,False,True,True,True,True,False,False,True,True,False,,True,16,5,3
Mono,cellstate,10,0.9,0.01,3000,25,1000,2000,100,100,100,100,-0.0022709447207694,0.4965627427348092,0.202020202020202,12.983131313131311,1.9446464646464647,False,True,True,True,True,False,False,True,True,False,,True,16,10,6
Mono,cellstate,10,0.9,0.01,3000,50,100,198,117,117,80,103,0.1235041551246537,0.0640567884157627,0.0145888594164456,0.1914235190097259,0.6582670203359858,False,True,True,True,True,True,False,True,True,False,,True,17,2,2
Mono,cellstate,10,0.9,0.01,3000,50,250,500,143,143,115,137,0.0774283854166666,0.1055509174336168,0.0246232640598837,1.597902097902098,2.5960307298335468,False,True,True,True,True,True,False,True,True,False,,True,18,4,3
Mono,cellstate,10,0.9,0.01,3000,50,500,1000,148,148,139,146,0.0264532213476084,0.1724523404631409,0.0459643316786173,3.5929398786541644,2.6341239198382054,False,True,True,True,True,True,True,True,True,False,,True,21,4,3
Mono,cellstate,10,0.9,0.01,3000,50,1000,2000,146,146,143,146,0.0211686995522141,0.2862693068877663,0.0944733112895607,8.188379782711385,2.2597071327350022,False,True,True,True,True,True,False,True,True,False,,True,19,6,4
Mono,cellstate,10,0.9,0.01,3000,75,100,193,121,121,77,104,0.1243389335281227,0.0805795673564268,0.0132920110192837,0.1538567493112947,0.5334710743801653,False,True,True,True,True,True,True,True,True,False,,False,19,2,2
Mono,cellstate,10,0.9,0.01,3000,75,250,498,156,156,121,147,0.0945795013850415,0.0830373405918695,0.0205955334987593,1.206286186931348,2.284449958643507,False,True,True,True,True,True,True,True,True,False,,True,22,4,3
Mono,cellstate,10,0.9,0.01,3000,75,500,1000,168,168,152,167,0.0560270063907916,0.1412643292836552,0.035642999714856,3.011298830909609,2.863166524094668,False,True,True,True,True,True,True,True,True,False,,True,22,4,3
Mono,cellstate,10,0.9,0.01,3000,75,1000,2000,169,169,164,169,0.043907749329371,0.2363530177282581,0.0704423781346858,6.828014933784164,2.430649478726402,False,True,True,True,True,True,True,True,True,False,,True,23,9,7
Mono,cellstate,10,0.9,0.01,3000,100,100,193,125,125,82,105,0.1586413440467495,0.0619544011544011,0.0124516129032258,0.1409032258064516,0.4952258064516129,False,True,True,True,True,True,True,True,True,False,,False,19,2,2
Mono,cellstate,10,0.9,0.01,3000,100,250,500,163,163,133,154,0.1244346874464353,0.0780140970541547,0.0189350905097326,1.2333939256229645,2.746648488979777,False,True,True,True,True,True,True,True,True,False,,True,22,4,3
Mono,cellstate,10,0.9,0.01,3000,100,500,1000,171,171,155,169,0.089106895887677,0.1345135719869959,0.0343997248022015,3.0092879256965945,2.860577915376677,False,True,True,True,True,True,True,True,True,False,,True,23,4,3
Mono,cellstate,10,0.9,0.01,3000,100,1000,2000,172,172,167,172,0.0612479194700297,0.2321282148363024,0.0679994560043519,6.634774921800625,2.463552291581667,False,True,True,True,True,True,True,True,True,False,,True,23,9,7
Mono,cellstate,10,0.9,0.01,4000,10,100,200,49,49,44,46,0.0281487080428879,0.229015945372488,0.0850340136054421,2.307823129251701,2.2835884353741496,False,True,False,False,True,False,False,False,True,False,,False,7,0,0
Mono,cellstate,10,0.9,0.01,4000,10,250,474,50,50,50,48,-0.0095488645807596,0.5122779477619956,0.193469387755102,5.608979591836735,2.024897959183673,False,True,False,False,True,False,False,False,True,False,,False,7,0,0
Mono,cellstate,10,0.9,0.01,4000,10,500,527,51,51,51,50,-0.00893671849566,0.5217891713902904,0.2066666666666666,6.312941176470588,1.964705882352941,False,True,False,False,True,False,False,False,True,False,,True,7,1,0
Mono,cellstate,10,0.9,0.01,4000,10,1000,505,50,50,50,48,-0.0143845474056306,0.5355217838382171,0.2061224489795918,5.958775510204082,1.9840816326530613,False,True,False,False,True,False,False,False,True,False,,False,7,0,0
Mono,cellstate,10,0.9,0.01,4000,25,100,199,88,88,71,84,0.050880434478318,0.0762896194714376,0.025992685475444,0.9597701149425288,2.920715778474399,False,True,True,True,True,False,False,True,True,False,,True,15,3,3
Mono,cellstate,10,0.9,0.01,4000,25,250,500,100,100,87,98,0.0236209683412604,0.1649252945421338,0.0505050505050505,2.717979797979798,2.521919191919192,False,True,True,True,True,False,False,True,True,False,,True,16,4,3
Mono,cellstate,10,0.9,0.01,4000,25,500,1000,100,100,97,100,0.0120836459295167,0.2929017163123645,0.101010101010101,6.07949494949495,2.27959595959596,False,True,True,True,True,False,False,True,True,False,,True,16,5,3
Mono,cellstate,10,0.9,0.01,4000,25,1000,2000,100,100,100,100,-0.003140799730162,0.5117498247385408,0.202020202020202,12.799090909090909,1.9370707070707072,False,True,True,True,True,False,False,True,True,False,,True,16,8,5
Mono,cellstate,10,0.9,0.01,4000,50,100,198,118,118,83,104,0.1309037581206655,0.0642623384148807,0.014341590612777,0.1874547298276112,0.6121251629726207,False,True,True,True,True,True,False,True,True,False,,True,17,2,2
Mono,cellstate,10,0.9,0.01,4000,50,250,500,145,145,120,140,0.0366961815410608,0.0938563579956119,0.0239463601532567,1.526197318007663,2.7829022988505745,False,True,True,True,True,True,True,True,True,False,,True,20,4,3
Mono,cellstate,10,0.9,0.01,4000,50,500,1000,148,148,139,147,0.0304021431190398,0.1691997845305045,0.0459643316786173,3.605901820187535,2.66689648832506,False,True,True,True,True,True,True,True,True,False,,True,21,5,3
Mono,cellstate,10,0.9,0.01,4000,50,1000,2000,146,146,144,146,0.0270582086642107,0.2850497418646486,0.0944733112895607,8.301983939537081,2.276995748700992,False,True,True,True,True,True,False,True,True,False,,True,19,5,3
Mono,cellstate,10,0.9,0.01,4000,75,100,194,119,119,77,102,0.1102976922416998,0.0868758225901083,0.0138156957698333,0.1620139581256231,0.5585386697051702,False,True,True,True,True,True,True,True,True,False,,False,19,2,2
Mono,cellstate,10,0.9,0.01,4000,75,250,498,157,157,121,149,0.08478891966759,0.0816881634247688,0.0203331700146986,1.1635636126081983,2.2397925853339866,False,True,True,True,True,True,True,True,True,False,,True,22,4,3
Mono,cellstate,10,0.9,0.01,4000,75,500,1000,168,168,151,167,0.0541126115517342,0.1509164074212372,0.035642999714856,3.0217065868263475,2.854398346164813,False,True,True,True,True,True,True,True,True,False,,True,22,4,3
Mono,cellstate,10,0.9,0.01,4000,75,1000,2000,169,169,166,169,0.0448880654991772,0.2278130053835675,0.0704423781346858,6.860594533671457,2.4605874894336432,False,True,True,True,True,True,True,True,True,False,,True,23,7,4
Mono,cellstate,10,0.9,0.01,4000,100,100,194,123,123,83,103,0.151491501907735,0.0816152230786377,0.0129281620685059,0.1369452219112355,0.4767426362788218,False,True,True,True,True,True,True,True,True,False,,False,19,2,2
Mono,cellstate,10,0.9,0.01,4000,100,250,500,161,161,130,154,0.1122757926700092,0.0882069928140346,0.0194099378881987,1.2053183229813664,2.537111801242236,False,True,True,True,True,True,True,True,True,False,,True,22,4,3
Mono,cellstate,10,0.9,0.01,4000,100,500,1000,171,171,156,169,0.0842804653472744,0.142456943978729,0.0343997248022015,2.9914688682490542,2.853732370141039,False,True,True,True,True,True,True,True,True,False,,True,23,4,3
Mono,cellstate,10,0.9,0.01,4000,100,1000,2000,172,172,168,172,0.0591636773557974,0.2286514963909593,0.0679994560043519,6.714232286141711,2.479940160478716,False,True,True,True,True,True,True,True,True,False,,True,23,9,7
Mono,cellstate,10,0.9,0.02,2000,10,100,200,46,46,41,46,0.0126337693222354,0.2490568610133827,0.0966183574879227,2.559903381642512,2.320772946859903,False,True,False,True,False,False,False,False,True,False,,False,7,1,1
Mono,cellstate,10,0.9,0.02,2000,10,250,466,47,47,46,46,0.0116835789227133,0.5451594666969033,0.215541165587419,6.352913968547641,1.8496762257169288,False,False,False,True,False,False,False,False,True,False,,False,7,1,0
Mono,cellstate,10,0.9,0.02,2000,10,500,519,47,47,47,47,0.0065829588979463,0.5850725598369899,0.2400555041628122,7.026827012025902,1.9176688251618872,False,False,False,True,False,False,False,False,True,False,,False,7,1,0
Mono,cellstate,10,0.9,0.02,2000,10,1000,527,48,48,48,48,0.0064877734804427,0.576561413811431,0.2335992907801418,6.963652482269503,1.928634751773049,False,False,False,True,False,False,False,False,True,False,,False,7,1,0
Mono,cellstate,10,0.9,0.02,2000,25,100,198,94,94,62,92,0.089310223754349,0.1104809493107365,0.0226492793411118,0.5950583390528483,2.5116678105696635,False,True,True,True,False,False,False,False,True,False,,True,11,1,0
Mono,cellstate,10,0.9,0.02,2000,25,250,500,104,104,91,103,0.0519987500062003,0.1663084807957228,0.0466766243465272,2.559932785660941,2.6185586258401794,False,True,True,True,False,False,False,True,True,False,,True,15,1,0
Mono,cellstate,10,0.9,0.02,2000,25,500,1000,100,100,97,100,0.0221478835560945,0.2655403780226045,0.101010101010101,6.390606060606061,2.223333333333333,False,True,True,True,False,False,False,True,True,False,,True,15,3,2
Mono,cellstate,10,0.9,0.02,2000,25,1000,2000,105,105,103,105,0.0032331454803821,0.439195754930689,0.1831501831501831,12.772802197802198,1.8932234432234432,False,True,True,True,False,False,False,True,True,False,,True,15,10,5
Mono,cellstate,10,0.9,0.02,2000,50,100,198,124,124,73,112,0.0822871686350767,0.0766961085509472,0.0129819040125885,0.1598478888014686,0.8159585628114345,False,True,True,True,True,True,False,False,True,False,,False,15,1,0
Mono,cellstate,10,0.9,0.02,2000,50,250,500,148,148,119,142,0.04799436114315,0.1267935058647132,0.0229821658393086,1.2884721456150028,2.9137709137709136,False,True,True,True,True,True,False,True,True,False,,True,20,1,0
Mono,cellstate,10,0.9,0.02,2000,50,500,1000,151,151,141,149,0.0488157640891958,0.1548599215586528,0.0441501103752759,3.713951434878587,2.7325386313465785,False,True,True,True,True,True,False,True,True,False,,True,19,2,2
Mono,cellstate,10,0.9,0.02,2000,50,1000,2000,153,153,151,153,0.0321827657913307,0.2591941804439642,0.0859993120055039,8.064413484692123,2.3298503611971104,False,True,True,True,True,True,False,True,True,False,,True,21,8,6
Mono,cellstate,10,0.9,0.02,2000,75,100,194,130,130,73,117,0.1016181620577225,0.0412881562881562,0.0115682766845557,0.1206917113893858,0.5406678592725105,False,True,True,True,True,True,True,False,True,False,,False,15,2,1
Mono,cellstate,10,0.9,0.02,2000,75,250,494,161,161,122,155,0.0675280763192851,0.1164552596734393,0.0191770186335403,1.0995729813664596,2.933307453416149,False,True,True,True,True,True,True,False,True,False,,True,20,2,1
Mono,cellstate,10,0.9,0.02,2000,75,500,983,167,167,154,164,0.0743269608301961,0.1415819589364554,0.0354592020777721,3.176538489286487,2.9010533150566338,False,True,True,True,True,True,True,True,True,False,,True,23,2,2
Mono,cellstate,10,0.9,0.02,2000,75,1000,1930,171,171,167,171,0.0534372980129688,0.2242862354510094,0.066391468868249,6.629927760577916,2.4499484004127967,False,True,True,True,True,True,True,True,True,False,,True,23,9,7
Mono,cellstate,10,0.9,0.02,2000,100,100,194,128,128,70,116,0.1391746283690974,0.0409617292429792,0.0119340551181102,0.1600024606299212,0.8569143700787402,False,True,True,True,True,True,True,False,True,False,,False,15,2,1
Mono,cellstate,10,0.9,0.02,2000,100,250,494,159,159,125,154,0.0806885817213564,0.1191105050942073,0.0196640394873019,1.2049199904466206,3.092906615715309,False,True,True,True,True,True,True,True,True,False,,True,21,2,1
Mono,cellstate,10,0.9,0.02,2000,100,500,983,171,171,154,168,0.0807705673897721,0.1337136412747815,0.0338149294805641,2.981217750257998,2.796078431372549,False,True,True,True,True,True,True,True,True,False,,True,22,5,4
Mono,cellstate,10,0.9,0.02,2000,100,1000,1929,171,171,167,171,0.0622926082263998,0.2233800061127447,0.0663570691434468,6.632610939112487,2.4738218094255244,False,True,True,True,True,True,True,True,True,False,,True,23,9,7
Mono,cellstate,10,0.9,0.02,3000,10,100,200,48,48,40,48,0.0261593341260404,0.2602063294998077,0.0886524822695035,2.2881205673758864,2.109485815602837,False,False,False,True,False,False,False,False,True,False,,False,6,1,0
Mono,cellstate,10,0.9,0.02,3000,10,250,500,48,48,47,48,0.0124335678910102,0.5056745590178603,0.2216312056737588,6.914893617021277,1.9095744680851063,False,True,False,True,False,False,False,False,True,False,,False,7,1,1
Mono,cellstate,10,0.9,0.02,3000,10,500,638,48,48,48,48,0.0020242214532871,0.6420501452353485,0.2828014184397163,8.597517730496454,1.81781914893617,False,False,False,True,False,False,False,False,True,False,,False,6,1,0
Mono,cellstate,10,0.9,0.02,3000,10,1000,690,48,48,48,48,0.0036118725037199,0.6625933123664329,0.3058510638297872,9.66799645390071,1.7823581560283688,False,True,False,True,False,False,False,False,True,False,,False,7,1,1
Mono,cellstate,10,0.9,0.02,3000,25,100,200,92,92,70,87,0.0804821037253469,0.0718269049790788,0.0238891543239369,0.6478738652651697,2.6429765886287626,False,True,True,True,True,False,False,False,True,False,,True,14,0,0
Mono,cellstate,10,0.9,0.02,3000,25,250,500,102,102,91,102,0.0559331154336734,0.1663442834609287,0.048534265191225,2.599495243642011,2.894292370413512,False,True,True,True,False,False,False,True,True,False,,True,14,3,1
Mono,cellstate,10,0.9,0.02,3000,25,500,1000,100,100,96,100,0.0466042880640926,0.2518592781049599,0.101010101010101,6.392929292929293,2.1935353535353537,False,True,True,True,True,False,False,True,True,False,,True,16,3,2
Mono,cellstate,10,0.9,0.02,3000,25,1000,2000,103,103,103,103,0.005090168901214,0.4283047431536536,0.1903674090995621,13.502855511136492,1.9208071578145824,False,True,True,True,False,False,False,True,True,False,,True,15,10,6
Mono,cellstate,10,0.9,0.02,3000,50,100,197,123,123,82,97,0.0114101060939689,0.0474894121235584,0.0131280821004931,0.1378781820605091,0.5705717712914834,False,True,True,True,True,True,False,False,True,False,,True,15,0,0
Mono,cellstate,10,0.9,0.02,3000,50,250,500,146,146,114,141,0.0645633926904126,0.1164192270754254,0.0236183278223901,1.351629664619745,3.1531884742560226,False,True,True,True,True,True,False,True,True,False,,True,20,2,1
Mono,cellstate,10,0.9,0.02,3000,50,500,1000,152,152,142,152,0.0438565072681997,0.1579696431735249,0.043569187870338,3.627962704775183,2.821802021610317,False,True,True,True,True,True,False,True,True,False,,True,21,5,3
Mono,cellstate,10,0.9,0.02,3000,50,1000,2000,150,150,148,150,0.0333028696041855,0.2460291728317543,0.0894854586129754,8.534049217002238,2.287606263982103,False,True,True,True,True,True,False,True,True,False,,True,20,4,3
Mono,cellstate,10,0.9,0.02,3000,75,100,192,113,113,69,99,0.0778845853749883,0.0978459593503841,0.0151706700379266,0.1157553729456384,0.4156921618204804,False,True,True,True,True,True,True,False,True,False,,False,14,1,0
Mono,cellstate,10,0.9,0.02,3000,75,250,499,161,161,119,154,0.0913227398704128,0.1058703631034532,0.0193711180124223,1.158967391304348,3.2402950310559007,False,True,True,True,True,True,True,False,True,False,,True,20,2,1
Mono,cellstate,10,0.9,0.02,3000,75,500,1000,169,169,149,168,0.0720204528853177,0.1268203789188558,0.0352211890673429,3.046245421245421,2.789377289377289,False,True,True,True,True,True,True,True,True,False,,True,23,3,2
Mono,cellstate,10,0.9,0.02,3000,75,1000,2000,174,174,167,174,0.067602927378495,0.2003432473241248,0.0664407680552787,6.768852567935685,2.4109029300378717,False,True,True,True,True,True,True,True,True,False,,True,23,8,6
Mono,cellstate,10,0.9,0.02,3000,100,100,191,110,110,69,100,0.0893037495265749,0.0865987800078709,0.015929941618015,0.1281901584653878,0.498999165971643,False,True,True,True,True,True,True,False,True,False,,False,14,1,0
Mono,cellstate,10,0.9,0.02,3000,100,250,494,164,164,122,157,0.1068690776589785,0.0968205307743176,0.0184797246745473,1.0868995959898249,3.636353434086488,False,True,True,True,True,True,True,False,True,False,,True,21,2,1
Mono,cellstate,10,0.9,0.02,3000,100,500,1000,171,171,152,170,0.0676300430686375,0.1293542387984627,0.0343997248022015,2.9676298589611285,2.755899552803577,False,True,True,True,True,True,True,True,True,False,,True,23,3,2
Mono,cellstate,10,0.9,0.02,3000,100,1000,2000,172,172,167,172,0.0610101615939694,0.1993506084134509,0.0679994560043519,6.991296069631443,2.4321025431796546,False,True,True,True,True,True,True,True,True,False,,True,23,4,3
Mono,cellstate,10,0.9,0.02,4000,10,100,200,47,47,38,47,0.0412557055763031,0.2762041843447949,0.0925069380203515,2.334412580943571,2.009713228492137,False,False,False,True,False,False,False,False,True,False,,False,6,1,0
Mono,cellstate,10,0.9,0.02,4000,10,250,500,47,47,47,47,0.0100952758554402,0.5106355051169981,0.2312673450508788,7.071230342275671,1.92368177613321,False,False,False,True,False,False,False,False,True,False,,False,6,1,0
Mono,cellstate,10,0.9,0.02,4000,10,500,702,47,47,47,47,0.0048785050409577,0.6826583876568624,0.3246993524514338,9.95282146160962,1.742368177613321,False,False,False,True,False,False,False,False,True,False,,False,6,1,0
Mono,cellstate,10,0.9,0.02,4000,10,1000,719,47,47,47,47,0.0035319526180775,0.6862229973399372,0.3325624421831637,10.270120259019428,1.7312673450508789,False,False,False,True,False,False,False,False,True,False,,False,6,1,0
Mono,cellstate,10,0.9,0.02,4000,25,100,199,93,93,62,89,0.1245896982704204,0.1108093220996446,0.0232585320243104,0.4922861150070126,1.8155680224403927,False,True,True,True,False,False,False,False,True,False,,True,11,2,1
Mono,cellstate,10,0.9,0.02,4000,25,250,500,98,98,87,97,0.0511185185185185,0.1490576387064982,0.0525983589312013,2.814222596254997,2.602356406480118,False,True,True,True,True,False,False,True,True,False,,True,15,2,1
Mono,cellstate,10,0.9,0.02,4000,25,500,1000,101,101,98,101,0.0455797119107746,0.2365327945761115,0.099009900990099,6.400891089108911,2.293069306930693,False,True,True,True,True,False,False,True,True,False,,True,16,3,2
Mono,cellstate,10,0.9,0.02,4000,25,1000,2000,101,101,101,101,0.0150887572965598,0.4441988045675027,0.198019801980198,13.67059405940594,1.925643564356436,False,True,True,True,True,False,False,True,True,False,,True,16,9,4
Mono,cellstate,10,0.9,0.02,4000,50,100,191,118,118,70,104,0.0987350561526385,0.0660597876699571,0.0138345646820223,0.0784441547153411,0.2256265391858612,False,False,True,True,True,True,False,False,True,False,,True,16,0,0
Mono,cellstate,10,0.9,0.02,4000,50,250,500,151,151,115,143,0.0640743883602524,0.0990824344339608,0.0220750551876379,1.2050772626931567,2.7255187637969094,False,True,True,True,True,True,False,True,True,False,,True,20,2,1
Mono,cellstate,10,0.9,0.02,4000,50,500,1000,152,152,143,150,0.0288562355046786,0.1440749645728795,0.043569187870338,3.6222115719762975,2.7693882886023005,False,True,True,True,True,True,False,True,True,False,,True,20,3,2
Mono,cellstate,10,0.9,0.02,4000,50,1000,2000,152,152,150,152,0.0289415902879367,0.2448380345789701,0.0871383757406761,8.280803415824328,2.3164430115022654,False,True,True,True,True,True,False,True,True,False,,True,20,4,3
Mono,cellstate,10,0.9,0.02,4000,75,100,197,124,124,76,107,0.0861943024105186,0.0842549923195084,0.0129163388408077,0.0943482821924993,0.3261211644374508,False,True,True,True,True,True,True,False,True,False,,True,18,1,0
Mono,cellstate,10,0.9,0.02,4000,75,250,500,162,162,126,155,0.0819963538991003,0.0923420070206562,0.0191703090253814,1.067901234567901,2.6430871865654475,False,True,True,True,True,True,True,True,True,False,,True,20,1,1
Mono,cellstate,10,0.9,0.02,4000,75,500,1000,171,171,156,169,0.0760753224068615,0.1210543956815645,0.0343997248022015,2.9855177158582733,2.9763329893360853,False,True,True,True,True,True,True,True,True,False,,True,22,4,2
Mono,cellstate,10,0.9,0.02,4000,75,1000,2000,173,173,168,173,0.0653526298378096,0.2013202368195554,0.0672133351256889,7.004268046780481,2.427476811399381,False,True,True,True,True,True,True,True,True,False,,True,23,8,6
Mono,cellstate,10,0.9,0.02,4000,100,100,196,123,123,76,106,0.1018874054820415,0.0760743321718931,0.0130614420898307,0.1024923363987738,0.3685858989737438,False,True,True,True,True,True,True,False,True,False,,True,18,1,0
Mono,cellstate,10,0.9,0.02,4000,100,250,499,164,164,116,157,0.1007519879607609,0.0870952049305707,0.0186667664222654,1.058095166841239,2.6962816100553644,False,True,True,True,True,True,True,True,True,False,,True,22,3,2
Mono,cellstate,10,0.9,0.02,4000,100,500,1000,174,174,158,172,0.0866764280434452,0.1230459171978505,0.0332203840276393,2.918576838748256,2.9678758886452727,False,True,True,True,True,True,True,True,True,False,,True,22,4,2
Mono,cellstate,10,0.9,0.02,4000,100,1000,2000,172,172,169,172,0.0643136410545775,0.198910406253639,0.0679994560043519,7.090235278117775,2.4699442404460763,False,True,True,True,True,True,True,True,True,False,,True,23,4,3
Mono,cellstate,10,0.9,0.03,2000,10,100,200,45,45,43,45,0.0458157932936565,0.2433499833499834,0.101010101010101,2.9363636363636365,2.4045454545454548,False,False,False,True,False,False,False,False,True,False,,True,8,1,0
Mono,cellstate,10,0.9,0.03,2000,10,250,480,46,46,46,46,0.0052524142795138,0.5481533754652468,0.2318840579710145,6.961835748792271,1.9507246376811596,False,False,False,True,False,False,False,False,True,False,,True,8,4,0
Mono,cellstate,10,0.9,0.03,2000,10,500,594,47,47,47,47,-0.0026929114841202,0.623337038712831,0.274745605920444,8.222016651248843,1.8302497687326549,False,False,False,True,False,False,False,False,True,False,,True,8,5,0
Mono,cellstate,10,0.9,0.03,2000,10,1000,593,47,47,47,47,-0.0022341788119311,0.6216632566471912,0.2742830712303423,8.204902867715079,1.83163737280296,False,False,False,True,False,False,False,False,True,False,,True,8,5,0
Mono,cellstate,10,0.9,0.03,2000,25,100,200,93,93,65,87,0.065799853907962,0.103899982932241,0.0233754090696587,0.7516362786348761,2.697054698457223,False,True,True,True,False,False,False,False,True,False,,True,13,1,0
Mono,cellstate,10,0.9,0.03,2000,25,250,500,98,98,90,98,0.0831928063283857,0.1762891138513011,0.0525983589312013,2.974647590995161,2.828318956448559,False,True,True,True,False,False,False,False,True,False,,True,14,3,2
Mono,cellstate,10,0.9,0.03,2000,25,500,1000,97,97,95,97,0.0422347876624077,0.2907508474061276,0.1073883161512027,6.542203608247423,2.268685567010309,False,True,True,True,False,False,False,False,True,False,,True,14,5,2
Mono,cellstate,10,0.9,0.03,2000,25,1000,2000,98,98,98,98,0.0192213609568229,0.4870416154874671,0.2103934357248054,13.820429202608878,1.893856511676836,False,True,True,True,False,False,False,False,True,False,,True,14,8,4
Mono,cellstate,10,0.9,0.03,2000,50,100,198,112,112,66,105,0.0688466927850381,0.0771229106444442,0.0159266409266409,0.3061454311454311,1.4625965250965252,False,True,True,True,True,True,False,False,True,False,,True,16,0,0
Mono,cellstate,10,0.9,0.03,2000,50,250,500,149,149,112,147,0.0515940844233056,0.1246211196252978,0.0226736803918011,1.3518955196807545,2.703564302557591,False,True,True,True,True,True,False,True,True,False,,True,18,2,1
Mono,cellstate,10,0.9,0.03,2000,50,500,1000,152,152,138,152,0.0483080492048472,0.1516152256036953,0.043569187870338,3.656849076333217,2.763637155803416,False,True,True,True,True,True,False,True,True,False,,True,20,3,2
Mono,cellstate,10,0.9,0.03,2000,50,1000,2000,152,152,148,152,0.02498573278815,0.2538424262181567,0.0871383757406761,8.047272568839317,2.2679940745904497,False,True,True,True,True,True,False,True,True,False,,True,20,7,4
Mono,cellstate,10,0.9,0.03,2000,75,100,197,122,122,75,106,0.1549946833648393,0.0581957124628291,0.0133450751930632,0.2096599376778214,1.1711150250643545,False,True,True,True,True,True,True,False,True,False,,False,17,2,2
Mono,cellstate,10,0.9,0.03,2000,75,250,498,167,167,125,164,0.1317511704815696,0.0990120724820593,0.0179640718562874,1.142377894812784,2.866171271914004,False,True,True,True,True,True,True,True,True,False,,True,22,5,4
Mono,cellstate,10,0.9,0.03,2000,75,500,995,172,172,152,171,0.1050658133075716,0.1329912177744157,0.0338297293621651,3.065925472596219,2.824017407860737,False,True,True,True,True,True,True,True,True,False,,True,23,6,5
Mono,cellstate,10,0.9,0.03,2000,75,1000,1991,172,172,164,172,0.0613259058199722,0.2284360022923514,0.0676934584523323,6.790425676594587,2.388344893240854,False,True,True,True,True,True,True,True,True,False,,True,23,9,7
Mono,cellstate,10,0.9,0.03,2000,100,100,194,124,124,75,109,0.159645061728395,0.0475121060154267,0.0127196433254655,0.2130212431156569,1.2490820875950694,False,True,True,True,True,True,True,False,True,False,,True,17,2,2
Mono,cellstate,10,0.9,0.03,2000,100,250,498,168,168,129,164,0.1507538277018796,0.0962810876814636,0.0177502138579982,1.120794126033647,2.8065654405474767,False,True,True,True,True,True,True,True,True,False,,True,22,5,4
Mono,cellstate,10,0.9,0.03,2000,100,500,995,172,172,153,171,0.1307981897504281,0.1311472496496119,0.0338297293621651,3.04141166870665,2.746770025839793,False,True,True,True,True,True,True,True,True,False,,True,23,6,5
Mono,cellstate,10,0.9,0.03,2000,100,1000,1989,172,172,165,172,0.0804265689694047,0.2316700980594657,0.067625458996328,6.7945396436828505,2.409968720250238,False,True,True,True,True,True,True,True,True,False,,True,23,9,7
Mono,cellstate,10,0.9,0.03,3000,10,100,200,44,44,38,44,0.0202723994257904,0.2886626630944812,0.1057082452431289,2.733615221987315,2.2241014799154333,False,False,False,True,False,False,False,False,True,False,,True,8,1,0
Mono,cellstate,10,0.9,0.03,3000,10,250,500,45,45,44,45,-0.0094945477159517,0.5738630675320963,0.2525252525252525,7.510606060606061,1.8227272727272728,False,False,False,False,False,False,False,False,True,False,,True,7,2,0
Mono,cellstate,10,0.9,0.03,3000,10,500,612,45,45,45,45,-0.0104595061332763,0.6587786758801414,0.3090909090909091,9.024242424242424,1.7742424242424242,False,False,False,False,False,False,False,False,True,False,,True,7,2,0
Mono,cellstate,10,0.9,0.03,3000,10,1000,613,45,45,45,45,-0.0086947426516405,0.6631366922546955,0.3095959595959596,9.030303030303031,1.7737373737373738,False,False,False,False,False,False,False,False,True,False,,True,7,2,0
Mono,cellstate,10,0.9,0.03,3000,25,100,200,92,92,63,86,0.0538619920501015,0.1033840874953407,0.0238891543239369,0.4779025322503583,1.5997372193024366,False,True,True,True,False,False,False,False,True,False,,True,13,1,0
Mono,cellstate,10,0.9,0.03,3000,25,250,500,101,101,86,101,0.0741214187160133,0.1492720819048869,0.0495049504950495,2.575841584158416,2.548019801980198,False,True,True,True,False,False,False,False,True,False,,True,15,1,0
Mono,cellstate,10,0.9,0.03,3000,25,500,1000,102,102,99,102,0.0501305919114552,0.2657007268390284,0.09706853038245,6.238788584740827,2.3564356435643563,False,True,True,True,False,False,False,False,True,False,,True,15,2,1
Mono,cellstate,10,0.9,0.03,3000,25,1000,2000,102,102,102,102,0.0166684355321371,0.4298333199943722,0.1941370607649,13.575810522228691,1.9268103280916329,False,True,True,True,False,False,False,False,True,False,,True,15,7,4
Mono,cellstate,10,0.9,0.03,3000,50,100,200,125,125,73,114,0.0617675781249999,0.0861714285714285,0.0129032258064516,0.1127096774193548,0.4098064516129032,False,True,True,True,True,True,False,True,True,False,,True,17,0,0
Mono,cellstate,10,0.9,0.03,3000,50,250,500,150,150,112,146,0.062539480529132,0.1270406196563059,0.0223713646532438,1.2004921700223714,2.468635346756152,False,True,True,True,True,True,False,True,True,False,,True,20,1,0
Mono,cellstate,10,0.9,0.03,3000,50,500,991,150,150,141,150,0.0515907407407407,0.1569703286102586,0.0443400447427293,3.734630872483221,2.917673378076062,False,True,True,True,True,True,False,True,True,False,,True,19,1,0
Mono,cellstate,10,0.9,0.03,3000,50,1000,2000,153,153,153,153,0.0341955470578913,0.2324342472641994,0.0859993120055039,8.423675610595115,2.367690058479532,False,True,True,True,True,True,False,True,True,False,,True,20,3,1
Mono,cellstate,10,0.9,0.03,3000,75,100,198,126,126,77,108,0.1591274238227147,0.0621023156737442,0.0125714285714285,0.0728253968253968,0.2055238095238095,False,True,True,True,True,True,True,False,True,False,,True,19,1,0
Mono,cellstate,10,0.9,0.03,3000,75,250,499,163,163,118,159,0.1343851023235635,0.1149241973752038,0.0188972203287131,1.091570097705067,2.684995834280088,False,True,True,True,True,True,True,True,True,False,,True,22,2,1
Mono,cellstate,10,0.9,0.03,3000,75,500,988,171,171,155,169,0.1089370094815522,0.1362075324539592,0.0339869281045751,3.0591331269349844,2.9798761609907123,False,True,True,True,True,True,True,True,True,False,,True,23,6,5
Mono,cellstate,10,0.9,0.03,3000,75,1000,2000,172,172,169,172,0.0748871382895292,0.2040564100511901,0.0679994560043519,7.289745682034543,2.468686250509996,False,True,True,True,True,True,True,True,True,False,,True,23,9,6
Mono,cellstate,10,0.9,0.03,3000,100,100,198,128,128,78,112,0.2135769304569502,0.0625642586580086,0.0121801181102362,0.0626845472440944,0.1727362204724409,False,True,True,True,True,True,True,True,True,False,,True,19,1,0
Mono,cellstate,10,0.9,0.03,3000,100,250,499,165,165,120,161,0.1795490808185917,0.1178529865684015,0.018440502586844,1.059830007390983,2.750591278640059,False,True,True,True,True,True,True,True,True,False,,True,23,2,1
Mono,cellstate,10,0.9,0.03,3000,100,500,1000,173,173,155,171,0.1345453447651249,0.134015205340217,0.0336066675628444,3.0457722812205943,2.9402137384057,False,True,True,True,True,True,True,True,True,False,,True,23,6,5
Mono,cellstate,10,0.9,0.03,3000,100,1000,2000,173,173,171,173,0.0984525342686491,0.2032629778520648,0.0672133351256889,7.232390106197069,2.501848366715957,False,True,True,True,True,True,True,True,True,False,,True,23,9,6
Mono,cellstate,10,0.9,0.03,4000,10,100,200,45,45,42,45,0.0509904002163331,0.2582734068286184,0.101010101010101,2.765151515151515,2.491919191919192,False,False,False,True,False,False,False,False,True,False,,True,8,3,0
Mono,cellstate,10,0.9,0.03,4000,10,250,500,45,45,44,45,0.005397590969925,0.5423699069812155,0.2525252525252525,7.657070707070707,1.8146464646464648,False,False,False,True,False,False,False,False,True,False,,True,8,4,0
Mono,cellstate,10,0.9,0.03,4000,10,500,728,45,45,45,45,-0.01411285773685,0.7306872170547158,0.3676767676767676,11.015151515151516,1.6707070707070708,False,False,False,True,False,False,False,False,True,False,,True,8,5,0
Mono,cellstate,10,0.9,0.03,4000,10,1000,729,45,45,45,45,-0.0141377937076861,0.7315120030723182,0.3681818181818181,11.027272727272727,1.6702020202020202,False,False,False,True,False,False,False,False,True,False,,True,8,5,0
Mono,cellstate,10,0.9,0.03,4000,25,100,200,96,96,61,91,0.0521447566192623,0.095585144022644,0.0219298245614035,0.2589912280701754,0.862390350877193,False,True,True,True,True,False,False,False,True,False,,True,14,1,0
Mono,cellstate,10,0.9,0.03,4000,25,250,500,102,102,84,102,0.0763135802469135,0.1656664077285172,0.048534265191225,2.5682391768588624,2.6461852067559697,False,True,True,True,True,False,False,False,True,False,,True,16,1,0
Mono,cellstate,10,0.9,0.03,4000,25,500,1000,102,102,99,102,0.0535071549405854,0.2612446860913476,0.09706853038245,6.331003688604155,2.3445932828576974,False,True,True,True,True,False,False,False,True,False,,True,16,4,2
Mono,cellstate,10,0.9,0.03,4000,25,1000,2000,103,103,103,103,0.019508778020234,0.411423886954264,0.1903674090995621,13.570531125071389,1.9449838187702264,False,True,True,True,True,False,False,False,True,False,,True,16,9,5
Mono,cellstate,10,0.9,0.03,4000,50,100,195,123,123,73,107,0.0864051016614716,0.0982769675240513,0.0129948020791683,0.0907636945221911,0.3242036518725843,False,True,True,True,True,True,False,True,True,False,,True,17,1,0
Mono,cellstate,10,0.9,0.03,4000,50,250,500,149,149,111,147,0.0576429101052185,0.1067110925896695,0.0226736803918011,1.160348267730818,2.594005078904408,False,True,True,True,True,True,False,True,True,False,,True,19,2,1
Mono,cellstate,10,0.9,0.03,4000,50,500,1000,152,152,137,152,0.0525643348061168,0.1677500678205441,0.043569187870338,3.727866852561868,2.760500174276752,False,True,True,True,True,True,False,True,True,False,,True,20,2,1
Mono,cellstate,10,0.9,0.03,4000,50,1000,2000,152,152,151,152,0.0287826575735638,0.2265666906359681,0.0871383757406761,8.45752004182642,2.356178110840014,False,True,True,True,True,True,False,True,True,False,,True,20,5,3
Mono,cellstate,10,0.9,0.03,4000,75,100,197,129,129,76,113,0.1789563562050334,0.0883329418213139,0.0119307170542635,0.052688953488372,0.1256661821705426,False,True,True,True,True,True,True,False,True,False,,True,17,1,0
Mono,cellstate,10,0.9,0.03,4000,75,250,499,168,168,124,162,0.1433612494341331,0.089339980376522,0.0177858568577131,0.9431494154548048,2.8894710578842315,False,True,True,True,True,True,True,True,True,False,,True,23,3,2
Mono,cellstate,10,0.9,0.03,4000,75,500,1000,173,173,151,173,0.0991400161246976,0.1390557293953066,0.0336066675628444,3.03710176098938,2.8737061432988305,False,True,True,True,True,True,True,True,True,False,,True,23,7,6
Mono,cellstate,10,0.9,0.03,4000,75,1000,2000,173,173,169,173,0.0673587713089265,0.1938635501271001,0.0672133351256889,7.1926334184702245,2.494656539857508,False,True,True,True,True,True,True,True,True,False,,True,23,8,6
Mono,cellstate,10,0.9,0.03,4000,100,100,194,128,128,74,113,0.2008035611053301,0.0896383526648472,0.0119340551181102,0.0532726377952755,0.1299212598425196,False,True,True,True,True,True,True,True,True,False,,True,18,1,0
Mono,cellstate,10,0.9,0.03,4000,100,250,499,167,167,123,160,0.1561185714092525,0.1081267688770813,0.0180001442897337,0.949534665608542,2.7846114998917826,False,True,True,True,True,True,True,True,True,False,,True,23,2,1
Mono,cellstate,10,0.9,0.03,4000,100,500,1000,173,173,150,172,0.1372238563337846,0.1424543213815106,0.0336066675628444,3.0247681139938165,2.813550208361339,False,True,True,True,True,True,True,True,True,False,,True,23,6,5
Mono,cellstate,10,0.9,0.03,4000,100,1000,2000,173,173,169,173,0.0870626543209876,0.1914280218162525,0.0672133351256889,7.177140744723753,2.505141820137115,False,True,True,True,True,True,True,True,True,False,,True,23,8,6
Mono,cellstate,5,0.5,0.005,2000,10,100,200,45,45,42,43,-0.0074326026706979,0.3234804798839886,0.101010101010101,2.347979797979798,2.2782828282828285,False,True,False,False,False,False,False,False,True,False,,False,7,0,0
Mono,cellstate,5,0.5,0.005,2000,10,250,326,45,45,45,43,-0.0030302684441197,0.5098263872541524,0.1646464646464646,3.891919191919192,2.148989898989899,False,True,False,False,False,False,False,False,True,False,,False,7,1,1
Mono,cellstate,5,0.5,0.005,2000,10,500,326,45,45,45,43,-0.0030302684441197,0.5098263872541524,0.1646464646464646,3.891919191919192,2.148989898989899,False,True,False,False,False,False,False,False,True,False,,False,7,1,0
Mono,cellstate,5,0.5,0.005,2000,10,1000,350,47,47,47,46,-0.0065478515625,0.4752057701264409,0.1618871415356151,3.9699352451433856,2.286308973172988,False,True,False,False,False,False,False,False,True,False,,False,6,1,0
Mono,cellstate,5,0.5,0.005,2000,25,100,200,93,93,68,90,0.0620083102493074,0.0959890766342379,0.0233754090696587,0.8591631603553063,2.7427536231884058,False,True,True,True,True,True,False,True,True,False,,True,16,2,2
Mono,cellstate,5,0.5,0.005,2000,25,250,500,94,94,85,94,0.0333170934478766,0.229408213499791,0.0571951498512926,2.781628917867765,2.477693891557996,False,True,True,True,True,True,False,True,True,False,,True,16,2,2
Mono,cellstate,5,0.5,0.005,2000,25,500,1000,95,95,91,95,0.0105419922790052,0.3578195625828002,0.1119820828667413,6.126091825307951,2.2260918253079507,False,True,True,True,True,True,False,True,True,False,,True,16,3,2
Mono,cellstate,5,0.5,0.005,2000,25,1000,1482,95,95,95,95,-0.0019096680775228,0.4955423372307559,0.1659574468085106,9.149608062709966,2.1147816349384096,False,True,True,True,True,True,False,True,True,False,,True,16,8,5
Mono,cellstate,5,0.5,0.005,2000,50,100,196,111,111,79,103,0.0618129985471889,0.0783891033891034,0.016052416052416,0.4253890253890254,1.8141687141687144,False,True,False,True,True,True,True,False,True,False,,False,15,1,1
Mono,cellstate,5,0.5,0.005,2000,50,250,500,144,144,113,142,0.0183570592698327,0.1249411861943555,0.0242812742812742,1.5876068376068375,3.039432789432789,False,True,True,True,True,True,True,True,True,False,,True,19,2,2
Mono,cellstate,5,0.5,0.005,2000,50,500,1000,148,148,134,148,0.0159269507349079,0.1928995702753389,0.0459643316786173,3.658485015627873,2.700036771465343,False,True,True,True,True,True,True,True,True,False,,True,19,2,2
Mono,cellstate,5,0.5,0.005,2000,50,1000,2000,150,150,146,150,0.0025362250084333,0.3048290112031941,0.0894854586129754,7.600939597315437,2.333601789709172,False,True,True,True,True,True,True,True,True,False,,True,20,5,2
Mono,cellstate,5,0.5,0.005,2000,75,100,192,116,116,80,103,0.0713489090337156,0.0636469373538339,0.0143928035982009,0.3833583208395802,1.7464767616191903,False,True,False,True,True,True,True,False,True,False,,False,16,1,1
Mono,cellstate,5,0.5,0.005,2000,75,250,500,162,162,128,157,0.011188614165699,0.1119279285326299,0.0191703090253814,1.359098228663446,3.4408020857296218,False,True,True,True,True,True,True,True,True,False,,True,23,2,2
Mono,cellstate,5,0.5,0.005,2000,75,500,1000,169,169,148,166,0.0221310614485214,0.1528035234832176,0.0352211890673429,3.0615666384897158,2.697872640180333,False,True,True,True,True,True,True,True,True,False,,True,23,2,2
Mono,cellstate,5,0.5,0.005,2000,75,1000,2000,171,171,169,171,0.0119695973312681,0.2647502601540665,0.0687994496044031,6.44124527003784,2.5694186446508427,False,True,True,True,True,True,True,True,True,False,,True,24,3,3
Mono,cellstate,5,0.5,0.005,2000,100,100,192,117,117,80,103,0.0512453887729131,0.0692384775718108,0.0141467727674624,0.3726053639846743,1.7431476569407605,False,True,False,True,True,True,True,False,True,False,,False,16,1,1
Mono,cellstate,5,0.5,0.005,2000,100,250,500,162,162,129,157,0.0277580937094461,0.1170384913966955,0.0191703090253814,1.3564910666359942,3.4407254044935205,False,True,True,True,True,True,True,True,True,False,,True,23,2,2
Mono,cellstate,5,0.5,0.005,2000,100,500,1000,169,169,148,167,0.0284357367076656,0.1520205595907834,0.0352211890673429,3.046245421245421,2.699316708932093,False,True,True,True,True,True,True,True,True,False,,True,23,2,2
Mono,cellstate,5,0.5,0.005,2000,100,1000,2000,171,171,169,171,0.0098839329221718,0.2642791988243205,0.0687994496044031,6.4490884072927415,2.567939456484348,False,True,True,True,True,True,True,True,True,False,,True,24,3,3
Mono,cellstate,5,0.5,0.005,3000,10,100,200,46,46,43,45,-0.0043111894963746,0.3204788981676853,0.0966183574879227,2.367632850241546,2.4855072463768115,False,True,False,False,False,False,False,False,True,False,,False,7,0,0
Mono,cellstate,5,0.5,0.005,3000,10,250,331,46,46,46,45,-0.0045166666666666,0.509619443988608,0.159903381642512,3.878743961352657,2.353140096618357,False,True,False,False,False,False,False,False,True,False,,False,7,1,1
Mono,cellstate,5,0.5,0.005,3000,10,500,350,47,47,47,46,-0.0065478515625,0.4752057701264409,0.1618871415356151,3.9699352451433856,2.286308973172988,False,True,False,False,False,False,False,False,True,False,,False,6,1,0
Mono,cellstate,5,0.5,0.005,3000,10,1000,331,46,46,46,45,-0.0045166666666666,0.509619443988608,0.159903381642512,3.878743961352657,2.353140096618357,False,True,False,False,False,False,False,False,True,False,,False,7,1,0
Mono,cellstate,5,0.5,0.005,3000,25,100,200,91,91,69,87,0.0476315789473684,0.0601303458446315,0.0244200244200244,0.967887667887668,2.9384615384615387,False,True,True,True,True,True,False,True,True,False,,True,15,1,1
Mono,cellstate,5,0.5,0.005,3000,25,250,500,95,95,86,95,0.0217114960715106,0.220035072167868,0.0559910414333706,2.7750279955207167,2.5569988801791714,False,True,True,True,True,True,False,True,True,False,,True,16,2,2
Mono,cellstate,5,0.5,0.005,3000,25,500,1000,96,96,92,96,0.0059018053603479,0.3471937319080225,0.1096491228070175,6.05296052631579,2.2474780701754384,False,True,True,True,True,True,False,True,True,False,,True,16,2,2
Mono,cellstate,5,0.5,0.005,3000,25,1000,1518,96,96,96,96,-0.0026327110770668,0.4901882581449182,0.1664473684210526,9.278399122807018,2.114144736842105,False,True,True,True,True,True,False,True,True,False,,True,16,8,4
Mono,cellstate,5,0.5,0.005,3000,50,100,197,113,113,77,103,0.0643988715277777,0.0661456291987265,0.0155657395701643,0.4074747155499368,1.737594816687737,False,True,False,True,True,True,True,True,True,False,,False,16,1,1
Mono,cellstate,5,0.5,0.005,3000,50,250,500,143,143,115,141,0.0188778725100626,0.1308374522777516,0.0246232640598837,1.6078006500541713,3.049197281591648,False,True,True,True,True,True,True,True,True,False,,True,18,2,2
Mono,cellstate,5,0.5,0.005,3000,50,500,1000,148,148,132,148,0.0128593400493807,0.1898366327704664,0.0459643316786173,3.636605993748851,2.6352270637984923,False,True,True,True,True,True,True,True,True,False,,True,19,2,2
Mono,cellstate,5,0.5,0.005,3000,50,1000,2000,150,150,146,150,0.0009918232231779,0.3001351278131751,0.0894854586129754,7.606129753914989,2.33579418344519,False,True,True,True,True,True,True,True,True,False,,True,20,5,2
Mono,cellstate,5,0.5,0.005,3000,75,100,194,117,117,81,102,0.068265166148764,0.074379632712966,0.0142941349837901,0.4434865900383142,2.3088712054229297,False,True,False,True,True,True,True,False,True,False,,False,16,1,1
Mono,cellstate,5,0.5,0.005,3000,75,250,500,162,162,128,157,0.0223025237347175,0.1310177443525608,0.0191703090253814,1.355225826240319,3.440495360785216,False,True,True,True,True,True,True,True,True,False,,True,23,2,2
Mono,cellstate,5,0.5,0.005,3000,75,500,1000,169,169,149,166,0.0172815356629092,0.1512210365461269,0.0352211890673429,3.0577627500704425,2.714673147365455,False,True,True,True,True,True,True,True,True,False,,True,23,2,2
Mono,cellstate,5,0.5,0.005,3000,75,1000,2000,171,171,168,171,0.0126030094447114,0.2563978298293637,0.0687994496044031,6.428070175438597,2.5516339869281044,False,True,True,True,True,True,True,True,True,False,,True,24,3,3
Mono,cellstate,5,0.5,0.005,3000,100,100,192,116,116,79,102,0.0596242386113414,0.0658123724934069,0.0143928035982009,0.4406296851574213,2.231559220389805,False,True,False,True,True,True,True,True,True,False,,False,17,1,1
Mono,cellstate,5,0.5,0.005,3000,100,250,500,162,162,128,157,0.0345537080616745,0.1243388733729598,0.0191703090253814,1.3666129898013957,3.5225826240319,False,True,True,True,True,True,True,True,True,False,,True,23,2,2
Mono,cellstate,5,0.5,0.005,3000,100,500,1000,169,169,150,166,0.0299739583333333,0.1521963066987532,0.0352211890673429,3.067800788954635,2.735524091293322,False,True,True,True,True,True,True,True,True,False,,True,23,2,2
Mono,cellstate,5,0.5,0.005,3000,100,1000,2000,171,171,168,171,0.0124586991179398,0.261966768901379,0.0687994496044031,6.440660474716203,2.5500515995872037,False,True,True,True,True,True,True,True,True,False,,True,24,3,3
Mono,cellstate,5,0.5,0.005,4000,10,100,200,46,46,43,45,-0.0043111894963746,0.3204788981676853,0.0966183574879227,2.367632850241546,2.4855072463768115,False,True,False,False,False,False,False,False,True,False,,False,7,0,0
Mono,cellstate,5,0.5,0.005,4000,10,250,331,46,46,46,45,-0.0045166666666666,0.509619443988608,0.159903381642512,3.878743961352657,2.353140096618357,False,True,False,False,False,False,False,False,True,False,,False,7,1,0
Mono,cellstate,5,0.5,0.005,4000,10,500,331,46,46,46,45,-0.0045166666666666,0.509619443988608,0.159903381642512,3.878743961352657,2.353140096618357,False,True,False,False,False,False,False,False,True,False,,False,7,1,1
Mono,cellstate,5,0.5,0.005,4000,10,1000,331,46,46,46,45,-0.0045166666666666,0.509619443988608,0.159903381642512,3.878743961352657,2.353140096618357,False,True,False,False,False,False,False,False,True,False,,False,7,1,0
Mono,cellstate,5,0.5,0.005,4000,25,100,200,94,94,70,90,0.0607096354166666,0.0842576263258366,0.022878059940517,0.8150308853809197,2.6965225348890414,False,True,True,True,True,True,False,True,True,False,,True,16,2,2
Mono,cellstate,5,0.5,0.005,4000,25,250,500,95,95,86,95,0.0283391087331226,0.2163922428235984,0.0559910414333706,2.782418812989921,2.5620380739081745,False,True,True,True,True,True,False,True,True,False,,True,16,2,2
Mono,cellstate,5,0.5,0.005,4000,25,500,1000,96,96,92,96,0.0068869233437391,0.3483167947654049,0.1096491228070175,6.055592105263158,2.2455043859649124,False,True,True,True,True,True,False,True,True,False,,True,16,2,2
Mono,cellstate,5,0.5,0.005,4000,25,1000,1518,96,96,96,96,-0.0042013039956416,0.4901882581449182,0.1664473684210526,9.278399122807018,2.114144736842105,False,True,True,True,True,True,False,True,True,False,,True,16,8,4
Mono,cellstate,5,0.5,0.005,4000,50,100,197,115,115,77,104,0.0672743055555555,0.0658051596031135,0.0150266971777269,0.3671243325705568,1.5547673531655224,False,True,False,True,True,True,True,True,True,False,,False,16,1,1
Mono,cellstate,5,0.5,0.005,4000,50,250,500,143,143,115,141,0.0182327499367737,0.129826219107043,0.0246232640598837,1.6062740076824584,3.124741455727371,False,True,True,True,True,True,True,True,True,False,,True,18,2,2
Mono,cellstate,5,0.5,0.005,4000,50,500,1000,148,148,134,148,0.0123092522011806,0.1876178229125365,0.0459643316786173,3.66988416988417,2.696497517926089,False,True,True,True,True,True,True,True,True,False,,True,19,2,2
Mono,cellstate,5,0.5,0.005,4000,50,1000,2000,150,150,146,150,0.0010886125210691,0.3029489952619595,0.0894854586129754,7.591722595078299,2.339955257270693,False,True,True,True,True,True,True,True,True,False,,True,20,5,2
Mono,cellstate,5,0.5,0.005,4000,75,100,192,116,116,79,102,0.0662014927507221,0.0658123724934069,0.0143928035982009,0.4406296851574213,2.231559220389805,False,True,False,True,True,True,True,True,True,False,,False,17,1,1
Mono,cellstate,5,0.5,0.005,4000,75,250,500,163,163,132,155,0.0470549473907961,0.1037690986987269,0.0189350905097326,1.3640839203211392,3.06729531167159,False,True,True,True,True,True,True,True,True,False,,True,23,2,2
Mono,cellstate,5,0.5,0.005,4000,75,500,1000,169,169,150,166,0.0141641503956263,0.1523056883283826,0.0352211890673429,3.0723795435333896,2.735312764158918,False,True,True,True,True,True,True,True,True,False,,True,23,2,2
Mono,cellstate,5,0.5,0.005,4000,75,1000,2000,171,171,168,171,0.0144305758141548,0.2609508832934297,0.0687994496044031,6.430546955624355,2.5572067423460614,False,True,True,True,True,True,True,True,True,False,,True,24,3,3
Mono,cellstate,5,0.5,0.005,4000,100,100,192,116,116,79,102,0.0600817867253853,0.0658123724934069,0.0143928035982009,0.4406296851574213,2.231559220389805,False,True,False,True,True,True,True,True,True,False,,False,17,1,1
Mono,cellstate,5,0.5,0.005,4000,100,250,500,162,162,128,157,0.032189143501127,0.124736464000073,0.0191703090253814,1.3648109807530098,3.516869871942336,False,True,True,True,True,True,True,True,True,False,,True,23,2,2
Mono,cellstate,5,0.5,0.005,4000,100,500,1000,169,169,149,166,0.0257535807291666,0.1540621552716584,0.0352211890673429,3.048710904480135,2.725838264299803,False,True,True,True,True,True,True,True,True,False,,True,23,2,2
Mono,cellstate,5,0.5,0.005,4000,100,1000,2000,171,171,167,171,0.0132423682188738,0.2604195981801915,0.0687994496044031,6.434434124527003,2.534124527003784,False,True,True,True,True,True,True,True,True,False,,True,24,3,3
Mono,cellstate,5,0.5,0.01,2000,10,100,200,49,49,41,47,0.0168882395909423,0.2498596518339197,0.0850340136054421,2.27593537414966,2.1016156462585034,False,True,False,False,False,False,False,False,True,False,,True,7,1,0
Mono,cellstate,5,0.5,0.01,2000,10,250,425,49,49,49,47,0.0065867202268431,0.4770221429873565,0.1806972789115646,5.223639455782313,2.008928571428572,False,True,False,False,False,False,False,False,True,False,,True,7,1,0
Mono,cellstate,5,0.5,0.01,2000,10,500,429,49,49,49,47,-0.001365872087532,0.4833625389409599,0.1823979591836734,5.262329931972789,2.006377551020408,False,True,False,False,False,False,False,False,True,False,,True,7,1,0
Mono,cellstate,5,0.5,0.01,2000,10,1000,427,49,49,49,47,-0.0008400292184075,0.4823934194076014,0.181547619047619,5.242772108843537,2.008078231292517,False,True,False,False,False,False,False,False,True,False,,True,7,1,0
Mono,cellstate,5,0.5,0.01,2000,25,100,200,95,95,66,90,0.0400071269976151,0.1273939234050037,0.0223964165733482,0.6864501679731243,2.258230683090705,False,True,True,False,True,True,False,True,True,False,,False,13,1,1
Mono,cellstate,5,0.5,0.01,2000,25,250,500,100,100,89,100,0.0336606346611177,0.1812959331897716,0.0505050505050505,2.785050505050505,2.644848484848485,False,True,True,False,True,True,False,True,True,False,,True,16,3,2
Mono,cellstate,5,0.5,0.01,2000,25,500,1000,100,100,98,100,0.0245195703149216,0.283465806194901,0.101010101010101,6.371515151515151,2.3245454545454547,False,True,True,False,True,True,False,True,True,False,,True,16,4,2
Mono,cellstate,5,0.5,0.01,2000,25,1000,1890,99,99,99,99,0.0015777044833456,0.4942468666656165,0.1948051948051948,12.156565656565656,1.9702123273551848,False,True,True,False,True,True,False,True,True,False,,True,16,4,2
Mono,cellstate,5,0.5,0.01,2000,50,100,199,120,120,81,110,0.0497060323767081,0.0814367114367114,0.0139355742296918,0.1857142857142857,0.8472689075630252,False,True,True,True,True,True,True,False,True,False,,True,16,3,3
Mono,cellstate,5,0.5,0.01,2000,50,250,500,146,146,115,141,0.0811865254844686,0.0981848466359526,0.0236183278223901,1.5118564005668398,2.7574870099196978,False,True,True,True,True,True,True,True,True,False,,True,20,5,4
Mono,cellstate,5,0.5,0.01,2000,50,500,1000,147,147,140,146,0.0562124693768534,0.1677700179859516,0.0465939800577765,3.814695741310223,2.771037181996086,False,True,True,True,True,True,True,True,True,False,,True,20,7,5
Mono,cellstate,5,0.5,0.01,2000,50,1000,2000,148,148,147,148,0.0259402485418385,0.2768396301882704,0.0919286633572347,8.253033645890788,2.3221640007354294,False,True,True,True,True,True,True,True,True,False,,True,20,8,5
Mono,cellstate,5,0.5,0.01,2000,75,100,197,127,127,85,111,0.0899168975069251,0.0311610087200638,0.0123109611298587,0.1501062367204099,0.6801649793775778,False,True,True,True,True,True,True,False,True,False,,True,20,3,3
Mono,cellstate,5,0.5,0.01,2000,75,250,500,163,163,127,153,0.1063242179850095,0.094777827961744,0.0189350905097326,1.147239263803681,2.653601454214951,False,True,True,True,True,True,True,True,True,False,,True,23,5,5
Mono,cellstate,5,0.5,0.01,2000,75,500,1000,172,172,155,171,0.0794787379972565,0.1467769641194973,0.0339997280021759,2.919522643818849,2.6847885216918264,False,True,True,True,True,True,True,True,True,False,,True,24,9,8
Mono,cellstate,5,0.5,0.01,2000,75,1000,2000,172,172,171,172,0.0457547424493589,0.2309036097888539,0.0679994560043519,6.959642322861417,2.523799809601523,False,True,True,True,True,True,True,True,True,False,,True,24,12,9
Mono,cellstate,5,0.5,0.01,2000,100,100,197,129,129,86,111,0.1068836565096953,0.0311628079069939,0.0119307170542635,0.1222141472868217,0.5345203488372093,False,True,True,True,True,True,True,False,True,False,,True,20,3,3
Mono,cellstate,5,0.5,0.01,2000,100,250,500,169,169,133,156,0.1415816553614984,0.0922695834625414,0.0176105945336714,1.1141518737672584,2.6267610594533672,False,True,True,True,True,True,True,True,True,False,,True,22,5,5
Mono,cellstate,5,0.5,0.01,2000,100,500,1000,177,177,160,174,0.1051049818442303,0.1382756478461658,0.032100667693888,2.827105803800719,2.7152349768875195,False,True,True,True,True,True,True,True,True,False,,True,24,8,7
Mono,cellstate,5,0.5,0.01,2000,100,1000,2000,178,178,176,177,0.0633115952661528,0.2239074462263683,0.0634799720688122,6.578810385323431,2.551513997333841,False,True,True,True,True,True,True,True,True,False,,True,24,12,9
Mono,cellstate,5,0.5,0.01,3000,10,100,200,48,48,41,46,-0.0035444234404536,0.2281535015910015,0.0886524822695035,2.342641843971631,2.0585106382978724,False,True,False,False,False,False,False,False,True,False,,True,7,1,0
Mono,cellstate,5,0.5,0.01,3000,10,250,500,49,49,49,48,-0.0186286779529662,0.5138695333869008,0.2125850340136054,6.262329931972789,1.9124149659863945,False,True,False,False,False,False,False,False,True,False,,True,7,1,0
Mono,cellstate,5,0.5,0.01,3000,10,500,539,49,49,49,47,-0.0207264014984474,0.5524944529135185,0.2291666666666666,6.743622448979592,1.8660714285714288,False,True,False,False,False,False,False,False,True,False,,True,7,1,0
Mono,cellstate,5,0.5,0.01,3000,10,1000,497,48,48,48,46,-0.0175379372427983,0.5338359323503689,0.2203014184397163,6.264627659574468,1.9206560283687943,False,True,False,False,False,False,False,False,True,False,,True,7,1,0
Mono,cellstate,5,0.5,0.01,3000,25,100,200,91,91,63,86,0.026765504753282,0.1301480891706455,0.0244200244200244,0.7336996336996336,2.4462759462759465,False,True,True,False,True,True,False,False,True,False,,False,12,1,1
Mono,cellstate,5,0.5,0.01,3000,25,250,500,100,100,90,97,0.0188890773950084,0.1685041655457739,0.0505050505050505,2.7284848484848485,2.679090909090909,False,True,True,False,True,True,False,True,True,False,,True,16,2,1
Mono,cellstate,5,0.5,0.01,3000,25,500,1000,99,99,97,99,0.0118634450177489,0.2783926554109425,0.1030715316429602,6.422799422799423,2.3125128839414555,False,True,True,False,True,True,False,True,True,False,,True,15,4,2
Mono,cellstate,5,0.5,0.01,3000,25,1000,2000,99,99,99,99,0.000511876928185,0.5017715538163304,0.2061430632859204,13.129251700680271,1.9280560709132135,False,True,True,False,True,True,False,True,True,False,,True,15,5,3
Mono,cellstate,5,0.5,0.01,3000,50,100,198,124,124,83,103,0.0918104383680555,0.0491720197365358,0.0129819040125885,0.1142800944138473,0.4326645685811697,False,True,True,True,True,True,True,False,True,False,,True,18,3,3
Mono,cellstate,5,0.5,0.01,3000,50,250,500,148,148,116,145,0.069016533395313,0.1028222297849906,0.0229821658393086,1.4470490899062327,2.806214377642949,False,True,True,True,True,True,True,True,True,False,,True,21,3,3
Mono,cellstate,5,0.5,0.01,3000,50,500,1000,151,151,142,151,0.0542365391033168,0.1651429478080713,0.0441501103752759,3.575011037527594,2.815629139072848,False,True,True,True,True,True,True,True,True,False,,True,22,7,5
Mono,cellstate,5,0.5,0.01,3000,50,1000,2000,150,150,149,150,0.0305126206897945,0.2614992710575233,0.0894854586129754,8.29668903803132,2.337136465324385,False,True,True,True,True,True,True,True,True,False,,True,21,7,5
Mono,cellstate,5,0.5,0.01,3000,75,100,198,132,132,84,111,0.1066605814921205,0.0313011063011063,0.0114503816793893,0.1235831598427018,0.5178117048346056,False,True,True,True,True,True,True,False,True,False,,True,21,3,3
Mono,cellstate,5,0.5,0.01,3000,75,250,500,165,165,127,155,0.1175313019390581,0.0838282592828047,0.0184774575018477,1.0856614929785662,2.4725055432372507,False,True,True,True,True,True,True,True,True,False,,True,22,4,4
Mono,cellstate,5,0.5,0.01,3000,75,500,1000,174,174,156,169,0.0754438573155049,0.1527302683288286,0.0332203840276393,2.8133014417646667,2.760780014616969,False,True,True,True,True,True,True,True,True,False,,True,24,6,5
Mono,cellstate,5,0.5,0.01,3000,75,1000,2000,175,175,169,174,0.0493058292611586,0.2178094597206691,0.0656814449917898,6.597635467980296,2.4755336617405583,False,True,True,True,True,True,True,True,True,False,,True,24,11,8
Mono,cellstate,5,0.5,0.01,3000,100,100,197,133,133,85,113,0.1347550779858008,0.0411087241914309,0.0112212349054454,0.0795169742538163,0.2641262246525404,False,True,True,True,True,True,True,False,True,False,,True,20,3,3
Mono,cellstate,5,0.5,0.01,3000,100,250,500,174,174,132,160,0.1392494080364614,0.082332917178362,0.0166101920138196,0.9239253205767058,2.624343897415454,False,True,True,True,True,True,True,True,True,False,,True,23,5,4
Mono,cellstate,5,0.5,0.01,3000,100,500,1000,178,178,161,172,0.089184996478332,0.1474179820581224,0.0317399860344061,2.713451406081381,2.8304449946042025,False,True,True,True,True,True,True,True,True,False,,True,24,7,6
Mono,cellstate,5,0.5,0.01,3000,100,1000,2000,178,178,174,177,0.0477949945410262,0.1995630849037369,0.0634799720688122,6.543102901034724,2.526471148352695,False,True,True,True,True,True,True,True,True,False,,True,24,8,6
Mono,cellstate,5,0.5,0.01,4000,10,100,200,49,49,40,48,-0.0139928752566115,0.2011293361833578,0.0850340136054421,2.274234693877551,2.122448979591837,False,True,False,False,False,False,False,False,True,False,,True,7,1,0
Mono,cellstate,5,0.5,0.01,4000,10,250,480,48,48,48,47,-0.0134726769075799,0.5118156897073833,0.2127659574468085,6.043439716312057,1.9242021276595744,False,True,False,False,False,False,False,False,True,False,,True,7,1,0
Mono,cellstate,5,0.5,0.01,4000,10,500,503,48,48,48,47,-0.0184742026192732,0.5336974365255206,0.2229609929078014,6.342198581560283,1.904255319148936,False,True,False,False,False,False,False,False,True,False,,True,7,1,0
Mono,cellstate,5,0.5,0.01,4000,10,1000,544,49,49,49,48,-0.0214232397230578,0.5570205267199291,0.2312925170068027,6.8146258503401365,1.8503401360544216,False,True,False,False,False,False,False,False,True,False,,True,7,1,0
Mono,cellstate,5,0.5,0.01,4000,25,100,200,93,93,65,87,0.0248337950138504,0.1194078794248573,0.0233754090696587,0.7101449275362319,2.371552127162225,False,True,True,False,True,True,False,True,True,False,,False,13,1,1
Mono,cellstate,5,0.5,0.01,4000,25,250,500,102,102,91,99,0.021173770461214,0.1411862224763743,0.048534265191225,2.6795767812075324,2.5697922733449814,False,True,True,True,True,True,False,True,True,False,,True,16,3,2
Mono,cellstate,5,0.5,0.01,4000,25,500,1000,100,100,98,100,0.0099171139196675,0.262979360598705,0.101010101010101,6.289595959595959,2.297373737373737,False,True,True,False,True,True,False,True,True,False,,True,15,4,2
Mono,cellstate,5,0.5,0.01,4000,25,1000,2000,100,100,100,100,-0.0016386819845979,0.4827338401281926,0.202020202020202,13.084545454545454,1.9416161616161616,False,True,True,False,True,True,False,True,True,False,,True,15,5,3
Mono,cellstate,5,0.5,0.01,4000,50,100,200,127,127,82,107,0.0998281833069343,0.0577598254763609,0.012498437695288,0.171541057367829,0.7664041994750657,False,True,True,True,True,True,True,False,True,False,,True,18,3,3
Mono,cellstate,5,0.5,0.01,4000,50,250,500,147,147,116,145,0.0688257757837953,0.0789260315428846,0.0232969900288882,1.4973907371167643,2.913474979032709,False,True,True,True,True,True,True,True,True,False,,True,21,3,3
Mono,cellstate,5,0.5,0.01,4000,50,500,1000,152,152,142,152,0.053892598460842,0.158674329654589,0.043569187870338,3.5451812478215405,2.804679330777274,False,True,True,True,True,True,True,True,True,False,,True,22,6,4
Mono,cellstate,5,0.5,0.01,4000,50,1000,2000,151,151,149,151,0.0299227275798482,0.2614565575222603,0.0883002207505518,8.071920529801325,2.3463134657836644,False,True,True,True,True,True,True,True,True,False,,True,22,9,6
Mono,cellstate,5,0.5,0.01,4000,75,100,197,134,134,84,112,0.1002302568460294,0.0397832267235252,0.0110537537874537,0.0820334418134889,0.2896981259117944,False,True,True,True,True,True,True,False,True,False,,True,20,3,3
Mono,cellstate,5,0.5,0.01,4000,75,250,500,167,167,129,157,0.1144671103735612,0.0738205938452503,0.0180362167231801,1.0831108866604142,2.7076689993506964,False,True,True,True,True,True,True,True,True,False,,True,23,4,4
Mono,cellstate,5,0.5,0.01,4000,75,500,1000,175,175,157,169,0.079388924687522,0.1395340310567037,0.0328407224958949,2.789162561576355,2.7872906403940885,False,True,True,True,True,True,True,True,True,False,,True,24,6,5
Mono,cellstate,5,0.5,0.01,4000,75,1000,2000,174,174,169,173,0.051611706166093,0.2164227573632482,0.0664407680552787,6.7445352468274535,2.461397913759883,False,True,True,True,True,True,True,True,True,False,,True,24,11,8
Mono,cellstate,5,0.5,0.01,4000,100,100,197,136,136,86,114,0.1340972012828595,0.0319677871148459,0.0107298474945533,0.081318082788671,0.2947167755991285,False,True,True,True,True,True,True,False,True,False,,True,20,3,3
Mono,cellstate,5,0.5,0.01,4000,100,250,500,174,174,134,163,0.1432804866602005,0.0762882537807575,0.0166101920138196,1.1094943857550994,2.994917281243771,False,True,True,True,True,True,True,True,True,False,,True,23,5,4
Mono,cellstate,5,0.5,0.01,4000,100,500,1000,178,178,161,172,0.0926292553528144,0.1397680057235178,0.0317399860344061,2.7501110899511203,2.863835459912398,False,True,True,True,True,True,True,True,True,False,,True,24,7,6
Mono,cellstate,5,0.5,0.01,4000,100,1000,2000,178,178,173,177,0.0556694945761973,0.2121032074932633,0.0634799720688122,6.514282993715483,2.510315495461182,False,True,True,True,True,True,True,True,True,False,,True,24,10,7
Mono,cellstate,5,0.5,0.02,2000,10,100,200,47,47,42,47,0.022871972318339,0.1999017530932424,0.0925069380203515,2.6003700277520814,2.4722479185938946,False,True,False,False,False,False,False,False,True,False,,False,6,0,0
Mono,cellstate,5,0.5,0.02,2000,10,250,415,47,47,47,47,0.0082717759310556,0.4467106910933434,0.1919518963922294,5.533765032377429,2.1216466234967624,False,True,False,False,False,False,True,False,True,False,,False,8,0,0
Mono,cellstate,5,0.5,0.02,2000,10,500,412,47,47,47,47,0.0003970390923777,0.4363291297769705,0.1905642923219241,5.678075855689177,2.1026827012025904,False,True,False,False,False,False,False,False,True,False,,False,6,0,0
Mono,cellstate,5,0.5,0.02,2000,10,1000,414,47,47,47,47,-0.0004509013518022,0.4351512243618607,0.1914893617021276,5.708603145235893,2.101295097132285,False,True,False,False,False,False,False,False,True,False,,False,6,0,0
Mono,cellstate,5,0.5,0.02,2000,25,100,200,92,92,72,86,0.0183641975308641,0.0350586611456176,0.0238891543239369,0.8241758241758241,3.694935499283325,False,True,False,False,False,False,False,False,True,False,,True,15,2,2
Mono,cellstate,5,0.5,0.02,2000,25,250,500,99,99,88,99,0.007072339351092,0.1904118387371975,0.0515357658214801,2.853432282003711,2.5742115027829318,False,True,False,False,False,False,False,False,True,False,,True,15,2,2
Mono,cellstate,5,0.5,0.02,2000,25,500,1000,98,98,98,98,0.0417044897959183,0.2715252027930516,0.1051967178624027,6.951083526193983,2.291079318325268,False,True,False,False,False,False,True,False,True,False,,True,16,2,2
Mono,cellstate,5,0.5,0.02,2000,25,1000,2000,98,98,98,98,-0.0010758305540279,0.4823648626541179,0.2103934357248054,13.865453397853988,1.8898590363980643,False,True,False,False,False,False,False,False,True,False,,True,15,3,2
Mono,cellstate,5,0.5,0.02,2000,50,100,200,125,125,80,112,0.056990504017531,0.0235555555555555,0.0129032258064516,0.214,1.02,False,True,False,True,True,True,True,False,True,False,,True,17,3,3
Mono,cellstate,5,0.5,0.02,2000,50,250,500,152,152,130,148,0.0646803098624118,0.1065158679613013,0.021784593935169,1.5183426280934122,3.253180550714535,False,True,False,True,True,True,True,True,True,False,,True,20,4,4
Mono,cellstate,5,0.5,0.02,2000,50,500,1000,155,155,142,155,0.0642137287334593,0.1880835476953235,0.041893590280687,3.5651445328864684,2.6224130708001674,False,True,False,True,True,True,True,True,True,False,,True,20,4,4
Mono,cellstate,5,0.5,0.02,2000,50,1000,2000,152,152,152,152,0.0309235268249238,0.2611998259169677,0.0871383757406761,8.4703293830603,2.3119553851516206,False,True,False,True,True,True,True,True,True,False,,True,21,6,4
Mono,cellstate,5,0.5,0.02,2000,75,100,199,132,132,88,113,0.1148867786705624,0.0377230093139184,0.0115082118898912,0.1974323386537127,1.073386537126995,False,True,True,True,True,True,True,False,True,False,,True,19,2,2
Mono,cellstate,5,0.5,0.02,2000,75,250,500,167,167,136,162,0.1263245739124852,0.120191296512184,0.0180362167231801,1.3128922877137292,3.680326094798355,False,True,True,True,True,True,True,True,True,False,,True,23,5,5
Mono,cellstate,5,0.5,0.02,2000,75,500,1000,173,173,164,171,0.1003051998688359,0.1491386306809402,0.0336066675628444,3.2895886543890307,3.0549805081328136,False,True,True,True,True,True,True,True,True,False,,True,24,5,4
Mono,cellstate,5,0.5,0.02,2000,75,1000,2000,179,179,177,179,0.0618255318312102,0.2236363354782858,0.0627706986378758,6.7894356914192455,2.49231058941686,False,True,True,True,True,True,True,True,True,False,,True,24,10,9
Mono,cellstate,5,0.5,0.02,2000,100,100,196,134,134,83,114,0.1936296205854522,0.035655596476492,0.0109976433621366,0.1380316462798788,0.7908764448434519,False,True,True,True,True,True,True,False,True,False,,True,19,5,5
Mono,cellstate,5,0.5,0.02,2000,100,250,500,172,172,135,165,0.1545248577059809,0.1073054029620377,0.0169998640010879,1.2388820889432886,3.4881680946552427,False,True,True,True,True,True,True,True,True,False,,True,23,6,6
Mono,cellstate,5,0.5,0.02,2000,100,500,1000,175,175,164,172,0.124564186405976,0.1455169520942037,0.0328407224958949,3.145353037766831,3.028604269293925,False,True,True,True,True,True,True,True,True,False,,True,23,4,3
Mono,cellstate,5,0.5,0.02,2000,100,1000,2000,181,181,179,181,0.0843376616486585,0.2205631685334294,0.0613873542050337,6.627532228360957,2.5281154082259056,False,True,True,True,True,True,True,True,True,False,,True,24,9,8
Mono,cellstate,5,0.5,0.02,3000,10,100,200,46,46,41,45,-0.0005877551020408,0.2285228660228659,0.0966183574879227,2.729951690821256,2.3067632850241546,False,True,False,False,False,False,False,False,True,False,,False,7,0,0
Mono,cellstate,5,0.5,0.02,3000,10,250,496,46,46,46,46,0.0030037126634784,0.4958066532748728,0.2396135265700483,7.331884057971014,1.9106280193236715,False,True,False,False,False,False,False,False,True,False,,False,5,0,0
Mono,cellstate,5,0.5,0.02,3000,10,500,540,46,46,46,46,0.0034745602222035,0.5379021661519555,0.2608695652173913,7.982125603864734,1.855072463768116,False,True,False,False,False,False,False,False,True,False,,False,5,0,0
Mono,cellstate,5,0.5,0.02,3000,10,1000,537,46,46,46,46,0.0043975913253577,0.532379896302066,0.2594202898550725,7.930917874396135,1.8628019323671496,False,True,False,False,False,False,False,False,True,False,,False,5,0,0
Mono,cellstate,5,0.5,0.02,3000,25,100,200,89,89,71,84,0.0774074074074074,0.0813804173354734,0.0255362614913176,0.9830183861082736,3.403472931562819,False,True,True,False,False,False,False,False,True,False,,True,14,0,0
Mono,cellstate,5,0.5,0.02,3000,25,250,500,96,96,88,96,0.038704442787597,0.1489969016283753,0.0548245614035087,3.211074561403509,2.704276315789474,False,True,True,False,False,False,False,False,True,False,,True,16,2,1
Mono,cellstate,5,0.5,0.02,3000,25,500,1000,95,95,93,95,0.0244237312596456,0.2766166293326079,0.1119820828667413,6.982530795072789,2.23505039193729,False,True,True,False,False,False,False,False,True,False,,True,16,3,1
Mono,cellstate,5,0.5,0.02,3000,25,1000,2000,95,95,95,95,0.0094599064115442,0.4782578060464975,0.2239641657334826,14.947144456886898,1.842889137737962,False,True,True,False,False,False,False,False,True,False,,True,16,5,2
Mono,cellstate,5,0.5,0.02,3000,50,100,196,126,126,83,109,0.0658133075715493,0.0531872008062484,0.0124444444444444,0.2297142857142857,1.297904761904762,False,True,True,True,True,True,True,False,True,False,,True,19,3,3
Mono,cellstate,5,0.5,0.02,3000,50,250,500,156,156,127,152,0.0639254473675542,0.0832165640274713,0.0206782464846981,1.412117452440033,3.104052936311001,False,True,True,True,True,True,False,True,True,False,,True,21,4,4
Mono,cellstate,5,0.5,0.02,3000,50,500,1000,157,157,150,155,0.0601169540679985,0.1447928025411801,0.0408296586640535,3.6518046709129512,2.843704066634003,False,True,True,True,True,True,True,True,True,False,,True,22,6,5
Mono,cellstate,5,0.5,0.02,3000,50,1000,2000,157,157,157,157,0.041664157255864,0.240533326989255,0.0816593173281071,8.235464641515597,2.38718765311122,False,True,True,True,True,True,True,True,True,False,,True,22,10,7
Mono,cellstate,5,0.5,0.02,3000,75,100,194,129,129,81,115,0.0977965731406635,0.0386387084061502,0.0117490310077519,0.1148861434108527,0.4738372093023256,False,True,True,True,True,True,True,False,True,False,,True,19,3,3
Mono,cellstate,5,0.5,0.02,3000,75,250,494,171,171,135,167,0.0918961308899525,0.0769367188654571,0.0169934640522875,1.172686618507052,3.217303061575508,False,True,True,True,True,True,True,False,True,False,,True,22,5,5
Mono,cellstate,5,0.5,0.02,3000,75,500,985,175,175,163,173,0.08814430882579255,0.13018780829275434,0.03234811165845648,3.0167159277504103,3.0334646962233167,False,True,True,True,True,True,True,True,True,False,,True,24,7,6
Mono,cellstate,5,0.5,0.02,3000,75,1000,1966,174,174,172,174,0.05511202868683336,0.19294692580566672,0.06531127499833898,7.063384492724736,2.50956747059996,False,True,True,True,True,True,True,True,True,False,,True,24,8,5
Mono,cellstate,5,0.5,0.02,3000,100,100,194,129,129,80,114,0.12586419753086417,0.03850912223005247,0.011749031007751938,0.12203246124031007,0.47268653100775193,False,True,True,True,True,True,True,False,True,False,,True,19,3,3
Mono,cellstate,5,0.5,0.02,3000,100,250,495,175,175,136,171,0.13070164565893097,0.07607577821951989,0.01625615763546798,1.1611822660098523,3.206633825944171,False,True,True,True,True,True,True,False,True,False,,True,22,6,5
Mono,cellstate,5,0.5,0.02,3000,100,500,986,179,179,165,176,0.12145315688106632,0.12155895571960658,0.03094595442847279,2.9262758144498147,2.9948841880610133,False,True,True,True,True,True,True,True,True,False,,True,24,7,6
Mono,cellstate,5,0.5,0.02,3000,100,1000,2000,181,181,179,181,0.08326349474701124,0.1970121230136405,0.061387354205033766,6.7596378146101905,2.5549109883364025,False,True,True,True,True,True,True,True,True,False,,True,24,10,7
Mono,cellstate,5,0.5,0.02,4000,10,100,200,45,45,41,44,0.026902497027348385,0.23448674782008117,0.10101010101010101,2.7595959595959596,2.3055555555555554,False,True,False,False,False,False,False,False,True,False,,False,7,0,0
Mono,cellstate,5,0.5,0.02,4000,10,250,500,47,47,47,47,0.010395597858417606,0.4473911145690229,0.23126734505087881,7.665587419056429,1.9213691026827011,False,True,False,False,False,False,False,False,True,False,,False,5,0,0
Mono,cellstate,5,0.5,0.02,4000,10,500,696,46,46,46,46,-0.009653960203410753,0.6507172311612922,0.336231884057971,10.493719806763284,1.711111111111111,False,True,False,False,False,False,False,False,True,False,,False,5,0,0
Mono,cellstate,5,0.5,0.02,4000,10,1000,697,46,46,46,46,-0.00943487662470045,0.648726046198043,0.3367149758454106,10.527536231884058,1.7091787439613526,False,True,False,False,False,False,False,False,True,False,,False,5,0,0
Mono,cellstate,5,0.5,0.02,4000,25,100,199,89,89,72,81,0.12335393711367912,0.06317184687971204,0.025408580183861083,0.8326098059244127,2.7040347293156284,False,True,True,False,False,False,False,False,True,False,,True,14,0,0
Mono,cellstate,5,0.5,0.02,4000,25,250,500,96,96,87,95,0.057514533962935335,0.15947428254365167,0.05482456140350877,3.0162280701754387,2.5267543859649124,False,True,True,False,False,False,False,False,True,False,,True,16,2,1
Mono,cellstate,5,0.5,0.02,4000,25,500,1000,96,96,94,96,0.025495225521445095,0.26083101594344466,0.10964912280701754,6.954495614035087,2.219736842105263,False,True,True,False,False,False,False,False,True,False,,True,16,4,2
Mono,cellstate,5,0.5,0.02,4000,25,1000,2000,97,97,97,97,0.017235573248755336,0.46458860963513093,0.21477663230240548,14.580863402061855,1.861791237113402,False,True,True,False,False,False,False,False,True,False,,True,17,7,4
Mono,cellstate,5,0.5,0.02,4000,50,100,198,119,119,78,102,0.005878894767783634,0.04430681363454472,0.01410055547642786,0.21642216208517306,1.1303233157669847,False,True,True,True,True,True,True,False,True,False,,True,21,3,2
Mono,cellstate,5,0.5,0.02,4000,50,250,500,153,153,127,147,0.06683954573564964,0.08733090623153142,0.021499828001375988,1.3267543859649122,2.78375472996216,False,True,True,True,True,True,True,True,True,False,,True,22,3,3
Mono,cellstate,5,0.5,0.02,4000,50,500,1000,156,156,150,156,0.06736072545697049,0.1440370242790211,0.0413564929693962,3.618693134822167,3.0503722084367246,False,True,True,True,True,True,True,True,True,False,,True,22,5,4
Mono,cellstate,5,0.5,0.02,4000,50,1000,2000,155,155,154,155,0.05679284310588817,0.23422254547627977,0.08378718056137412,8.299120234604105,2.3589861751152075,False,True,True,True,True,True,True,True,True,False,,True,22,10,7
Mono,cellstate,5,0.5,0.02,4000,75,100,199,126,126,80,108,0.11290322580645167,0.04201481939577177,0.012634920634920634,0.1949206349206349,1.0234920634920635,False,True,True,True,True,True,True,False,True,False,,True,20,2,2
Mono,cellstate,5,0.5,0.02,4000,75,250,500,170,170,136,160,0.10849516487925025,0.0774124568242215,0.01740341106856944,1.105777932474765,2.9559693699965193,False,True,True,True,True,True,True,True,True,False,,True,24,4,3
Mono,cellstate,5,0.5,0.02,4000,75,500,1000,177,177,164,176,0.09092490301905885,0.1170844444660013,0.03210066769388803,3.0265793528505394,3.1022085259373395,False,True,True,True,True,True,True,True,True,False,,True,24,6,5
Mono,cellstate,5,0.5,0.02,4000,75,1000,2000,178,178,176,178,0.07768515567032123,0.19795185330095413,0.06347997206881228,6.985970926172793,2.5254237288135593,False,True,True,True,True,True,True,True,True,False,,True,24,11,8
Mono,cellstate,5,0.5,0.02,4000,100,100,199,125,125,76,110,0.10661637183489424,0.06606810966810965,0.012838709677419355,0.13961290322580644,0.5991612903225807,False,True,True,True,True,True,True,False,True,False,,True,20,2,2
Mono,cellstate,5,0.5,0.02,4000,100,250,500,173,173,138,161,0.14217975004659916,0.08199589934454549,0.016803333781422233,1.016635300443608,2.8226240086033068,False,True,True,True,True,True,True,False,True,False,,True,22,5,5
Mono,cellstate,5,0.5,0.02,4000,100,500,1000,180,180,169,177,0.12271318668402909,0.116013410211805,0.031036623215394164,3.000682805710739,3.2017070142768467,False,True,True,True,True,True,True,True,True,False,,True,24,6,5
Mono,cellstate,5,0.5,0.02,4000,100,1000,1966,177,177,175,176,0.09122300342010795,0.18553670971165317,0.06310991268618388,6.770737031330252,2.555020544427324,False,True,True,True,True,True,True,True,True,False,,True,24,9,6
Mono,cellstate,5,0.5,0.03,2000,10,100,200,48,48,40,47,0.028964710884353727,0.22966714997965,0.08865248226950355,2.294769503546099,1.9361702127659575,False,False,False,False,False,False,True,False,True,False,,False,7,0,0
Mono,cellstate,5,0.5,0.03,2000,10,250,470,46,46,46,46,-0.0060352361037420916,0.5539380080123444,0.22705314009661837,6.391787439613527,1.9768115942028985,False,False,False,False,False,False,True,False,True,False,,False,7,0,0
Mono,cellstate,5,0.5,0.03,2000,10,500,501,48,48,48,48,0.006274238227146824,0.5389692567054407,0.2220744680851064,6.532801418439717,1.9875886524822695,False,False,False,False,False,False,False,False,True,False,,False,6,0,0
Mono,cellstate,5,0.5,0.03,2000,10,1000,478,47,47,47,47,0.005086087165679964,0.5456139737380173,0.22109158186864014,6.308048103607771,1.9777983348751156,False,False,False,False,False,False,True,False,True,False,,False,7,0,0
Mono,cellstate,5,0.5,0.03,2000,25,100,200,94,94,69,90,0.10393491378077724,0.09746671767948362,0.022878059940517045,0.875314573324182,3.3005033173186913,False,True,False,False,False,False,True,False,True,False,,False,12,0,0
Mono,cellstate,5,0.5,0.03,2000,25,250,500,97,97,83,97,0.04049752932163039,0.1506114086354104,0.05369415807560137,2.9473797250859106,2.4522121993127146,False,True,False,False,False,False,True,False,True,False,,True,14,0,0
Mono,cellstate,5,0.5,0.03,2000,25,500,1000,98,98,97,98,0.04402324936396266,0.26851343202954225,0.1051967178624027,6.671365453397854,2.306648432568904,False,True,False,False,False,False,True,False,True,False,,True,13,1,0
Mono,cellstate,5,0.5,0.03,2000,25,1000,2000,98,98,98,98,0.014778626229005337,0.48197475484590113,0.2103934357248054,13.84367767725647,1.8907006101409636,False,True,False,False,False,False,True,False,True,False,,True,13,1,0
Mono,cellstate,5,0.5,0.03,2000,50,100,198,128,128,80,113,0.08542936288088643,0.03174941378066378,0.01218011811023622,0.09055118110236221,0.3454724409448819,False,True,False,True,True,True,True,False,True,False,,True,17,0,0
Mono,cellstate,5,0.5,0.03,2000,50,250,500,148,148,115,147,0.05269510926118625,0.09251731705292073,0.022982165839308698,1.5540080897223754,3.0126401912116196,False,True,False,True,True,True,True,False,True,False,,True,19,0,0
Mono,cellstate,5,0.5,0.03,2000,50,500,1000,149,149,141,149,0.04882812500000001,0.16967931584675058,0.045347360783602395,3.8411935425358243,2.8296753128967893,False,True,False,True,True,True,True,False,True,False,,True,19,3,3
Mono,cellstate,5,0.5,0.03,2000,50,1000,2000,149,149,148,149,0.034975852910680755,0.26496247836076653,0.09069472156720479,8.454607291855615,2.307137674587339,False,True,False,True,True,True,True,False,True,False,,True,19,7,3
Mono,cellstate,5,0.5,0.03,2000,75,100,198,143,143,86,121,0.11817766919917312,0.06979485161303343,0.009750812567713976,0.08401457697232345,0.419284940411701,False,True,True,True,False,True,True,False,True,False,,True,19,1,1
Mono,cellstate,5,0.5,0.03,2000,75,250,500,173,173,132,169,0.10020692688882503,0.0876692101382951,0.016803333781422233,1.206781825514182,3.2075883855356904,False,True,True,True,True,True,True,True,True,False,,True,23,3,3
Mono,cellstate,5,0.5,0.03,2000,75,500,1000,177,177,158,175,0.11320598534734382,0.15878760706549533,0.03210066769388803,2.9927452491011812,2.895961736004109,False,True,True,True,True,True,True,True,True,False,,True,24,6,6
Mono,cellstate,5,0.5,0.03,2000,75,1000,2000,177,177,172,177,0.07393688972052627,0.21942040002722213,0.06420133538777606,6.800719054956343,2.453550333846944,False,True,True,True,True,True,True,True,True,False,,True,24,13,9
Mono,cellstate,5,0.5,0.03,2000,100,100,196,143,143,83,124,0.1463912721690743,0.03781521508794236,0.00965231951147444,0.07992711513838274,0.3981089333202009,False,True,True,True,True,True,True,False,True,False,,True,20,1,1
Mono,cellstate,5,0.5,0.03,2000,100,250,500,171,171,134,167,0.13767518177433385,0.12372909897080228,0.01719986240110079,1.1669074647402822,3.068730650154799,False,True,True,True,True,True,True,True,True,False,,True,23,2,2
Mono,cellstate,5,0.5,0.03,2000,100,500,1000,179,179,160,177,0.14076879058602224,0.1490113810817913,0.03138534931893792,2.936099428786642,2.8334693365137156,False,True,True,True,True,True,True,True,True,False,,True,24,6,6
Mono,cellstate,5,0.5,0.03,2000,100,1000,2000,179,179,174,179,0.09427124459017056,0.2117482087144799,0.06277069863787584,6.729081664678928,2.4652878036532546,False,True,True,True,True,True,True,True,True,False,,True,24,11,9
Mono,cellstate,5,0.5,0.03,3000,10,100,200,43,43,43,43,0.037221424036887316,0.2758872570378078,0.11074197120708748,2.921373200442968,2.274640088593577,False,False,False,False,False,False,True,False,True,False,,False,7,0,0
Mono,cellstate,5,0.5,0.03,3000,10,250,500,46,46,46,46,0.013131968473663973,0.4949094988320307,0.24154589371980675,7.810144927536232,1.8734299516908213,False,False,False,False,False,False,True,False,True,False,,False,7,0,0
Mono,cellstate,5,0.5,0.03,3000,10,500,604,45,45,45,45,0.0037689933523266956,0.594683709535023,0.30505050505050507,9.464646464646465,1.7666666666666666,False,False,False,False,False,False,True,False,True,False,,False,7,0,0
Mono,cellstate,5,0.5,0.03,3000,10,1000,593,44,44,44,44,0.001875577100646362,0.6150519475819582,0.3134249471458774,9.605179704016914,1.7431289640591967,False,False,False,False,False,False,True,False,True,False,,False,7,0,0
Mono,cellstate,5,0.5,0.03,3000,25,100,200,92,92,69,86,0.05573605860113421,0.07007020757020756,0.023889154323936932,0.8627568084089823,3.0253225035833733,False,True,True,False,False,False,True,False,True,False,,False,14,0,0
Mono,cellstate,5,0.5,0.03,3000,25,250,500,98,98,89,98,0.046883757282202385,0.14941142162631435,0.05259835893120135,3.003155901535872,2.6592678308436777,False,True,True,False,False,False,True,False,True,False,,True,15,1,1
Mono,cellstate,5,0.5,0.03,3000,25,500,1000,99,99,98,99,0.040312526302499783,0.25297045762002085,0.10307153164296022,6.957637600494744,2.2882910740053597,False,True,True,False,False,False,True,False,True,False,,True,16,3,2
Mono,cellstate,5,0.5,0.03,3000,25,1000,2000,98,98,98,98,0.010248218567905172,0.4429705354480565,0.2103934357248054,14.682726698926993,1.871449610772144,False,True,True,False,False,False,True,False,True,False,,True,15,4,3
Mono,cellstate,5,0.5,0.03,3000,50,100,199,126,126,76,116,0.06492893705853756,0.021801527628595302,0.012634920634920634,0.09492063492063492,0.3695873015873016,False,True,True,True,True,True,True,False,True,False,,True,19,0,0
Mono,cellstate,5,0.5,0.03,3000,50,250,500,154,154,122,151,0.0444243553217912,0.09865263722619852,0.021220609455903573,1.409303115185468,3.2217553688141924,False,True,True,True,True,True,True,True,True,False,,True,21,2,2
Mono,cellstate,5,0.5,0.03,3000,50,500,1000,154,154,141,154,0.03434590450907972,0.1299521184033813,0.042441218911807146,3.624352771411595,2.7967914438502675,False,True,True,True,True,True,True,True,True,False,,True,21,3,2
Mono,cellstate,5,0.5,0.03,3000,50,1000,2000,155,155,154,155,0.026425204034915755,0.238522702622961,0.08378718056137412,8.379974863845831,2.3271051529116047,False,True,True,True,True,True,True,True,True,False,,True,21,11,6
Mono,cellstate,5,0.5,0.03,3000,75,100,198,138,138,82,124,0.10352535083748303,0.024576787236633785,0.010472865756902571,0.08177298212207765,0.3962234211361473,False,True,True,True,True,True,True,False,True,False,,True,20,0,0
Mono,cellstate,5,0.5,0.03,3000,75,250,497,171,171,127,166,0.07905265024254302,0.10431743246657767,0.017096663226694186,1.0360509115927072,2.9837977296181633,False,True,True,True,True,True,True,True,True,False,,True,24,1,1
Mono,cellstate,5,0.5,0.03,3000,75,500,979,175,175,155,174,0.11168148148148146,0.14750674396535512,0.032151067323481115,2.9426929392446635,2.8774055829228242,False,True,True,True,True,True,True,True,True,False,,True,24,4,4
Mono,cellstate,5,0.5,0.03,3000,75,1000,2000,177,177,174,177,0.08015417746012922,0.19667379867661688,0.06420133538777606,7.05614406779661,2.492006933744222,False,True,True,True,True,True,True,True,True,False,,True,24,8,5
Mono,cellstate,5,0.5,0.03,3000,100,100,193,136,136,77,120,0.18307029714417855,0.0353023562366123,0.0105119825708061,0.12619825708061003,0.723202614379085,False,True,True,True,True,True,True,False,True,False,,True,19,0,0
Mono,cellstate,5,0.5,0.03,3000,100,250,493,172,172,127,169,0.1409913988229968,0.08049205240723704,0.01676186590507276,0.9618863049095607,2.760845913232694,False,True,True,True,True,True,True,True,True,False,,True,22,4,4
Mono,cellstate,5,0.5,0.03,3000,100,500,987,177,177,165,175,0.1393044450697665,0.12701852237393585,0.03168335901386749,3.0692411402157167,3.211928608115049,False,True,True,True,True,True,True,True,True,False,,True,24,6,5
Mono,cellstate,5,0.5,0.03,3000,100,1000,1969,178,178,175,178,0.09994196730206183,0.19372275340778689,0.0624960325017457,6.873516155652892,2.521265790643052,False,True,True,True,True,True,True,True,True,False,,True,24,8,6
Mono,cellstate,5,0.5,0.03,4000,10,100,200,46,46,40,46,0.048322560787934725,0.22882853226102656,0.0966183574879227,2.593719806763285,2.1516908212560386,False,False,False,False,False,False,False,False,True,False,,False,6,0,0
Mono,cellstate,5,0.5,0.03,4000,10,250,500,46,46,46,46,0.004794328106599093,0.47780512031291883,0.24154589371980675,7.853623188405797,1.8579710144927537,False,False,False,False,False,False,False,False,True,False,,False,6,0,0
Mono,cellstate,5,0.5,0.03,4000,10,500,704,45,45,45,45,-0.0013178525086505353,0.6458203523463449,0.35555555555555557,11.180808080808081,1.6818181818181819,False,False,False,False,False,False,False,False,True,False,,False,6,0,0
Mono,cellstate,5,0.5,0.03,4000,10,1000,702,45,45,45,45,-0.0004850832641167815,0.6403881558302363,0.35454545454545455,11.172222222222222,1.6828282828282828,False,False,False,False,False,False,False,False,True,False,,False,6,0,0
Mono,cellstate,5,0.5,0.03,4000,25,100,200,93,93,69,82,0.07976625273922575,0.11445907736230315,0.02337540906965872,0.4887798036465638,2.697872837774661,False,True,True,False,False,False,False,False,True,False,,False,13,0,0
Mono,cellstate,5,0.5,0.03,4000,25,250,500,100,100,90,100,0.03261071736236198,0.14386109564669927,0.050505050505050504,2.966969696969697,2.743232323232323,False,True,True,False,False,False,False,False,True,False,,True,14,1,0
Mono,cellstate,5,0.5,0.03,4000,25,500,1000,101,101,100,101,0.02612020811388808,0.23007871750744086,0.09900990099009901,6.7726732673267325,2.343861386138614,False,True,True,False,False,False,False,False,True,False,,True,15,4,1
Mono,cellstate,5,0.5,0.03,4000,25,1000,2000,99,99,99,99,0.015541814280698821,0.42917556035443666,0.20614306328592044,14.562770562770563,1.8788909503195217,False,True,True,False,False,False,False,False,True,False,,True,15,5,1
Mono,cellstate,5,0.5,0.03,4000,50,100,199,127,127,73,112,0.07380554261122227,0.08011021843613421,0.012435945506811649,0.07424071991001124,0.24090738657667793,False,True,True,True,True,True,True,False,True,False,,True,19,1,0
Mono,cellstate,5,0.5,0.03,4000,50,250,499,151,151,118,148,0.053729172651536906,0.09753039455026206,0.022030905077262693,1.3389403973509935,3.213112582781457,False,True,True,True,True,True,True,True,True,False,,True,21,0,0
Mono,cellstate,5,0.5,0.03,4000,50,500,1000,154,154,138,153,0.04094375657886169,0.15996040777401446,0.042441218911807146,3.583396995161701,2.7470503352856293,False,True,True,True,True,True,True,True,True,False,,True,22,1,0
Mono,cellstate,5,0.5,0.03,4000,50,1000,2000,155,155,155,155,0.03230740740740742,0.21966792889596043,0.08378718056137412,8.478299120234604,2.389819857561793,False,True,True,True,True,True,False,True,True,False,,True,21,5,2
Mono,cellstate,5,0.5,0.03,4000,75,100,198,133,133,84,110,0.10934744268077598,0.049970477572377055,0.011278195488721804,0.08555479608111187,0.40373661426293006,False,True,True,True,True,True,True,False,True,False,,True,21,0,0
Mono,cellstate,5,0.5,0.03,4000,75,250,500,173,173,127,166,0.11441108033240995,0.06860133759517956,0.016803333781422233,1.1003831160102164,3.498050813281355,False,True,True,True,True,True,True,True,True,False,,True,24,1,1
Mono,cellstate,5,0.5,0.03,4000,75,500,1000,176,176,151,174,0.10938309407091458,0.1352611046839577,0.032467532467532464,2.846655844155844,2.840064935064935,False,True,True,True,True,True,True,True,True,False,,True,24,4,3
Mono,cellstate,5,0.5,0.03,4000,75,1000,2000,176,176,172,176,0.07317457065015293,0.19975393244540773,0.06493506493506493,7.097727272727273,2.485909090909091,False,True,True,True,True,True,True,True,True,False,,True,24,10,7
Mono,cellstate,5,0.5,0.03,4000,100,100,196,130,130,82,110,0.1477916522141288,0.05373433583959899,0.011687537268932617,0.09660107334525939,0.4686344663088849,False,True,True,True,True,True,True,False,True,False,,True,20,0,0
Mono,cellstate,5,0.5,0.03,4000,100,250,500,174,174,128,165,0.1411819656816953,0.07067451242569561,0.01661019201381968,1.0675702611122184,3.3127366952361967,False,True,True,True,True,True,True,True,True,False,,True,23,1,1
Mono,cellstate,5,0.5,0.03,4000,100,500,1000,179,179,154,177,0.13724087268159915,0.12954152255440327,0.03138534931893792,2.8547486033519553,2.865451007469713,False,True,True,True,True,True,True,True,True,False,,True,24,3,3
Mono,cellstate,5,0.5,0.03,4000,100,1000,2000,179,179,176,179,0.10175807281700738,0.19069529770495214,0.06277069863787584,6.95596635490553,2.4881677233067605,False,True,True,True,True,True,True,True,True,False,,True,24,10,7
Mono,cellstate,5,0.75,0.005,2000,10,100,200,44,44,40,43,0.0014163487108336432,0.35170980979804517,0.10570824524312897,2.4445031712473573,2.3609936575052854,False,True,False,False,False,False,False,False,True,False,,False,7,0,0
Mono,cellstate,5,0.75,0.005,2000,10,250,318,45,45,45,44,-0.0026674742862467724,0.4912446746316061,0.1606060606060606,3.9454545454545453,2.2328282828282826,False,True,False,False,True,False,False,False,True,False,,False,8,1,0
Mono,cellstate,5,0.75,0.005,2000,10,500,286,44,44,43,43,-0.006454882902759343,0.5240208585360456,0.1511627906976744,3.471458773784355,2.272198731501057,False,True,False,False,False,False,False,False,True,False,,False,7,1,1
Mono,cellstate,5,0.75,0.005,2000,10,1000,286,44,44,43,43,-0.006454882902759343,0.5240208585360456,0.1511627906976744,3.471458773784355,2.272198731501057,False,True,False,False,False,False,False,False,True,False,,False,7,1,1
Mono,cellstate,5,0.75,0.005,2000,25,100,200,91,91,64,89,0.05120498614958449,0.0816485102199388,0.02442002442002442,0.8993894993894994,2.4995115995115995,False,True,False,True,True,True,False,True,True,False,,True,15,2,2
Mono,cellstate,5,0.75,0.005,2000,25,250,500,94,94,84,94,0.02534293306521114,0.23255064768987688,0.057195149851292613,2.960649736902311,2.598146877144818,False,True,True,True,True,True,False,True,True,False,,True,16,2,2
Mono,cellstate,5,0.75,0.005,2000,25,500,1000,95,95,94,95,0.015807158509861217,0.36142008045367235,0.11198208286674133,6.209742441209406,2.3245240761478163,False,True,True,True,True,True,False,True,True,False,,True,16,5,4
Mono,cellstate,5,0.75,0.005,2000,25,1000,1399,94,94,94,94,0.004376898753797494,0.47434160185425855,0.16003202928391672,8.669755204758637,2.1557995881949212,False,True,True,True,True,True,False,True,True,False,,True,16,8,5
Mono,cellstate,5,0.75,0.005,2000,50,100,195,109,109,76,101,0.0698891966759003,0.05057172694787374,0.016564729867482163,0.5784063880394156,2.8021576622494053,False,True,False,True,True,True,True,False,True,False,,False,15,1,1
Mono,cellstate,5,0.75,0.005,2000,50,250,500,143,143,116,140,0.030041919950823035,0.12217320057037681,0.024623264059883777,1.6124298236974293,2.9105190584063823,False,True,True,True,True,True,True,True,True,False,,True,19,2,2
Mono,cellstate,5,0.75,0.005,2000,50,500,1000,149,149,132,147,0.028335457045866715,0.18800412066799504,0.045347360783602395,3.4509795029929258,2.571603482677308,False,True,True,True,True,True,True,True,True,False,,True,18,2,2
Mono,cellstate,5,0.75,0.005,2000,50,1000,2000,149,149,148,149,0.008633013058902548,0.31525054464733254,0.09069472156720479,7.701206239796844,2.390939597315436,False,True,True,True,True,True,True,True,True,False,,True,20,6,4
Mono,cellstate,5,0.75,0.005,2000,75,100,190,116,116,80,100,0.040134697652907884,0.02919824428445118,0.01424287856071964,0.4598950524737631,2.2806596701649173,False,True,False,True,True,True,True,False,True,False,,False,18,1,1
Mono,cellstate,5,0.75,0.005,2000,75,250,500,160,160,128,155,0.03165054734828356,0.10474142275709611,0.019654088050314465,1.367806603773585,3.0682783018867923,False,True,True,True,True,True,True,True,True,False,,True,23,1,1
Mono,cellstate,5,0.75,0.005,2000,75,500,1000,169,169,150,164,0.015042860243055551,0.15321804382924176,0.035221189067342916,2.9131797689489995,2.655325443786982,False,True,True,True,True,True,True,True,True,False,,True,23,2,2
Mono,cellstate,5,0.75,0.005,2000,75,1000,2000,168,168,164,168,0.007592283028312876,0.27138486069635753,0.071285999429712,6.559024807527802,2.492301112061591,False,True,True,True,True,True,True,True,True,False,,True,22,5,5
Mono,cellstate,5,0.75,0.005,2000,100,100,193,122,122,88,105,0.0799722991689751,0.06383684621389539,0.013074109199295489,0.34697195501964506,1.9843517138599105,False,True,False,True,True,True,True,False,True,False,,False,19,1,1
Mono,cellstate,5,0.75,0.005,2000,100,250,500,161,161,129,156,0.06432279215900558,0.09984909398693213,0.019409937888198756,1.3401009316770187,3.089751552795031,False,True,True,True,True,True,True,True,True,False,,True,23,2,2
Mono,cellstate,5,0.75,0.005,2000,100,500,1000,170,170,149,165,0.032668185763888885,0.15291221749463163,0.03480682213713888,2.879185520361991,2.6226592412112772,False,True,True,True,True,True,True,True,True,False,,True,23,2,2
Mono,cellstate,5,0.75,0.005,2000,100,1000,2000,172,172,168,172,0.02326823864570269,0.26269800819183103,0.06799945600435196,6.388140894872841,2.516217870257038,False,True,True,True,True,True,True,True,True,False,,True,24,5,4
Mono,cellstate,5,0.75,0.005,3000,10,100,200,44,44,40,43,0.00023374726077429655,0.3529591731797615,0.10570824524312897,2.4397463002114166,2.350951374207188,False,True,False,False,False,False,False,False,True,False,,False,7,0,0
Mono,cellstate,5,0.75,0.005,3000,10,250,286,44,44,43,43,-0.006454882902759343,0.5240208585360456,0.1511627906976744,3.471458773784355,2.272198731501057,False,True,False,False,False,False,False,False,True,False,,False,7,1,1
Mono,cellstate,5,0.75,0.005,3000,10,500,286,44,44,43,43,-0.006454882902759343,0.5240208585360456,0.1511627906976744,3.471458773784355,2.272198731501057,False,True,False,False,False,False,False,False,True,False,,False,7,1,1
Mono,cellstate,5,0.75,0.005,3000,10,1000,286,44,44,43,43,-0.006454882902759343,0.5240208585360455,0.1511627906976744,3.471458773784355,2.272198731501057,False,True,False,False,False,False,False,False,True,False,,False,7,1,1
Mono,cellstate,5,0.75,0.005,3000,25,100,200,91,91,67,87,0.04431566865429297,0.10006919389595538,0.02442002442002442,0.8216117216117216,2.3461538461538463,False,True,True,True,True,True,False,True,True,False,,True,16,1,1
Mono,cellstate,5,0.75,0.005,3000,25,250,500,94,94,84,94,0.025797756050504644,0.23009645679493998,0.057195149851292613,2.9788377945550217,2.596774193548387,False,True,True,True,True,True,False,True,True,False,,True,16,2,2
Mono,cellstate,5,0.75,0.005,3000,25,500,1000,95,95,94,95,0.015397516435354279,0.36148344828612355,0.11198208286674133,6.205263157894737,2.330683090705487,False,True,True,True,True,True,False,True,True,False,,True,16,5,4
Mono,cellstate,5,0.75,0.005,3000,25,1000,1399,94,94,94,94,0.004376898753797494,0.47434160185425855,0.16003202928391672,8.669755204758637,2.1557995881949212,False,True,True,True,True,True,False,True,True,False,,True,16,8,5
Mono,cellstate,5,0.75,0.005,3000,50,100,194,110,110,76,102,0.07529184513311496,0.04783009919373555,0.016180150125104254,0.55604670558799,2.717347789824854,False,True,False,True,True,True,True,False,True,False,,False,15,1,1
Mono,cellstate,5,0.75,0.005,3000,50,250,500,144,144,116,140,0.037453544744930116,0.12169472883926884,0.02428127428127428,1.5793512043512044,3.010003885003885,False,True,True,True,True,True,True,True,True,False,,True,18,2,2
Mono,cellstate,5,0.75,0.005,3000,50,500,1000,148,148,135,146,0.019252946061865416,0.18678384386220956,0.045964331678617396,3.615324508181651,2.6879481522338664,False,True,True,True,True,True,True,True,True,False,,True,19,2,2
Mono,cellstate,5,0.75,0.005,3000,50,1000,2000,149,149,148,149,0.013146103643104718,0.31346987670208293,0.09069472156720479,7.695945945945946,2.3971975331035735,False,True,True,True,True,True,True,True,True,False,,True,18,7,4
Mono,cellstate,5,0.75,0.005,3000,75,100,190,115,115,80,99,0.03981674181986362,0.032454212454212455,0.014492753623188406,0.46460717009916097,2.273913043478261,False,True,False,True,True,True,True,False,True,False,,False,18,1,1
Mono,cellstate,5,0.75,0.005,3000,75,250,500,160,160,128,155,0.03136312410354487,0.10573929422882193,0.019654088050314465,1.3589622641509433,3.0305424528301885,False,True,True,True,True,True,True,True,True,False,,True,23,1,1
Mono,cellstate,5,0.75,0.005,3000,75,500,1000,169,169,149,164,0.011997020100246794,0.15412843958861017,0.035221189067342916,2.9069808396731474,2.6351084812623276,False,True,True,True,True,True,True,True,True,False,,True,23,2,2
Mono,cellstate,5,0.75,0.005,3000,75,1000,2000,171,171,167,171,0.015022698519834104,0.26635102452796644,0.06879944960440317,6.401891984864121,2.4986584107327143,False,True,True,True,True,True,True,True,True,False,,True,23,5,4
Mono,cellstate,5,0.75,0.005,3000,100,100,189,114,114,79,99,0.08257121986851718,0.032236038814986184,0.014671634839310665,0.4712777519018786,2.321766806396522,False,True,False,True,True,True,True,False,True,False,,False,18,1,1
Mono,cellstate,5,0.75,0.005,3000,100,250,500,161,161,129,156,0.0657455627590605,0.10590682065020078,0.019409937888198756,1.345613354037267,3.1173136645962733,False,True,True,True,True,True,True,True,True,False,,True,23,1,1
Mono,cellstate,5,0.75,0.005,3000,100,500,1000,170,170,151,165,0.03229220920138889,0.1556510824562215,0.03480682213713888,2.882735816219979,2.661399234249913,False,True,True,True,True,True,True,True,True,False,,True,23,2,2
Mono,cellstate,5,0.75,0.005,3000,100,1000,2000,170,170,166,170,0.01182987616286562,0.26308071373877556,0.06961364427427776,6.494430908458058,2.517020536025061,False,True,True,True,True,True,True,True,True,False,,True,23,5,5
Mono,cellstate,5,0.75,0.005,4000,10,100,200,44,44,40,43,0.0020452885317750304,0.3534106740587181,0.10570824524312897,2.4244186046511627,2.3636363636363638,False,True,False,False,False,False,False,False,True,False,,False,7,0,0
Mono,cellstate,5,0.75,0.005,4000,10,250,318,45,45,45,44,-0.0026674742862467724,0.4912446746316061,0.1606060606060606,3.9454545454545453,2.2328282828282826,False,True,False,False,True,False,False,False,True,False,,False,8,1,0
Mono,cellstate,5,0.75,0.005,4000,10,500,318,45,45,45,44,-0.0026674742862467724,0.4912446746316061,0.1606060606060606,3.9454545454545453,2.2328282828282826,False,True,False,False,True,False,False,False,True,False,,False,8,1,0
Mono,cellstate,5,0.75,0.005,4000,10,1000,286,44,44,43,43,-0.006454882902759343,0.5240208585360456,0.1511627906976744,3.471458773784355,2.272198731501057,False,True,False,False,False,False,False,False,True,False,,False,7,1,1
Mono,cellstate,5,0.75,0.005,4000,25,100,200,91,91,67,86,0.045323479185913035,0.11273438190050988,0.02442002442002442,0.8346764346764347,2.429181929181929,False,True,True,True,True,True,False,True,True,False,,True,16,1,1
Mono,cellstate,5,0.75,0.005,4000,25,250,500,94,94,84,94,0.02415468736617668,0.23142615137211495,0.057195149851292613,2.980896819949668,2.598947609242736,False,True,True,True,True,True,False,True,True,False,,True,16,2,2
Mono,cellstate,5,0.75,0.005,4000,25,500,1000,95,95,94,95,0.013747260774287812,0.3637268281537781,0.11198208286674133,6.205823068309071,2.33057110862262,False,True,True,True,True,True,False,True,True,False,,True,16,5,4
Mono,cellstate,5,0.75,0.005,4000,25,1000,1440,95,95,95,95,-0.001028594453152283,0.4953749735304479,0.1612541993281075,8.865845464725643,2.123404255319149,False,True,True,True,True,True,False,True,True,False,,True,16,8,5
Mono,cellstate,5,0.75,0.005,4000,50,100,194,108,108,76,100,0.06644550824445003,0.05173442812331701,0.016787815853236413,0.5855832467982001,2.8219106957424716,False,True,False,True,True,True,True,False,True,False,,False,15,1,1
Mono,cellstate,5,0.75,0.005,4000,50,250,500,143,143,115,140,0.03409304350795713,0.12250461863090786,0.024623264059883777,1.6402048655569783,2.90894316950655,False,True,True,True,True,True,True,True,True,False,,True,19,2,2
Mono,cellstate,5,0.75,0.005,4000,50,500,1000,149,149,137,147,0.014037580087512927,0.18478728527289562,0.045347360783602395,3.579720660257573,2.7361237076002176,False,True,True,True,True,True,True,True,True,False,,True,19,2,2
Mono,cellstate,5,0.75,0.005,4000,50,1000,2000,149,149,148,149,0.01269719761625001,0.31684303541092246,0.09069472156720479,7.703246871032106,2.4015962270995828,False,True,True,True,True,True,True,True,True,False,,True,18,7,4
Mono,cellstate,5,0.75,0.005,4000,75,100,189,115,115,80,99,0.04962746530314102,0.03435101130753304,0.014416475972540047,0.4617086193745233,2.2950419527078565,False,True,False,True,True,True,True,False,True,False,,False,18,1,1
Mono,cellstate,5,0.75,0.005,4000,75,250,500,162,162,132,156,0.05523009884153474,0.10512703931151653,0.01917030902538149,1.2112951460777548,2.742811134115482,False,True,True,True,True,True,True,True,True,False,,True,22,2,2
Mono,cellstate,5,0.75,0.005,4000,75,500,1000,169,169,149,164,0.014134114583333341,0.1553299410861813,0.035221189067342916,2.9189208227669767,2.632185122569738,False,True,True,True,True,True,True,True,True,False,,True,23,2,2
Mono,cellstate,5,0.75,0.005,4000,75,1000,2000,169,169,165,169,0.007325107983549313,0.2662770663269608,0.07044237813468583,6.539130741053818,2.5022541561003098,False,True,True,True,True,True,True,True,True,False,,True,23,5,5
Mono,cellstate,5,0.75,0.005,4000,100,100,190,117,117,81,101,0.07914209735229508,0.03429291506214582,0.013999410551134689,0.45262304745063364,2.308650162098438,False,True,False,True,True,True,True,False,True,False,,False,18,1,1
Mono,cellstate,5,0.75,0.005,4000,100,250,500,161,161,129,156,0.059994194385629446,0.10213188474250333,0.019409937888198756,1.3372282608695651,3.119526397515528,False,True,True,True,True,True,True,True,True,False,,True,23,1,1
Mono,cellstate,5,0.75,0.005,4000,100,500,1000,170,170,154,167,0.046642296964583954,0.14304796412032378,0.03480682213713888,2.982004872955099,2.8579881656804735,False,True,True,True,True,True,True,True,True,False,,True,23,3,3
Mono,cellstate,5,0.75,0.005,4000,100,1000,2000,172,172,168,172,0.021214004705965288,0.2609881731621418,0.06799945600435196,6.390962872297021,2.507887936896505,False,True,True,True,True,True,True,True,True,False,,True,24,5,4
Mono,cellstate,5,0.75,0.01,2000,10,100,200,48,48,39,48,0.018480642804967144,0.24724928530075593,0.08865248226950355,2.2349290780141846,2.12677304964539,False,True,False,False,False,False,False,False,True,False,,True,7,1,0
Mono,cellstate,5,0.75,0.01,2000,10,250,431,49,49,49,48,-0.005336888888888882,0.4777310881604701,0.1832482993197279,5.2482993197278915,2.078656462585034,False,True,False,False,False,False,False,False,True,False,,True,7,1,0
Mono,cellstate,5,0.75,0.01,2000,10,500,430,49,49,49,48,-0.005329720609682854,0.47891555806725655,0.1828231292517007,5.228316326530612,2.08078231292517,False,True,False,False,False,False,False,False,True,False,,True,7,1,0
Mono,cellstate,5,0.75,0.01,2000,10,1000,404,48,48,48,45,-0.0005124935433884429,0.4758629340176142,0.17907801418439717,4.891843971631205,2.0066489361702127,False,True,False,False,False,False,False,False,True,False,,True,7,1,0
Mono,cellstate,5,0.75,0.01,2000,25,100,199,93,93,69,89,0.0494875346260388,0.09758413629381368,0.023258532024310427,0.7501168770453482,2.692964001870033,False,True,True,False,True,True,False,True,True,False,,True,16,3,3
Mono,cellstate,5,0.75,0.01,2000,25,250,500,101,101,92,101,0.020075663110939616,0.15566316174705958,0.04950495049504951,2.8886138613861387,2.8113861386138614,False,True,True,False,True,True,False,True,True,False,,True,15,3,2
Mono,cellstate,5,0.75,0.01,2000,25,500,1000,101,101,99,101,0.013051663180277066,0.257029763878729,0.09900990099009901,6.28,2.33970297029703,False,True,True,False,True,True,False,True,True,False,,True,17,5,3
Mono,cellstate,5,0.75,0.01,2000,25,1000,1959,102,102,102,102,-0.0009696671765972598,0.472260155650138,0.19015725101921957,12.210153368278004,1.9868957483983694,False,True,True,False,True,True,False,True,True,False,,True,17,5,3
Mono,cellstate,5,0.75,0.01,2000,50,100,193,117,117,76,105,0.07438320507016749,0.07264436725221038,0.01422045387562629,0.2841143530798703,1.4054671382257589,False,True,True,True,True,True,True,True,True,False,,True,19,3,3
Mono,cellstate,5,0.75,0.01,2000,50,250,500,146,146,120,141,0.05593150642071435,0.10058843051665561,0.023618327822390175,1.543032593292395,2.7631081719414263,False,True,True,True,True,True,True,True,True,False,,True,21,5,4
Mono,cellstate,5,0.75,0.01,2000,50,500,1000,149,149,142,148,0.04590769534616489,0.15350547844949117,0.045347360783602395,3.762198440050789,2.816479230908761,False,True,True,True,True,True,True,True,True,False,,True,21,6,4
Mono,cellstate,5,0.75,0.01,2000,50,1000,2000,150,150,150,150,0.027666211060004945,0.26045718777974103,0.0894854586129754,8.12890380313199,2.3722147651006713,False,True,True,True,True,True,True,True,True,False,,True,21,7,4
Mono,cellstate,5,0.75,0.01,2000,75,100,195,130,130,89,112,0.11927059755545497,0.06478585517047054,0.011627906976744186,0.1771019677996422,0.8289206917113894,False,True,True,True,True,True,True,True,True,False,,True,20,3,3
Mono,cellstate,5,0.75,0.01,2000,75,250,500,165,165,128,158,0.08327547223557479,0.0698610895937099,0.018477457501847747,1.238470066518847,2.9417220990391724,False,True,True,True,True,True,True,True,True,False,,True,22,5,4
Mono,cellstate,5,0.75,0.01,2000,75,500,1000,173,173,154,170,0.07917636117667828,0.13733076637179886,0.033606667562844465,2.9836335528968947,2.8006116413496436,False,True,True,True,True,True,True,True,True,False,,True,23,8,6
Mono,cellstate,5,0.75,0.01,2000,75,1000,2000,173,173,170,173,0.047110733162624686,0.23649727314577282,0.06721333512568893,6.8245731953219515,2.48854012636107,False,True,True,True,True,True,True,True,True,False,,True,23,11,8
Mono,cellstate,5,0.75,0.01,2000,100,100,193,129,129,86,111,0.103963510537905,0.050495026076421416,0.011688468992248062,0.17217781007751937,0.8365431201550387,False,True,True,True,True,True,True,True,True,False,,True,21,3,3
Mono,cellstate,5,0.75,0.01,2000,100,250,500,169,169,131,161,0.12453407202216063,0.0814340569126507,0.017610594533671458,1.1522964215271907,2.909340659340659,False,True,True,True,True,True,True,True,True,False,,True,21,5,4
Mono,cellstate,5,0.75,0.01,2000,100,500,1000,176,176,157,173,0.0943468520246483,0.13469396609841355,0.032467532467532464,2.908863636363636,2.838831168831169,False,True,True,True,True,True,True,True,True,False,,True,22,9,7
Mono,cellstate,5,0.75,0.01,2000,100,1000,2000,177,177,173,177,0.061838572784505406,0.22524202556964573,0.06420133538777606,6.595178479712378,2.5105611196712894,False,True,True,True,True,True,True,True,True,False,,True,23,10,7
Mono,cellstate,5,0.75,0.01,3000,10,100,200,48,48,41,48,-0.002894612476370513,0.2568226673925204,0.08865248226950355,2.351063829787234,2.285904255319149,False,True,False,False,False,False,False,False,True,False,,True,6,1,0
Mono,cellstate,5,0.75,0.01,3000,10,250,496,49,49,49,49,-0.016022850347214852,0.5357915330660235,0.2108843537414966,6.24234693877551,2.0697278911564627,False,True,False,False,False,False,False,False,True,False,,True,6,1,0
Mono,cellstate,5,0.75,0.01,3000,10,500,531,49,49,49,49,-0.020420396605852514,0.5586355095894127,0.22576530612244897,6.789115646258503,2.0216836734693877,False,True,False,False,False,False,False,False,True,False,,True,6,1,0
Mono,cellstate,5,0.75,0.01,3000,10,1000,511,49,49,49,49,-0.018159323317762915,0.5555031935954295,0.21726190476190477,6.359268707482993,2.056547619047619,False,True,False,False,False,False,False,False,True,False,,True,6,1,0
Mono,cellstate,5,0.75,0.01,3000,25,100,199,94,94,66,90,0.030734072022160663,0.08490374873353596,0.022763669640814457,0.6007778540379776,1.9596202242049874,False,True,True,True,True,True,False,True,True,False,,True,16,3,3
Mono,cellstate,5,0.75,0.01,3000,25,250,500,101,101,95,99,0.002705515088449526,0.18544951490280864,0.04950495049504951,2.7295049504950497,2.9994059405940594,False,True,True,True,True,True,False,True,True,False,,True,16,4,3
Mono,cellstate,5,0.75,0.01,3000,25,500,1000,101,101,100,101,0.0011243301484234395,0.2585181066910233,0.09900990099009901,6.2949504950495045,2.3284158415841585,False,True,True,True,True,True,False,True,True,False,,True,16,6,3
Mono,cellstate,5,0.75,0.01,3000,25,1000,2000,101,101,101,101,-0.003254797374068927,0.47179621261455396,0.19801980198019803,12.921584158415842,1.9475247524752475,False,True,True,True,True,True,False,True,True,False,,True,16,8,4
Mono,cellstate,5,0.75,0.01,3000,50,100,196,119,119,81,108,0.09199445983379503,0.057736427904495125,0.013958125623130608,0.19299245121777525,0.7561600911551061,False,True,True,True,True,True,True,True,True,False,,True,20,4,4
Mono,cellstate,5,0.75,0.01,3000,50,250,500,143,143,114,140,0.05249878200859076,0.12239560561401257,0.024623264059883777,1.4957155520535803,2.8058209396237563,False,True,True,True,True,True,True,True,True,False,,True,20,5,4
Mono,cellstate,5,0.75,0.01,3000,50,500,1000,147,147,140,145,0.046502284072279826,0.18472709082725416,0.046593980057776534,3.7807753238281614,2.8919485602460164,False,True,True,True,True,True,True,True,True,False,,True,20,5,4
Mono,cellstate,5,0.75,0.01,3000,50,1000,2000,148,148,146,148,0.027921600722751218,0.27752686940980253,0.09192866335723479,8.210838389409817,2.316924066924067,False,True,True,True,True,True,True,True,True,False,,True,20,9,6
Mono,cellstate,5,0.75,0.01,3000,75,100,194,132,132,88,114,0.13829639889196674,0.032922170422170424,0.011219060837381448,0.07812861438815637,0.25185056673606293,False,True,True,True,True,True,True,True,True,False,,True,22,4,4
Mono,cellstate,5,0.75,0.01,3000,75,250,500,166,166,128,159,0.09580008473977827,0.0777085053697385,0.018254837531945966,1.096969696969697,2.762175976633808,False,True,True,True,True,True,True,True,True,False,,True,22,5,4
Mono,cellstate,5,0.75,0.01,3000,75,500,1000,173,173,156,167,0.07649617871840092,0.14975150169326937,0.033606667562844465,2.8776381234036834,2.804039521441054,False,True,True,True,True,True,True,True,True,False,,True,22,6,5
Mono,cellstate,5,0.75,0.01,3000,75,1000,2000,174,174,169,173,0.04926048786067659,0.2270869560261275,0.06644076805527872,6.6425486678626005,2.4746860673709388,False,True,True,True,True,True,True,True,True,False,,True,22,8,6
Mono,cellstate,5,0.75,0.01,3000,100,100,191,125,125,84,104,0.1260628195763331,0.04262710622710623,0.01232258064516129,0.12167741935483871,0.4590967741935484,False,True,True,True,True,True,True,True,True,False,,True,21,2,2
Mono,cellstate,5,0.75,0.01,3000,100,250,493,166,166,130,158,0.14195476294835266,0.07106507182871463,0.017999269806498724,1.0428623585250092,2.710843373493976,False,True,True,True,True,True,True,True,True,False,,True,23,5,4
Mono,cellstate,5,0.75,0.01,3000,100,500,1000,177,177,158,170,0.09016936815878611,0.1405056157289065,0.03210066769388803,2.7359720082177708,2.789933230611197,False,True,True,True,True,True,True,True,True,False,,True,23,6,5
Mono,cellstate,5,0.75,0.01,3000,100,1000,2000,178,178,177,177,0.051354851115941645,0.2118394064036383,0.06347997206881228,6.493112423030534,2.5945216784104614,False,True,True,True,True,True,True,True,True,False,,True,24,7,5
Mono,cellstate,5,0.75,0.01,4000,10,100,200,48,48,43,47,-0.008966308416857863,0.22392723017723015,0.08865248226950355,2.4175531914893615,2.3470744680851063,False,True,False,False,False,False,False,False,True,False,,True,7,1,0
Mono,cellstate,5,0.75,0.01,4000,10,250,477,48,48,48,47,-0.015172902494331071,0.526251123312785,0.21143617021276595,6.217198581560283,1.9277482269503545,False,True,False,False,False,False,False,False,True,False,,True,7,1,0
Mono,cellstate,5,0.75,0.01,4000,10,500,511,48,48,48,48,-0.014461220184561457,0.5661549518667283,0.22650709219858156,6.608156028368795,2.0208333333333335,False,True,False,False,False,False,False,False,True,False,,True,6,1,0
Mono,cellstate,5,0.75,0.01,4000,10,1000,511,48,48,48,48,-0.014461220184561457,0.5661549518667283,0.22650709219858156,6.608156028368795,2.0208333333333335,False,True,False,False,False,False,False,False,True,False,,True,6,1,0
Mono,cellstate,5,0.75,0.01,4000,25,100,200,96,96,63,91,0.005386365505331541,0.06221252705627705,0.021929824561403508,0.5325657894736842,1.830592105263158,False,True,True,True,True,True,False,True,True,False,,True,15,3,3
Mono,cellstate,5,0.75,0.01,4000,25,250,500,102,102,96,100,-0.0016814060642092645,0.1790830855995853,0.04853426519122501,2.7207338380896915,3.0147544166181324,False,True,True,True,True,True,False,True,True,False,,True,16,4,3
Mono,cellstate,5,0.75,0.01,4000,25,500,1000,102,102,102,102,-0.009716290475169934,0.2797983426703006,0.09706853038245002,6.191710347505339,2.4199184624344787,False,True,True,True,True,True,False,True,True,False,,True,16,6,3
Mono,cellstate,5,0.75,0.01,4000,25,1000,2000,101,101,101,101,-0.004364042301019217,0.4701850447482023,0.19801980198019803,12.97009900990099,1.946138613861386,False,True,True,True,True,True,False,True,True,False,,True,16,7,4
Mono,cellstate,5,0.75,0.01,4000,50,100,193,114,114,79,102,0.06398138513122906,0.06697994987468671,0.014982145629560626,0.15253842571029344,0.5566682192206179,False,True,True,True,True,True,True,True,True,False,,True,19,3,3
Mono,cellstate,5,0.75,0.01,4000,50,250,500,143,143,112,139,0.051356602251161856,0.10729729951406103,0.024623264059883777,1.4866049443514233,2.663990938638826,False,True,True,True,True,True,True,True,True,False,,True,20,5,4
Mono,cellstate,5,0.75,0.01,4000,50,500,1000,147,147,140,145,0.04869464677997455,0.18235593537587094,0.046593980057776534,3.7859472556145746,2.8727052464821545,False,True,True,True,True,True,True,True,True,False,,True,20,5,4
Mono,cellstate,5,0.75,0.01,4000,50,1000,2000,151,151,151,151,0.023545345710092168,0.2600837775526803,0.08830022075055188,8.112538631346577,2.3762030905077265,False,True,True,True,True,True,True,True,True,False,,True,21,7,4
Mono,cellstate,5,0.75,0.01,4000,75,100,190,122,122,82,103,0.08381084593572778,0.058488960947977335,0.012870884703969653,0.1577022083728492,0.665424739195231,False,True,True,True,True,True,True,True,True,False,,True,20,2,2
Mono,cellstate,5,0.75,0.01,4000,75,250,496,162,162,127,158,0.10374339087383673,0.07673713080680934,0.019016946553178437,1.1187408941032129,2.7731385629936356,False,True,True,True,True,True,True,True,True,False,,True,22,5,4
Mono,cellstate,5,0.75,0.01,4000,75,500,1000,172,172,156,168,0.07528360203639227,0.15140995683461686,0.03399972800217598,2.8820549435604517,2.899292805657555,False,True,True,True,True,True,True,True,True,False,,True,22,6,5
Mono,cellstate,5,0.75,0.01,4000,75,1000,2000,173,173,172,173,0.04380119392736831,0.22025497574038447,0.06721333512568893,6.7800779674687455,2.5554510014786933,False,True,True,True,True,True,True,True,True,False,,True,23,7,5
Mono,cellstate,5,0.75,0.01,4000,100,100,192,131,131,86,111,0.1697176324128565,0.03422764682306667,0.011274221961244862,0.073047563123899,0.23623018203170876,False,True,True,True,True,True,True,False,True,False,,True,22,4,4
Mono,cellstate,5,0.75,0.01,4000,100,250,496,167,167,129,161,0.13268286745912616,0.07381745141436283,0.017891926989394704,1.0519082317293125,2.771445061683861,False,True,True,True,True,True,True,True,True,False,,True,23,5,4
Mono,cellstate,5,0.75,0.01,4000,100,500,1000,176,176,158,171,0.08582708246683521,0.13888190206118883,0.032467532467532464,2.814448051948052,2.8694805194805193,False,True,True,True,True,True,True,True,True,False,,True,23,6,5
Mono,cellstate,5,0.75,0.01,4000,100,1000,2000,178,178,176,177,0.05107919716524842,0.21232542618149644,0.06347997206881228,6.49438202247191,2.569923189233797,False,True,True,True,True,True,True,True,True,False,,True,24,7,5
Mono,cellstate,5,0.75,0.02,2000,10,100,200,44,44,38,44,0.05001837682515287,0.21589300850664495,0.10570824524312897,2.6358350951374208,2.2695560253699787,False,True,False,False,False,False,True,False,True,False,,False,8,0,0
Mono,cellstate,5,0.75,0.02,2000,10,250,500,48,48,47,48,0.018990624999999994,0.47366197471974686,0.22163120567375885,7.158244680851064,1.8865248226950355,False,True,False,False,False,False,True,False,True,False,,False,6,0,0
Mono,cellstate,5,0.75,0.02,2000,10,500,430,45,45,45,45,0.022690562576602465,0.5085316420288533,0.21717171717171718,6.152525252525253,2.0434343434343436,False,True,False,False,False,False,True,False,True,False,,False,8,0,0
Mono,cellstate,5,0.75,0.02,2000,10,1000,545,49,49,49,49,0.013411453471937018,0.49052962798936905,0.23171768707482993,7.557397959183674,1.9187925170068028,False,True,False,False,False,False,True,False,True,False,,False,6,0,0
Mono,cellstate,5,0.75,0.02,2000,25,100,200,87,87,70,81,0.03814243285123968,0.05180043455905525,0.02673082063619353,0.9187383052659717,4.001603849238172,False,True,False,False,False,False,True,False,True,False,,True,14,0,0
Mono,cellstate,5,0.75,0.02,2000,25,250,500,93,93,85,92,0.0455749971730719,0.1612552204907143,0.0584385226741468,3.288569424964937,2.6077606358111267,False,True,True,False,False,False,True,False,True,False,,True,18,2,2
Mono,cellstate,5,0.75,0.02,2000,25,500,1000,94,94,92,94,0.01953827294100587,0.27832856597878763,0.11439029970258523,7.27522306108442,2.1734156943491194,False,True,True,False,False,False,True,False,True,False,,True,16,6,4
Mono,cellstate,5,0.75,0.02,2000,25,1000,2000,93,93,93,93,0.010188923119212677,0.5014056327453259,0.2337540906965872,14.762155212716223,1.8466573165030389,False,True,True,False,False,False,True,False,True,False,,True,18,9,6
Mono,cellstate,5,0.75,0.02,2000,50,100,200,123,123,84,107,0.0500945179584121,0.045870931236784894,0.013328002132480341,0.3640543782487005,1.9579501532720245,False,True,False,True,True,True,True,False,True,False,,True,16,1,1
Mono,cellstate,5,0.75,0.02,2000,50,250,498,148,148,125,144,0.05119588382436004,0.10354397589691706,0.022890237175951463,1.6437764294907151,3.2393362750505608,False,True,True,True,True,True,True,True,True,False,,True,23,2,2
Mono,cellstate,5,0.75,0.02,2000,50,500,992,151,151,141,150,0.04577589189557962,0.15836561719723638,0.04379690949227373,3.7746578366445918,2.76878587196468,False,True,True,True,True,True,True,True,True,False,,True,23,3,3
Mono,cellstate,5,0.75,0.02,2000,50,1000,2000,151,151,150,151,0.027573077100155753,0.25782622265540983,0.08830022075055188,8.457041942604857,2.3106401766004416,False,True,True,True,True,True,True,True,True,False,,True,22,7,5
Mono,cellstate,5,0.75,0.02,2000,75,100,200,129,129,89,109,0.08251122400756142,0.055313248336504146,0.012112403100775194,0.219234496124031,1.2771317829457365,False,True,True,True,True,True,True,False,True,False,,True,17,1,1
Mono,cellstate,5,0.75,0.02,2000,75,250,500,164,164,134,159,0.09992257232994767,0.1074114939236135,0.01870417477180907,1.3772257967978452,3.3608783480472844,False,True,True,True,True,True,True,False,True,False,,True,22,4,4
Mono,cellstate,5,0.75,0.02,2000,75,500,999,172,172,158,171,0.08092818473083582,0.1482006878554568,0.03396572827417381,3.201924384604923,2.948830409356725,False,True,True,True,True,True,True,True,True,False,,True,23,6,5
Mono,cellstate,5,0.75,0.02,2000,75,1000,1990,172,172,170,172,0.0573551422351537,0.2301051715211943,0.0676594587243302,7.170712634298925,2.4444104447164423,False,True,True,True,True,True,True,True,True,False,,True,23,10,8
Mono,cellstate,5,0.75,0.02,2000,100,100,199,132,132,89,111,0.1507413752362949,0.0439446916719644,0.01150821188989128,0.23189914411288456,1.1929794124450612,False,True,True,True,True,True,True,False,True,False,,True,17,1,1
Mono,cellstate,5,0.75,0.02,2000,100,250,500,168,168,137,158,0.12594281663516071,0.09250310305099207,0.017821499857428,1.2423723980610208,3.069610778443114,False,True,True,True,True,True,True,False,True,False,,True,21,4,4
Mono,cellstate,5,0.75,0.02,2000,100,500,999,177,177,162,176,0.12115620054346203,0.14810849189087055,0.03206856702619414,3.064265536723164,3.0052966101694913,False,True,True,True,True,True,True,True,True,False,,True,23,6,5
Mono,cellstate,5,0.75,0.02,2000,100,1000,1990,178,178,174,178,0.07486230301951975,0.21939737913342586,0.06316257220846823,6.827144036056624,2.4561353393004506,False,True,True,True,True,True,True,True,True,False,,True,23,8,7
Mono,cellstate,5,0.75,0.02,3000,10,100,200,45,45,39,44,0.07068395201978016,0.2790127773461107,0.10101010101010101,2.706060606060606,2.2222222222222223,False,True,False,False,False,False,False,False,True,False,,False,8,0,0
Mono,cellstate,5,0.75,0.02,3000,10,250,500,45,45,45,45,0.003958813917723947,0.5007046904759408,0.25252525252525254,7.878787878787879,1.8863636363636365,False,True,False,False,False,False,False,False,True,False,,False,4,0,0
Mono,cellstate,5,0.75,0.02,3000,10,500,589,45,45,45,44,0.007708732240956767,0.6201406091150301,0.29747474747474745,8.782828282828282,1.7606060606060605,False,True,False,False,False,False,False,False,True,False,,False,8,0,0
Mono,cellstate,5,0.75,0.02,3000,10,1000,633,45,45,45,45,-0.0012916461643466021,0.6133979243463609,0.3196969696969697,9.94848484848485,1.7313131313131314,False,True,False,False,False,False,False,False,True,False,,False,4,0,0
Mono,cellstate,5,0.75,0.02,3000,25,100,200,87,87,68,81,0.08730952995867769,0.10337612578991887,0.02673082063619353,0.9371825715049452,3.375835338144881,False,True,True,False,False,False,False,False,True,False,,True,13,1,1
Mono,cellstate,5,0.75,0.02,3000,25,250,500,93,93,87,93,0.021017571781050907,0.1646727846318378,0.0584385226741468,3.1847826086956523,2.6986909770920993,False,True,True,False,False,False,False,False,True,False,,True,16,3,2
Mono,cellstate,5,0.75,0.02,3000,25,500,1000,94,94,91,94,0.03948555151873384,0.2770741570127389,0.11439029970258523,6.951269732326699,2.1821093571265155,False,True,True,False,False,False,False,False,True,False,,True,16,4,3
Mono,cellstate,5,0.75,0.02,3000,25,1000,2000,94,94,94,94,0.004832905551176053,0.4751411275554067,0.22878059940517045,15.173987645847632,1.84248455730954,False,True,True,False,False,False,False,False,True,False,,True,16,5,3
Mono,cellstate,5,0.75,0.02,3000,50,100,197,119,119,72,109,0.08771365960555152,0.05023342670401495,0.014029340549779234,0.4138299387551631,2.524284289987181,False,True,True,True,True,True,True,False,True,False,,True,18,2,2
Mono,cellstate,5,0.75,0.02,3000,50,250,500,148,148,123,143,0.07763949078458174,0.09084658165540511,0.022982165839308698,1.5424250781393638,3.1975087332230188,False,True,True,True,True,True,True,True,True,False,,True,23,3,2
Mono,cellstate,5,0.75,0.02,3000,50,500,1000,151,151,143,149,0.07219093746558373,0.15156267320290265,0.04415011037527594,3.7743046357615895,2.744988962472406,False,True,True,True,True,True,True,True,True,False,,True,23,4,3
Mono,cellstate,5,0.75,0.02,3000,50,1000,2000,156,156,156,156,0.053891551737882674,0.24461684438055592,0.0827129859387924,8.23560794044665,2.3827129859387925,False,True,True,True,True,True,True,True,True,False,,True,21,9,6
Mono,cellstate,5,0.75,0.02,3000,75,100,195,128,128,78,115,0.11375376989459224,0.04853241376678876,0.011995570866141732,0.1529896653543307,0.7068159448818898,False,True,True,True,False,True,True,False,True,False,,True,19,3,3
Mono,cellstate,5,0.75,0.02,3000,75,250,500,166,166,129,161,0.11188414759843332,0.09263926378701262,0.018254837531945966,1.2777290982110259,3.2213581599123766,False,True,True,True,True,True,True,True,True,False,,True,23,4,4
Mono,cellstate,5,0.75,0.02,3000,75,500,1000,174,174,160,173,0.10646208504709145,0.12151368721792831,0.03322038402763936,3.1234469470467077,2.961696897216132,False,True,True,True,True,True,True,True,True,False,,True,23,5,4
Mono,cellstate,5,0.75,0.02,3000,75,1000,2000,175,175,172,175,0.07807171002527566,0.20580299648665887,0.06568144499178982,7.0025287356321835,2.4833497536945814,False,True,True,True,True,True,True,True,True,False,,True,23,10,7
Mono,cellstate,5,0.75,0.02,3000,100,100,199,131,131,88,108,0.1677088048890901,0.045571858167278004,0.011685261303581914,0.16928948913681738,0.8850264239577217,False,True,False,True,True,True,True,False,True,False,,True,17,1,1
Mono,cellstate,5,0.75,0.02,3000,100,250,495,169,169,133,162,0.15175435191833728,0.07378295226958825,0.017434488588334743,1.2433431952662721,3.262221752606368,False,True,True,True,True,True,True,True,True,False,,True,23,4,4
Mono,cellstate,5,0.75,0.02,3000,100,500,987,178,178,162,176,0.13948901657936735,0.12389433052322696,0.031327366215958864,2.9509617215768427,2.9465498635180603,False,True,True,True,True,True,True,True,True,False,,True,23,5,4
Mono,cellstate,5,0.75,0.02,3000,100,1000,2000,179,179,178,178,0.09033103753248806,0.18861792245693476,0.06277069863787584,6.889586341095977,2.533770635867177,False,True,True,True,True,True,True,True,True,False,,True,24,9,6
Mono,cellstate,5,0.75,0.02,4000,10,100,200,45,45,43,44,0.030355173911590767,0.18492729492729498,0.10101010101010101,2.9055555555555554,2.5207070707070707,False,True,False,False,False,False,False,False,True,False,,False,7,0,0
Mono,cellstate,5,0.75,0.02,4000,10,250,500,46,46,44,46,-0.0028189508907531355,0.4737215784312795,0.24154589371980675,7.804347826086956,1.7729468599033817,False,True,False,False,False,False,False,False,True,False,,False,5,0,0
Mono,cellstate,5,0.75,0.02,4000,10,500,641,44,44,44,43,0.0008373260498046875,0.6786294547417061,0.33879492600422834,10.026427061310782,1.6812896405919662,False,True,False,False,False,False,False,False,True,False,,False,7,0,0
Mono,cellstate,5,0.75,0.02,4000,10,1000,686,45,45,45,44,8.522470914980903e-05,0.6862527585639006,0.3464646464646465,10.499494949494949,1.6717171717171717,False,True,False,False,False,False,False,False,True,False,,False,7,0,0
Mono,cellstate,5,0.75,0.02,4000,25,100,200,88,88,67,82,0.04799740075614367,0.07990342990342988,0.02612330198537095,0.7219174503657262,2.292319749216301,False,True,True,False,False,False,False,False,True,False,,True,15,1,1
Mono,cellstate,5,0.75,0.02,4000,25,250,500,94,94,89,94,0.042415167250332085,0.15076702990718074,0.057195149851292613,3.1427590940288264,2.7632120796156485,False,True,True,False,False,False,False,False,True,False,,True,17,4,3
Mono,cellstate,5,0.75,0.02,4000,25,500,1000,94,94,91,94,0.019192163265306126,0.27342639553206843,0.11439029970258523,7.199725463280714,2.1616334934797528,False,True,True,False,False,False,False,False,True,False,,True,15,4,2
Mono,cellstate,5,0.75,0.02,4000,25,1000,2000,94,94,94,94,0.016316093068330317,0.4835625789258934,0.22878059940517045,15.075955159002516,1.840883093113704,False,True,True,False,False,False,False,False,True,False,,True,17,6,4
Mono,cellstate,5,0.75,0.02,4000,50,100,197,110,110,79,99,0.07838394696766102,0.05537124491669946,0.016430358632193495,0.21743119266055047,0.7777314428690576,False,True,True,True,True,False,True,False,True,False,,True,18,1,1
Mono,cellstate,5,0.75,0.02,4000,50,250,500,150,150,121,146,0.06888468809073725,0.09390650800867517,0.02237136465324385,1.3610290827740492,2.9028635346756153,False,True,True,True,True,True,True,True,True,False,,True,21,2,2
Mono,cellstate,5,0.75,0.02,4000,50,500,1000,153,153,147,152,0.06123653770392203,0.13218342177379616,0.042999656002751976,3.843782249742002,2.968954248366013,False,True,True,True,True,True,True,True,True,False,,True,23,4,3
Mono,cellstate,5,0.75,0.02,4000,50,1000,2000,157,157,156,157,0.047529692112712414,0.22953857111760806,0.08165931732810713,8.158010779029887,2.389474113996407,False,True,True,True,True,True,True,True,True,False,,True,21,9,7
Mono,cellstate,5,0.75,0.02,4000,75,100,198,128,128,79,112,0.1316737681946867,0.050108225108225116,0.01218011811023622,0.11749507874015748,0.4214443897637795,False,True,True,True,True,True,True,False,True,False,,True,19,2,2
Mono,cellstate,5,0.75,0.02,4000,75,250,500,167,167,128,159,0.09798233870204337,0.0929396409666519,0.018036216723180145,1.1616405742731404,2.9370175312026547,False,True,True,True,True,True,True,True,True,False,,True,23,3,3
Mono,cellstate,5,0.75,0.02,4000,75,500,1000,175,175,163,175,0.08743979838695477,0.1315894140942502,0.03284072249589491,3.054351395730706,3.1332676518883416,False,True,True,True,True,True,True,True,True,False,,True,23,6,5
Mono,cellstate,5,0.75,0.02,4000,75,1000,2000,177,177,174,177,0.06960446585705565,0.19301484193647458,0.06420133538777606,6.90934771443246,2.532935285053929,False,True,True,True,True,True,True,True,True,False,,True,23,9,7
Mono,cellstate,5,0.75,0.02,4000,100,100,197,128,128,78,112,0.15296566077003126,0.03638674693362195,0.012118602362204724,0.15729576771653545,0.7444020669291339,False,True,True,True,True,True,True,False,True,False,,True,19,2,2
Mono,cellstate,5,0.75,0.02,4000,100,250,500,168,168,128,162,0.12767315527387954,0.07278171840036056,0.017821499857428,1.1009053321927573,2.909466780724266,False,True,True,True,True,True,True,True,True,False,,True,23,4,4
Mono,cellstate,5,0.75,0.02,4000,100,500,987,176,176,164,175,0.1219409358296754,0.1074827437293402,0.032045454545454544,3.0630844155844157,3.1539935064935065,False,True,True,True,True,True,True,True,True,False,,True,24,4,3
Mono,cellstate,5,0.75,0.02,4000,100,1000,2000,180,180,176,180,0.08795440293827825,0.1945860459905534,0.06207324643078833,6.741278708876474,2.5382991930477963,False,True,True,True,True,True,True,True,True,False,,True,23,9,7
Mono,cellstate,5,0.75,0.03,2000,10,100,200,43,43,41,42,0.05765876680004101,0.27468203630994326,0.11074197120708748,2.967884828349945,2.3477297895902547,False,False,False,False,False,False,True,False,True,False,,False,7,0,0
Mono,cellstate,5,0.75,0.03,2000,10,250,474,44,44,44,44,0.005987868348565942,0.5314376004901237,0.25052854122621565,7.252114164904863,1.8905919661733614,False,False,False,False,False,False,True,False,True,False,,False,6,0,0
Mono,cellstate,5,0.75,0.03,2000,10,500,521,44,44,44,44,0.008260010221108444,0.5729031780992876,0.27536997885835096,8.173890063424947,1.8224101479915433,False,False,False,False,False,False,True,False,True,False,,False,7,0,0
Mono,cellstate,5,0.75,0.03,2000,10,1000,520,44,44,44,44,0.006296602633068191,0.5734805121348789,0.2748414376321353,8.15274841437632,1.822938689217759,False,False,False,False,False,False,True,False,True,False,,False,7,0,0
Mono,cellstate,5,0.75,0.03,2000,25,100,200,94,94,70,87,0.042087488953414964,0.09222314328697306,0.022878059940517045,0.8154884465797301,2.965225348890414,False,True,False,False,False,False,True,False,True,False,,True,14,0,0
Mono,cellstate,5,0.75,0.03,2000,25,250,500,97,97,84,97,0.04955621301775147,0.1675480545258081,0.05369415807560137,2.9514604810996565,2.530713058419244,False,True,False,False,False,False,True,False,True,False,,True,14,0,0
Mono,cellstate,5,0.75,0.03,2000,25,500,1000,96,96,95,96,0.03360252553225701,0.2813537202275839,0.10964912280701754,6.874561403508772,2.2847587719298246,False,True,False,False,False,False,True,False,True,False,,True,14,0,0
Mono,cellstate,5,0.75,0.03,2000,25,1000,2000,96,96,96,96,0.011712444706300423,0.4902412140781298,0.21929824561403508,14.326754385964913,1.869078947368421,False,True,False,False,False,False,True,False,True,False,,True,14,3,1
Mono,cellstate,5,0.75,0.03,2000,50,100,199,127,127,82,113,0.09512222725215028,0.053342851374347446,0.012435945506811649,0.19385076865391826,1.120172478440195,False,True,False,True,False,True,True,False,True,False,,False,15,0,0
Mono,cellstate,5,0.75,0.03,2000,50,250,500,145,145,116,142,0.08224405464665202,0.08388245741186913,0.023946360153256706,1.56455938697318,2.934243295019157,False,True,False,True,True,True,True,True,True,False,,True,19,1,1
Mono,cellstate,5,0.75,0.03,2000,50,500,1000,150,150,140,150,0.04891608986582186,0.17014196455643393,0.0447427293064877,3.8840715883668904,2.794407158836689,False,True,False,True,True,True,True,True,True,False,,True,20,2,1
Mono,cellstate,5,0.75,0.03,2000,50,1000,2000,148,148,147,148,0.026941020999287645,0.26548668631565314,0.09192866335723479,8.6921768707483,2.253585217870932,False,True,False,True,True,True,True,True,True,False,,True,19,4,1
Mono,cellstate,5,0.75,0.03,2000,75,100,199,141,141,89,116,0.10375704113083217,0.06694042757872545,0.010081053698074974,0.1321175278622087,0.8884498480243161,False,True,True,True,True,True,True,False,True,False,,True,20,0,0
Mono,cellstate,5,0.75,0.03,2000,75,250,499,168,168,129,163,0.12222303738382037,0.10217303463901015,0.017785856857713146,1.236883376104933,2.9648916452808667,False,True,True,True,True,True,True,True,True,False,,True,23,4,4
Mono,cellstate,5,0.75,0.03,2000,75,500,1000,172,172,156,170,0.10758929437792311,0.14303147723773685,0.03399972800217598,3.1685366517067863,2.9011967904256766,False,True,True,True,True,True,True,True,True,False,,True,23,6,6
Mono,cellstate,5,0.75,0.03,2000,75,1000,2000,174,174,171,174,0.06704651998226742,0.21769295580799095,0.06644076805527872,6.998936947711115,2.468673177861936,False,True,True,True,True,True,True,True,True,False,,True,24,9,5
Mono,cellstate,5,0.75,0.03,2000,100,100,195,136,136,84,113,0.1880708752456932,0.0700091575091575,0.010620915032679739,0.10043572984749455,0.46519607843137256,False,True,True,True,False,True,True,False,True,False,,True,18,1,1
Mono,cellstate,5,0.75,0.03,2000,100,250,500,170,170,131,168,0.1732434923356978,0.09533130490788473,0.01740341106856944,1.1703793943612948,2.903097807170205,False,True,True,True,True,True,True,True,True,False,,True,24,3,3
Mono,cellstate,5,0.75,0.03,2000,100,500,1000,179,179,160,178,0.14424284972986173,0.1402755909262006,0.03138534931893792,2.9885129621492688,2.8712259117443977,False,True,True,True,True,True,True,True,True,False,,True,24,4,4
Mono,cellstate,5,0.75,0.03,2000,100,1000,1991,177,177,174,177,0.09709671334075737,0.2074673947725433,0.06391242937853107,6.920775552131484,2.4831150487930147,False,True,True,True,True,True,True,True,True,False,,True,23,9,8
Mono,cellstate,5,0.75,0.03,3000,10,100,200,44,44,39,43,0.05567474048442905,0.2681231647140738,0.10570824524312897,2.8350951374207187,2.133720930232558,False,False,False,False,False,False,False,False,True,False,,False,6,0,0
Mono,cellstate,5,0.75,0.03,3000,10,250,500,44,44,44,44,0.00575617586511127,0.5292586380239276,0.2642706131078224,8.128964059196617,1.830338266384778,False,False,False,False,False,False,False,False,True,False,,False,5,0,0
Mono,cellstate,5,0.75,0.03,3000,10,500,631,44,44,44,44,-0.00016300022015612505,0.6258078768071195,0.3335095137420719,10.269027484143763,1.7161733615221988,False,False,False,False,False,False,False,False,True,False,,False,5,0,0
Mono,cellstate,5,0.75,0.03,3000,10,1000,632,44,44,44,44,-0.000946906073636095,0.6232967610237331,0.33403805496828753,10.309196617336152,1.715644820295983,False,False,False,False,False,False,False,False,True,False,,False,5,0,0
Mono,cellstate,5,0.75,0.03,3000,25,100,200,88,88,61,85,0.05276090473428773,0.08236674941220395,0.02612330198537095,0.8248432601880877,2.656609195402299,False,True,True,False,False,False,False,False,True,False,,False,13,0,0
Mono,cellstate,5,0.75,0.03,3000,25,250,500,96,96,88,95,0.0677589883609694,0.16476589960964957,0.05482456140350877,3.0093201754385963,2.7413377192982455,False,True,True,False,False,False,False,False,True,False,,True,16,1,1
Mono,cellstate,5,0.75,0.03,3000,25,500,1000,96,96,96,96,0.04688028333723146,0.2750032846269817,0.10964912280701754,7.073464912280702,2.3528508771929824,False,True,True,False,False,False,False,False,True,False,,True,15,3,1
Mono,cellstate,5,0.75,0.03,3000,25,1000,2000,97,97,97,97,0.013469758648399126,0.44347902134935746,0.21477663230240548,14.755798969072165,1.8762886597938144,False,True,True,False,False,False,False,False,True,False,,True,14,4,1
Mono,cellstate,5,0.75,0.03,3000,50,100,200,125,125,75,111,0.06530470914127424,0.04121069340016708,0.012903225806451613,0.10574193548387097,0.43290322580645163,False,True,True,True,True,True,True,True,True,False,,True,20,0,0
Mono,cellstate,5,0.75,0.03,3000,50,250,500,152,152,120,149,0.06533758857476805,0.09710970148174809,0.021784593935169048,1.2910857441617287,2.619728128267689,False,True,True,True,True,True,True,True,True,False,,True,20,3,3
Mono,cellstate,5,0.75,0.03,3000,50,500,1000,155,155,141,155,0.0524062445118449,0.15174202699090575,0.04189359028068706,3.663217427733557,2.72501047339757,False,True,True,True,True,True,True,True,True,False,,True,21,5,3
Mono,cellstate,5,0.75,0.03,3000,50,1000,2000,155,155,155,155,0.03311825143822394,0.2282153446510904,0.08378718056137412,8.408336824465856,2.3854629241726015,False,True,True,True,True,True,True,True,True,False,,True,21,8,5
Mono,cellstate,5,0.75,0.03,3000,75,100,197,131,131,79,118,0.13484608420099595,0.06966047434106895,0.011567821491485613,0.1276570757486788,0.6844979448032883,False,True,True,True,True,True,True,True,True,False,,True,20,0,0
Mono,cellstate,5,0.75,0.03,3000,75,250,500,169,169,131,161,0.1268990493435944,0.08808531808009701,0.017610594533671458,1.0551916032685262,2.831360946745562,False,True,True,True,True,True,True,True,True,False,,True,22,2,2
Mono,cellstate,5,0.75,0.03,3000,75,500,1000,178,178,161,177,0.09888677867056246,0.12783693755402725,0.03173998603440614,3.025391988827525,3.212181806640005,False,True,True,True,True,True,True,True,True,False,,True,24,2,2
Mono,cellstate,5,0.75,0.03,3000,75,1000,2000,177,177,176,177,0.0841656958015636,0.19540907860568774,0.06420133538777606,7.172508988186954,2.555598356445814,False,True,True,True,True,True,True,True,True,False,,True,23,10,7
Mono,cellstate,5,0.75,0.03,3000,100,100,194,126,126,76,113,0.17029477788279776,0.08655700096802853,0.012317460317460317,0.12476190476190477,0.6440634920634921,False,True,True,True,True,True,True,True,True,False,,True,20,0,0
Mono,cellstate,5,0.75,0.03,3000,100,250,500,171,171,130,168,0.15759619737437758,0.09643906145454127,0.01719986240110079,1.1319229446164432,2.9703818369453043,False,True,True,True,True,True,True,True,True,False,,True,22,1,1
Mono,cellstate,5,0.75,0.03,3000,100,500,1000,178,178,161,177,0.14526078026856268,0.13286159880193882,0.03173998603440614,3.047451279121437,3.0850631625722085,False,True,True,True,True,True,True,True,True,False,,True,23,6,5
Mono,cellstate,5,0.75,0.03,3000,100,1000,1971,177,177,176,177,0.11389962727411283,0.19504935903300666,0.06327041602465332,7.037108371854135,2.5632062146892656,False,True,True,True,True,True,True,True,True,False,,True,23,10,7
Mono,cellstate,5,0.75,0.03,4000,10,100,200,45,45,40,45,0.023772929265929377,0.3145155059647814,0.10101010101010101,2.75,2.268686868686869,False,False,False,False,False,False,False,False,True,False,,False,5,0,0
Mono,cellstate,5,0.75,0.03,4000,10,250,500,45,45,45,45,-0.0017475015702638737,0.5044021844238062,0.25252525252525254,7.968686868686869,1.8702020202020202,False,False,False,False,False,False,False,False,True,False,,False,5,0,0
Mono,cellstate,5,0.75,0.03,4000,10,500,745,44,44,44,44,0.00039000704832014557,0.6904247115202212,0.3937632135306554,12.431818181818182,1.635306553911205,False,False,False,False,False,False,False,False,True,False,,False,5,0,0
Mono,cellstate,5,0.75,0.03,4000,10,1000,764,45,45,45,45,-0.0005934034789386016,0.682547788555045,0.38585858585858585,12.385353535353536,1.6454545454545455,False,False,False,False,False,False,False,False,True,False,,False,5,0,0
Mono,cellstate,5,0.75,0.03,4000,25,100,198,85,85,66,79,0.07405946218911752,0.12023773612008905,0.02773109243697479,0.8438375350140056,2.673109243697479,False,True,True,False,False,False,False,False,True,False,,False,12,0,0
Mono,cellstate,5,0.75,0.03,4000,25,250,494,95,95,87,94,0.05111274848096472,0.14856946802767232,0.05531914893617021,2.945576707726764,2.7667413213885776,False,True,True,False,False,False,False,False,True,False,,True,15,1,1
Mono,cellstate,5,0.75,0.03,4000,25,500,982,96,96,94,96,0.02584642820046917,0.26355480764674766,0.10767543859649123,6.861074561403509,2.2571271929824563,False,True,True,False,False,False,False,False,True,False,,True,14,3,1
Mono,cellstate,5,0.75,0.03,4000,25,1000,1957,96,96,96,96,0.019001703914638388,0.4438589893169376,0.21458333333333332,14.755811403508773,1.86765350877193,False,True,True,False,False,False,False,False,True,False,,True,14,6,2
Mono,cellstate,5,0.75,0.03,4000,50,100,200,126,126,76,113,0.06338346264215111,0.05748443981526688,0.012698412698412698,0.09384126984126984,0.3422222222222222,False,True,True,True,True,True,True,False,True,False,,True,18,0,0
Mono,cellstate,5,0.75,0.03,4000,50,250,493,148,148,115,146,0.06084530853761622,0.11377663031874623,0.022660415517558374,1.2964239749954036,2.9314212171355027,False,True,True,True,True,True,True,True,True,False,,True,20,2,2
Mono,cellstate,5,0.75,0.03,4000,50,500,984,157,157,143,157,0.04734876543209876,0.14515412598997246,0.04017638412542871,3.4126653601175896,3.018291687081496,False,True,True,True,True,True,True,True,True,False,,True,21,4,3
Mono,cellstate,5,0.75,0.03,4000,50,1000,1973,158,158,157,158,0.030060229556999878,0.2254759229334269,0.07953720873982101,8.061114246553252,2.3995001209384825,False,True,True,True,True,True,True,True,True,False,,True,21,6,4
Mono,cellstate,5,0.75,0.03,4000,75,100,193,127,127,78,107,0.12968262226847033,0.06668314187999226,0.012060992375953006,0.08567679040119985,0.30958630171228596,False,True,True,True,True,True,True,False,True,False,,True,19,0,0
Mono,cellstate,5,0.75,0.03,4000,75,250,488,163,163,123,158,0.12796087125147837,0.10947491793165577,0.018480648337499052,1.118495796409907,3.4745133681738998,False,True,True,True,True,True,True,True,True,False,,True,22,1,1
Mono,cellstate,5,0.75,0.03,4000,75,500,974,173,173,155,173,0.11497423808142535,0.13334298842416362,0.03273289420621051,2.9639736523726308,3.158186584218309,False,True,True,True,True,True,True,True,True,False,,True,23,6,5
Mono,cellstate,5,0.75,0.03,4000,75,1000,1948,174,174,170,174,0.08774151598410576,0.19848316686245634,0.06471330808584147,7.0011627134409675,2.5184040927513123,False,True,True,True,True,True,True,True,True,False,,True,23,6,5
Mono,cellstate,5,0.75,0.03,4000,100,100,194,124,124,72,107,0.21354628385141125,0.10669031179199485,0.012719643325465513,0.08851298190401259,0.2845528455284553,False,True,True,True,True,True,True,True,True,False,,True,19,0,0
Mono,cellstate,5,0.75,0.03,4000,100,250,488,165,165,127,161,0.1906663516068053,0.09685730094821,0.0180339985218034,1.1759423503325943,4.064005912786401,False,True,True,True,True,True,True,True,True,False,,True,22,1,1
Mono,cellstate,5,0.75,0.03,4000,100,500,975,176,176,154,176,0.15310296371842666,0.12781544041214266,0.03165584415584415,2.8912337662337664,3.044935064935065,False,True,True,True,True,True,True,True,True,False,,True,23,5,4
Mono,cellstate,5,0.75,0.03,4000,100,1000,1950,176,176,172,176,0.1139491387639661,0.20314318875524473,0.0633116883116883,6.880714285714285,2.5277597402597403,False,True,True,True,True,True,True,True,True,False,,True,23,7,6
Mono,cellstate,5,0.9,0.005,2000,10,100,200,42,42,39,39,0.02103675833855892,0.38244269551766247,0.11614401858304298,2.4581881533101044,2.1835075493612077,False,True,False,False,False,False,False,False,True,False,,False,5,0,0
Mono,cellstate,5,0.9,0.005,2000,10,250,367,44,44,44,42,-0.0029930101130279576,0.5747505183669742,0.19397463002114165,4.587209302325581,1.9873150105708246,False,True,False,False,False,False,False,False,True,False,,False,5,0,0
Mono,cellstate,5,0.9,0.005,2000,10,500,306,42,42,42,39,-0.016043742341094347,0.5832027632683481,0.17770034843205576,3.619047619047619,2.1004645760743323,False,True,False,False,False,False,False,False,True,False,,False,5,0,0
Mono,cellstate,5,0.9,0.005,2000,10,1000,318,43,43,43,40,-0.011314250538627276,0.578514269420744,0.1760797342192691,3.6915836101882613,2.108527131782946,False,True,False,False,False,False,False,False,True,False,,False,5,0,0
Mono,cellstate,5,0.9,0.005,2000,25,100,200,88,88,68,81,0.05173068576388889,0.0907907118134391,0.02612330198537095,0.9830198537095088,3.070141065830721,False,True,True,True,True,True,False,True,True,False,,True,15,1,1
Mono,cellstate,5,0.9,0.005,2000,25,250,500,96,96,86,94,0.021577444140008662,0.2393819709083617,0.05482456140350877,2.7612938596491228,2.585745614035088,False,True,True,True,True,True,False,True,True,False,,True,16,2,2
Mono,cellstate,5,0.9,0.005,2000,25,500,1000,96,96,93,94,0.007950328707085471,0.3944973927778724,0.10964912280701754,5.8107456140350875,2.243640350877193,False,True,True,True,True,True,False,True,True,False,,True,17,4,3
Mono,cellstate,5,0.9,0.005,2000,25,1000,1358,98,98,98,96,0.0005771072734437987,0.4681717165941884,0.14285714285714285,7.6541131916684195,2.17862402693036,False,True,True,True,True,True,False,True,True,False,,True,16,7,3
Mono,cellstate,5,0.9,0.005,2000,50,100,197,116,116,85,101,0.05457899305555557,0.056364468864468865,0.014767616191904047,0.40839580209895054,1.9104197901049476,False,True,False,True,True,True,True,False,True,False,,True,14,0,0
Mono,cellstate,5,0.9,0.005,2000,50,250,500,142,142,117,136,0.038675636910047134,0.1374109949488201,0.024972530216761563,1.4298271900909,2.813904704824693,False,True,True,True,True,True,True,True,True,False,,True,19,2,2
Mono,cellstate,5,0.9,0.005,2000,50,500,1000,147,147,137,143,0.036168585025133884,0.2063907092926395,0.046593980057776534,3.4670114621190944,2.7119094213027677,False,True,True,True,True,True,True,True,True,False,,True,20,2,2
Mono,cellstate,5,0.9,0.005,2000,50,1000,2000,148,148,146,146,0.007454971011613307,0.3112967825186569,0.09192866335723479,7.389547710976283,2.3674388674388673,False,True,True,True,True,True,True,True,True,False,,True,20,4,4
Mono,cellstate,5,0.9,0.005,2000,75,100,199,128,128,89,106,0.06336620644312953,0.07687538156288157,0.012241633858267717,0.32209645669291337,1.9320250984251968,False,True,True,True,True,True,True,False,True,False,,True,19,2,2
Mono,cellstate,5,0.9,0.005,2000,75,250,500,157,157,123,148,0.04397491763205445,0.1040925888356083,0.020414829332026783,1.265270292340356,2.9097664543524417,False,True,True,True,True,True,True,True,True,False,,True,23,2,2
Mono,cellstate,5,0.9,0.005,2000,75,500,1000,165,165,149,159,0.037105558936101304,0.16637268298061825,0.03695491500369549,2.9500739098300075,2.785883222468588,False,True,True,True,True,True,True,True,True,False,,True,23,3,3
Mono,cellstate,5,0.9,0.005,2000,75,1000,2000,165,165,163,164,0.013893681472776184,0.2856458263420957,0.07390983000739099,6.554656319290466,2.5170362158167037,False,True,True,True,True,True,True,True,True,False,,True,23,4,4
Mono,cellstate,5,0.9,0.005,2000,100,100,193,122,122,87,104,0.1168232231779086,0.052371217125315485,0.013074109199295489,0.3360655737704918,1.7901368378268527,False,True,True,True,True,True,True,False,True,False,,True,18,0,0
Mono,cellstate,5,0.9,0.005,2000,100,250,500,158,158,125,148,0.06487618237857375,0.10554505666934215,0.02015641377086189,1.1456099330807064,2.717165201967266,False,True,True,True,True,True,True,True,True,False,,True,21,1,1
Mono,cellstate,5,0.9,0.005,2000,100,500,1000,165,165,149,159,0.052055534512146825,0.16065712242246954,0.03695491500369549,2.844678492239468,2.765853658536585,False,True,True,True,True,True,True,True,True,False,,True,23,2,2
Mono,cellstate,5,0.9,0.005,2000,100,1000,2000,166,166,163,165,0.0131179604402596,0.28922210468416665,0.07301935012778386,6.4550565899963495,2.5173055859802846,False,True,True,True,True,True,True,True,True,False,,True,23,4,4
Mono,cellstate,5,0.9,0.005,3000,10,100,200,42,42,39,39,0.02011108125055987,0.3780251609088407,0.11614401858304298,2.468060394889663,2.1800232288037167,False,True,False,False,False,False,False,False,True,False,,False,5,0,0
Mono,cellstate,5,0.9,0.005,3000,10,250,306,42,42,42,39,-0.016043742341094347,0.5832027632683481,0.17770034843205576,3.619047619047619,2.1004645760743323,False,True,False,False,False,False,False,False,True,False,,False,5,0,0
Mono,cellstate,5,0.9,0.005,3000,10,500,367,44,44,44,42,-0.0029930101130279576,0.5747505183669742,0.19397463002114165,4.587209302325581,1.9873150105708246,False,True,False,False,False,False,False,False,True,False,,False,5,0,0
Mono,cellstate,5,0.9,0.005,3000,10,1000,306,42,42,42,39,-0.016043742341094347,0.5832027632683481,0.17770034843205576,3.619047619047619,2.1004645760743323,False,True,False,False,False,False,False,False,True,False,,False,5,0,0
Mono,cellstate,5,0.9,0.005,3000,25,100,200,88,88,68,81,0.04371473524305556,0.09113342465615194,0.02612330198537095,0.9508881922675027,2.6731974921630095,False,True,True,True,True,True,False,True,True,False,,True,15,1,1
Mono,cellstate,5,0.9,0.005,3000,25,250,500,98,98,88,96,0.0224323025156225,0.2252551915420572,0.05259835893120135,2.706080370292447,2.647590995160951,False,True,True,True,True,True,False,True,True,False,,True,16,2,2
Mono,cellstate,5,0.9,0.005,3000,25,500,1000,97,97,95,95,0.008484075448361163,0.3883490726506654,0.10738831615120274,5.732280927835052,2.31872852233677,False,True,True,True,True,True,False,True,True,False,,True,17,3,3
Mono,cellstate,5,0.9,0.005,3000,25,1000,1282,93,93,93,90,0.013439298860547495,0.4561268708971651,0.14983637213651238,7.653108929406264,2.118162692847125,False,True,True,True,True,True,False,True,True,False,,True,16,7,5
Mono,cellstate,5,0.9,0.005,3000,50,100,197,114,114,83,100,0.050645616319444454,0.053724053724053714,0.015292656419810589,0.4208197484862599,1.9458934947989444,False,True,False,True,True,True,True,False,True,False,,True,14,0,0
Mono,cellstate,5,0.9,0.005,3000,50,250,500,142,142,116,136,0.03660311795642377,0.13100546922070247,0.024972530216761563,1.4181400459494555,2.76580761162721,False,True,True,True,True,True,True,True,True,False,,True,19,1,1
Mono,cellstate,5,0.9,0.005,3000,50,500,1000,147,147,134,143,0.02353927589227732,0.19168399252209103,0.046593980057776534,3.4519150125803746,2.630276768241543,False,True,True,True,True,True,True,True,True,False,,True,20,2,2
Mono,cellstate,5,0.9,0.005,3000,50,1000,2000,147,147,146,145,0.019720396272745043,0.33839943290053975,0.09318796011555307,7.53163731245923,2.343164663125524,False,True,True,True,True,True,True,True,True,False,,True,20,4,3
Mono,cellstate,5,0.9,0.005,3000,75,100,193,122,122,87,103,0.06324977365323681,0.05637950392048754,0.013074109199295489,0.3191301991600054,1.7128437881045928,False,True,True,True,True,True,True,False,True,False,,True,18,0,0
Mono,cellstate,5,0.9,0.005,3000,75,250,500,159,159,125,148,0.06712101290895431,0.11814478706906567,0.01990287397500199,1.1218055887270122,2.7421781705278243,False,True,True,True,True,True,True,True,True,False,,True,22,1,1
Mono,cellstate,5,0.9,0.005,3000,75,500,1000,165,165,149,159,0.03895458079391375,0.1625759051173561,0.03695491500369549,2.9495934959349595,2.7773835920177383,False,True,True,True,True,True,True,True,True,False,,True,23,3,3
Mono,cellstate,5,0.9,0.005,3000,75,1000,2000,165,165,163,164,0.016624468542492738,0.2890882462233085,0.07390983000739099,6.526792313377679,2.5169253510716927,False,True,True,True,True,True,True,True,True,False,,True,23,5,4
Mono,cellstate,5,0.9,0.005,3000,100,100,193,122,122,88,103,0.12013354459031235,0.04711063071718811,0.013074109199295489,0.32258501558054464,1.690353610621867,False,True,True,True,True,True,True,False,True,False,,True,18,0,0
Mono,cellstate,5,0.9,0.005,3000,100,250,500,159,159,123,151,0.05210968221915188,0.10727370688093199,0.01990287397500199,1.2471936947695248,2.90120213358809,False,True,True,True,True,True,True,True,True,False,,True,23,2,2
Mono,cellstate,5,0.9,0.005,3000,100,500,1000,166,166,149,159,0.04152467540261223,0.15995953104606028,0.03650967506389193,2.9090178897407815,2.749361080686382,False,True,True,True,True,True,True,True,True,False,,True,23,3,3
Mono,cellstate,5,0.9,0.005,3000,100,1000,2000,166,166,162,164,0.02152339048143969,0.2717721388052067,0.07301935012778386,6.36951442132165,2.4866374589266154,False,True,True,True,True,True,True,True,True,False,,True,23,3,3
Mono,cellstate,5,0.9,0.005,4000,10,100,200,43,43,40,40,0.027635940159455342,0.38988159023798746,0.11074197120708748,2.375968992248062,2.2104097452934663,False,True,False,False,False,False,False,False,True,False,,False,5,0,0
Mono,cellstate,5,0.9,0.005,4000,10,250,306,42,42,42,39,-0.016043742341094347,0.5832027632683481,0.17770034843205576,3.619047619047619,2.1004645760743323,False,True,False,False,False,False,False,False,True,False,,False,5,0,0
Mono,cellstate,5,0.9,0.005,4000,10,500,313,43,43,43,40,-0.0065855295652284054,0.5743473405060232,0.17331118493909192,3.624031007751938,2.1146179401993357,False,True,False,False,False,False,False,False,True,False,,False,5,0,0
Mono,cellstate,5,0.9,0.005,4000,10,1000,367,44,44,44,42,-0.0029930101130279576,0.5747505183669742,0.19397463002114165,4.587209302325581,1.9873150105708246,False,True,False,False,False,False,False,False,True,False,,False,5,0,0
Mono,cellstate,5,0.9,0.005,4000,25,100,200,87,87,67,81,0.05779351128472223,0.0929037118692291,0.02673082063619353,0.9899759422614274,2.7568831863138197,False,True,True,True,True,True,False,True,True,False,,True,14,1,1
Mono,cellstate,5,0.9,0.005,4000,25,250,500,92,92,84,90,0.01687071887578561,0.2105063135599477,0.05972288580984233,2.9640468227424748,2.5756091734352604,False,True,True,True,True,True,False,True,True,False,,True,16,2,2
Mono,cellstate,5,0.9,0.005,4000,25,500,1000,98,98,95,96,0.008664441524249472,0.37217065634035135,0.1051967178624027,5.70839469808542,2.304334104775931,False,True,True,True,True,True,False,True,True,False,,True,16,3,3
Mono,cellstate,5,0.9,0.005,4000,25,1000,1311,96,96,96,94,0.0034957603261114314,0.4740741380517526,0.14375,7.54890350877193,2.175,False,True,True,True,True,True,False,True,True,False,,True,16,7,3
Mono,cellstate,5,0.9,0.005,4000,50,100,195,112,112,82,99,0.052631578947368425,0.05573979591836734,0.015685328185328185,0.4296975546975547,2.014398326898327,False,True,False,True,True,True,True,False,True,False,,True,14,0,0
Mono,cellstate,5,0.9,0.005,4000,50,250,500,142,142,117,136,0.0395848985725019,0.13726976551274261,0.024972530216761563,1.421236639696334,2.821546299071022,False,True,True,True,True,True,True,True,True,False,,True,19,1,1
Mono,cellstate,5,0.9,0.005,4000,50,500,1000,147,147,136,143,0.03652326260041734,0.2067678665718702,0.046593980057776534,3.4331376386170906,2.6827881837666574,False,True,True,True,True,True,True,True,True,False,,True,20,2,2
Mono,cellstate,5,0.9,0.005,4000,50,1000,2000,148,148,147,146,0.007214222222222232,0.31073139893857915,0.09192866335723479,7.395752895752896,2.3959827174112887,False,True,True,True,True,True,True,True,True,False,,True,20,4,4
Mono,cellstate,5,0.9,0.005,4000,75,100,193,122,122,87,104,0.06841330918967861,0.05207847707847708,0.013074109199295489,0.33647202276114346,1.7892561983471074,False,True,True,True,True,True,True,False,True,False,,True,18,0,0
Mono,cellstate,5,0.9,0.005,4000,75,250,500,158,158,124,147,0.05587628865979383,0.10820748434598773,0.02015641377086189,1.129726679029267,2.7501007820688543,False,True,True,True,True,True,True,True,True,False,,True,22,1,1
Mono,cellstate,5,0.9,0.005,4000,75,500,1000,164,164,149,158,0.031489167494429385,0.1620704297058681,0.03740834954361814,2.887213826125991,2.7707616339967083,False,True,True,True,True,True,True,True,True,False,,True,23,2,2
Mono,cellstate,5,0.9,0.005,4000,75,1000,2000,165,165,161,163,0.009520527951649763,0.2741013809227851,0.07390983000739099,6.427827050997783,2.4774944567627495,False,True,True,True,True,True,True,True,True,False,,True,23,4,4
Mono,cellstate,5,0.9,0.005,4000,100,100,200,130,130,91,107,0.05717669720949602,0.07406264675495446,0.011926058437686345,0.29546809779367916,1.7387596899224806,False,True,True,True,True,True,True,False,True,False,,True,20,2,2
Mono,cellstate,5,0.9,0.005,4000,100,250,500,159,159,123,150,0.05433946221702628,0.10658637791654246,0.01990287397500199,1.2432529257224743,2.881418676856938,False,True,True,True,True,True,True,True,True,False,,True,23,2,2
Mono,cellstate,5,0.9,0.005,4000,100,500,1000,166,166,149,160,0.03810065138184709,0.1657275946123886,0.03650967506389193,2.9169769989047096,2.776232201533406,False,True,True,True,True,True,True,True,True,False,,True,23,3,3
Mono,cellstate,5,0.9,0.005,4000,100,1000,2000,166,166,163,165,0.01270693257789993,0.29089384153006537,0.07301935012778386,6.477692588535962,2.5009857612267252,False,True,True,True,True,True,True,True,True,False,,True,23,4,4
Mono,cellstate,5,0.9,0.01,2000,10,100,200,46,46,40,42,0.029979993430678725,0.24914924873364766,0.0966183574879227,2.3289855072463768,2.072463768115942,False,True,False,False,False,False,False,False,True,False,,True,6,1,0
Mono,cellstate,5,0.9,0.01,2000,10,250,436,46,46,46,42,0.0032718848856414795,0.5634825202057613,0.2106280193236715,5.096135265700483,1.9231884057971014,False,True,False,False,False,False,False,False,True,False,,True,6,1,0
Mono,cellstate,5,0.9,0.01,2000,10,500,436,46,46,46,42,0.0032718848856414795,0.5634825202057613,0.2106280193236715,5.096135265700483,1.9231884057971014,False,True,False,False,False,False,False,False,True,False,,True,6,1,0
Mono,cellstate,5,0.9,0.01,2000,10,1000,459,46,46,46,44,-0.007419370807653281,0.5594196169745137,0.2217391304347826,5.661352657004831,2.0516908212560385,False,True,False,False,False,False,False,False,True,False,,True,6,1,0
Mono,cellstate,5,0.9,0.01,2000,25,100,199,89,89,67,86,-0.0013297492064399848,0.11728539874607291,0.025408580183861083,0.8735955056179775,3.036644535240041,False,True,True,True,True,True,False,True,True,False,,False,14,4,3
Mono,cellstate,5,0.9,0.01,2000,25,250,500,98,98,91,98,0.020749268784199214,0.17631713139893762,0.05259835893120135,2.850305070481801,2.9018514622343785,False,True,True,True,True,True,False,True,True,False,,True,15,4,3
Mono,cellstate,5,0.9,0.01,2000,25,500,1000,98,98,97,98,0.02014295841209831,0.3117337396398345,0.1051967178624027,6.203345255628024,2.3658741847254365,False,True,True,True,True,True,False,True,True,False,,True,15,5,3
Mono,cellstate,5,0.9,0.01,2000,25,1000,1935,98,98,98,98,-0.006538838512938405,0.5032213317275077,0.2035556490637492,12.363665053650326,1.956132968651378,False,True,True,True,True,True,False,True,True,False,,True,16,9,4
Mono,cellstate,5,0.9,0.01,2000,50,100,194,115,115,77,107,0.1139004509191814,0.10377607899347029,0.014797864225781845,0.24500381388253242,1.0077803203661326,False,True,True,True,True,True,True,True,True,False,,False,17,4,3
Mono,cellstate,5,0.9,0.01,2000,50,250,500,141,141,119,138,0.08349924624992856,0.12035981401385236,0.025329280648429583,1.67983789260385,2.9835866261398176,False,True,True,True,True,True,True,True,True,False,,True,19,4,3
Mono,cellstate,5,0.9,0.01,2000,50,500,1000,144,144,131,143,0.0447221325598629,0.17257824954635212,0.04856254856254856,3.7432498057498056,2.5798853923853926,False,True,True,True,True,True,True,True,True,False,,True,19,4,3
Mono,cellstate,5,0.9,0.01,2000,50,1000,2000,148,148,148,147,0.0313695224881489,0.2949642742698396,0.09192866335723479,7.982763375620518,2.348639455782313,False,True,True,True,True,True,True,True,True,False,,True,20,7,4
Mono,cellstate,5,0.9,0.01,2000,75,100,195,123,123,83,108,0.10181360344047083,0.07862832740881522,0.012994802079168333,0.17093162734906037,0.7019858723177396,False,True,True,True,True,True,True,True,True,False,,True,22,4,3
Mono,cellstate,5,0.9,0.01,2000,75,250,500,155,155,124,147,0.1096310763888889,0.1257891066939825,0.02094679514034353,1.157436112274822,2.6153330540427313,False,True,True,True,True,True,True,True,True,False,,True,21,4,3
Mono,cellstate,5,0.9,0.01,2000,75,500,1000,166,166,149,164,0.07445760702485114,0.16251968156795646,0.03650967506389193,3.0556042351223076,2.7653888280394305,False,True,True,True,True,True,True,True,True,False,,True,21,5,4
Mono,cellstate,5,0.9,0.01,2000,75,1000,2000,169,169,163,168,0.04613822249274283,0.2535944492489473,0.07044237813468583,6.667793744716822,2.4177937447168216,False,True,True,True,True,True,True,True,True,False,,True,23,8,6
Mono,cellstate,5,0.9,0.01,2000,100,100,194,130,130,86,114,0.13996682776173186,0.04337231144923453,0.011568276684555755,0.17394156231365535,0.8297555158020274,False,True,True,True,True,True,True,True,True,False,,False,19,4,3
Mono,cellstate,5,0.9,0.01,2000,100,250,500,161,161,126,154,0.1231114651354143,0.10810663666456262,0.019409937888198756,1.1448757763975155,2.6661490683229814,False,True,True,True,True,True,True,True,True,False,,True,22,4,3
Mono,cellstate,5,0.9,0.01,2000,100,500,1000,169,169,152,167,0.08879172202671641,0.16552686528123364,0.035221189067342916,2.9908072696534234,2.820794590025359,False,True,True,True,True,True,True,True,True,False,,True,21,5,4
Mono,cellstate,5,0.9,0.01,2000,100,1000,2000,172,172,166,171,0.06585244088724822,0.24654739643771692,0.06799945600435196,6.497246022031824,2.443560451516388,False,True,True,True,True,True,True,True,True,False,,True,23,8,6
Mono,cellstate,5,0.9,0.01,3000,10,100,200,48,48,40,46,0.011634292981847628,0.22627803841039132,0.08865248226950355,2.220744680851064,2.080230496453901,False,True,False,False,False,False,False,False,True,False,,True,6,1,0
Mono,cellstate,5,0.9,0.01,3000,10,250,500,48,48,47,46,-0.009187463176500299,0.5710969347670196,0.22163120567375885,5.840425531914893,1.861258865248227,False,True,False,False,False,False,False,False,True,False,,True,6,1,0
Mono,cellstate,5,0.9,0.01,3000,10,500,541,48,48,48,46,-0.012965333677172182,0.6102561282662748,0.2398049645390071,6.279698581560283,1.8794326241134751,False,True,False,False,False,False,False,False,True,False,,True,6,1,0
Mono,cellstate,5,0.9,0.01,3000,10,1000,576,48,48,48,46,-0.011357999999999993,0.6008020071200336,0.2553191489361702,7.099734042553192,1.9064716312056738,False,True,False,False,False,False,False,False,True,False,,True,6,1,0
Mono,cellstate,5,0.9,0.01,3000,25,100,199,86,86,66,84,0.009747057492077858,0.1342870307986587,0.02722298221614227,0.9611491108071135,2.955677154582763,False,True,True,True,True,True,False,True,True,False,,False,14,4,3
Mono,cellstate,5,0.9,0.01,3000,25,250,500,96,96,88,96,0.01873559341091809,0.17368978062152904,0.05482456140350877,2.9093201754385967,2.8153508771929823,False,True,True,True,True,True,False,True,True,False,,True,15,4,3
Mono,cellstate,5,0.9,0.01,3000,25,500,1000,97,97,95,97,0.0056718341551936745,0.3169197527127656,0.10738831615120274,6.337736254295533,2.306164089347079,False,True,True,True,True,True,False,True,True,False,,True,15,5,3
Mono,cellstate,5,0.9,0.01,3000,25,1000,1996,96,96,96,96,-0.0108651032965176,0.533467806283477,0.218859649122807,13.15844298245614,1.924890350877193,False,True,True,True,True,True,False,True,True,False,,True,15,8,4
Mono,cellstate,5,0.9,0.01,3000,50,100,196,119,119,83,108,0.12226969216840197,0.07840758681094814,0.013958125623130608,0.3344252955419456,1.9057826520438683,False,True,True,True,True,True,True,True,True,False,,False,18,3,2
Mono,cellstate,5,0.9,0.01,3000,50,250,500,140,140,117,137,0.1000663651666381,0.11839560135858684,0.025693730729701953,1.642754367934224,2.9633093525179857,False,True,True,True,True,True,False,True,True,False,,True,19,4,3
Mono,cellstate,5,0.9,0.01,3000,50,500,1000,145,145,131,145,0.0471520142804982,0.191488903594246,0.04789272030651341,3.6655172413793102,2.5476053639846743,False,True,True,True,True,True,True,True,True,False,,True,19,6,4
Mono,cellstate,5,0.9,0.01,3000,50,1000,2000,147,147,147,146,0.020879954845741688,0.2944625562601092,0.09318796011555307,8.074037834311808,2.348010437051533,False,True,True,True,True,True,True,True,True,False,,True,20,6,4
Mono,cellstate,5,0.9,0.01,3000,75,100,192,122,122,83,108,0.11691745799853913,0.04390982423769309,0.013006367700853543,0.33687847175179514,1.998712911529603,False,True,True,True,True,True,True,True,True,False,,False,20,3,2
Mono,cellstate,5,0.9,0.01,3000,75,250,500,159,159,127,148,0.11309166194821081,0.0944810081602534,0.01990287397500199,1.170488018469867,2.6743491760210176,False,True,True,True,True,True,True,True,True,False,,True,22,4,3
Mono,cellstate,5,0.9,0.01,3000,75,500,1000,170,170,149,167,0.06850307738379915,0.14328337761876567,0.03480682213713888,2.9091541942220673,2.725339366515837,False,True,True,True,True,True,True,True,True,False,,True,22,5,4
Mono,cellstate,5,0.9,0.01,3000,75,1000,2000,171,171,166,170,0.04770745150806209,0.2376273853258416,0.06879944960440317,6.622635018919849,2.4618851049191606,False,True,True,True,True,True,True,True,True,False,,True,23,7,5
Mono,cellstate,5,0.9,0.01,3000,100,100,192,125,125,85,108,0.13830533235938644,0.04954920634920634,0.012387096774193548,0.21606451612903227,1.0514838709677419,False,True,True,True,True,True,True,True,True,False,,False,20,2,1
Mono,cellstate,5,0.9,0.01,3000,100,250,500,159,159,129,148,0.12002419035484926,0.09412482223248035,0.01990287397500199,1.160496775734416,2.6746676220046175,False,True,True,True,True,True,True,True,True,False,,True,22,4,3
Mono,cellstate,5,0.9,0.01,3000,100,500,1000,171,171,150,168,0.07057813247276842,0.142200156155929,0.03439972480220158,2.881768145854833,2.773374613003096,False,True,True,True,True,True,True,True,True,False,,True,22,5,4
Mono,cellstate,5,0.9,0.01,3000,100,1000,2000,172,172,167,171,0.055279100902532616,0.2370383240030372,0.06799945600435196,6.573167414660682,2.475486196110431,False,True,True,True,True,True,True,True,True,False,,True,23,7,5
Mono,cellstate,5,0.9,0.01,4000,10,100,200,48,48,40,46,0.0019576333089846697,0.22034732016349665,0.08865248226950355,2.207890070921986,2.089095744680851,False,True,False,False,False,False,False,False,True,False,,True,6,1,0
Mono,cellstate,5,0.9,0.01,4000,10,250,500,48,48,47,46,-0.010023769312566466,0.5752631567199401,0.22163120567375885,5.840425531914893,1.8643617021276595,False,True,False,False,False,False,False,False,True,False,,True,6,1,0
Mono,cellstate,5,0.9,0.01,4000,10,500,541,48,48,48,46,-0.012965333677172182,0.6102561282662748,0.2398049645390071,6.279698581560283,1.8794326241134751,False,True,False,False,False,False,False,False,True,False,,True,6,1,0
Mono,cellstate,5,0.9,0.01,4000,10,1000,576,48,48,48,46,-0.011357999999999993,0.6008020071200336,0.2553191489361702,7.099734042553192,1.9064716312056738,False,True,False,False,False,False,False,False,True,False,,True,6,1,0
Mono,cellstate,5,0.9,0.01,4000,25,100,200,86,86,63,83,0.018005540166205,0.09469148422636792,0.027359781121751026,0.8155950752393981,1.9476060191518467,False,True,True,True,True,True,False,True,True,False,,True,15,4,3
Mono,cellstate,5,0.9,0.01,4000,25,250,500,96,96,85,95,0.011316977556480395,0.1552014563700368,0.05482456140350877,2.8583333333333334,2.586732456140351,False,True,True,True,True,True,False,True,True,False,,True,15,4,3
Mono,cellstate,5,0.9,0.01,4000,25,500,1000,97,97,94,97,0.00494994301168289,0.3169612066487584,0.10738831615120274,6.297573024054983,2.279639175257732,False,True,True,True,True,True,False,True,True,False,,True,15,5,3
Mono,cellstate,5,0.9,0.01,4000,25,1000,1992,96,96,96,96,-0.010074720086513587,0.5269337924939537,0.21842105263157896,13.170065789473684,1.9260964912280703,False,True,True,True,True,True,False,True,True,False,,True,15,8,4
Mono,cellstate,5,0.9,0.01,4000,50,100,196,110,110,75,99,0.13970285902250484,0.0714108114108114,0.01634695579649708,0.3537948290241868,1.5837364470391992,False,True,True,True,True,True,False,True,True,False,,True,19,4,3
Mono,cellstate,5,0.9,0.01,4000,50,250,500,140,140,118,137,0.09117738837686624,0.11444857990493115,0.025693730729701953,1.6590955806783145,2.9895169578622816,False,True,True,True,True,True,False,True,True,False,,True,19,4,3
Mono,cellstate,5,0.9,0.01,4000,50,500,1000,146,146,132,146,0.05003325875992823,0.1824982686679643,0.04723665564478035,3.5955597543693907,2.575862068965517,False,True,True,True,True,True,True,True,True,False,,True,19,6,4
Mono,cellstate,5,0.9,0.01,4000,50,1000,2000,145,145,144,145,0.021915958699756682,0.2921933420803674,0.09578544061302682,8.329406130268199,2.3372605363984675,False,True,True,True,True,True,False,True,True,False,,True,20,6,3
Mono,cellstate,5,0.9,0.01,4000,75,100,191,123,123,83,108,0.11485408790170132,0.03870822041553749,0.012728242036518726,0.23104091696654672,1.1059576169532188,False,True,True,True,True,True,True,True,True,False,,False,20,2,1
Mono,cellstate,5,0.9,0.01,4000,75,250,500,159,159,122,151,0.06632780876283902,0.09630317466347603,0.01990287397500199,1.1911073959079692,2.6643977390335163,False,True,True,True,True,True,True,True,True,False,,True,22,4,3
Mono,cellstate,5,0.9,0.01,4000,75,500,1000,170,170,150,167,0.06835278394843759,0.1424415727798228,0.03480682213713888,2.903967977723634,2.7601113818308387,False,True,True,True,True,True,True,True,True,False,,True,22,5,4
Mono,cellstate,5,0.9,0.01,4000,75,1000,2000,172,172,165,171,0.04196610456216617,0.22769175006422637,0.06799945600435196,6.591901264789882,2.433360533115735,False,True,True,True,True,True,True,True,True,False,,True,23,6,4
Mono,cellstate,5,0.9,0.01,4000,100,100,192,125,125,85,108,0.11468224981738499,0.04358730158730159,0.012387096774193548,0.21554838709677418,1.0444516129032257,False,True,True,True,True,True,True,True,True,False,,False,20,2,1
Mono,cellstate,5,0.9,0.01,4000,100,250,500,160,160,129,150,0.12211394431914052,0.0982817968387821,0.019654088050314465,1.1431996855345912,2.655306603773585,False,True,True,True,True,True,True,True,True,False,,True,22,4,3
Mono,cellstate,5,0.9,0.01,4000,100,500,1000,168,168,149,167,0.06713060632720479,0.13276420659717786,0.035642999714856,3.0139007698887936,2.788886512688908,False,True,True,True,True,True,True,True,True,False,,True,22,4,3
Mono,cellstate,5,0.9,0.01,4000,100,1000,2000,172,172,166,171,0.05680602886752222,0.23395170787876907,0.06799945600435196,6.559431524547803,2.450394396844825,False,True,True,True,True,True,True,True,True,False,,True,23,7,5
Mono,cellstate,5,0.9,0.02,2000,10,100,200,47,47,42,47,0.032410037087774415,0.21025345812579865,0.09250693802035152,2.590194264569843,2.4546716003700277,False,True,False,False,False,False,False,False,True,False,,False,5,0,0
Mono,cellstate,5,0.9,0.02,2000,10,250,495,47,47,47,47,-0.009225657460646623,0.5274505596403798,0.22895467160037003,6.867715078630897,1.9833487511563368,False,True,False,False,False,False,False,False,True,False,,False,5,0,0
Mono,cellstate,5,0.9,0.02,2000,10,500,593,47,47,47,47,-0.0033321563141121666,0.5923246214553055,0.2742830712303423,8.400092506938021,1.835800185013876,False,True,False,False,False,False,False,False,True,False,,False,5,0,0
Mono,cellstate,5,0.9,0.02,2000,10,1000,593,47,47,47,47,-0.00295353346739443,0.5925495769457012,0.2742830712303423,8.40795559666975,1.835800185013876,False,True,False,False,False,False,False,False,True,False,,False,5,0,0
Mono,cellstate,5,0.9,0.02,2000,25,100,200,88,88,65,83,0.045852085926777114,0.09908787550833004,0.02612330198537095,0.8755224660397074,3.179728317659352,False,True,True,True,False,False,False,True,True,False,,True,16,1,1
Mono,cellstate,5,0.9,0.02,2000,25,250,500,92,92,84,92,0.011314428003829332,0.1825064128465639,0.05972288580984233,3.2157190635451505,2.717510750119446,False,True,True,True,False,False,False,True,True,False,,True,16,3,3
Mono,cellstate,5,0.9,0.02,2000,25,500,1000,94,94,90,94,0.023233482921311825,0.2817322711296723,0.11439029970258523,6.98272706474491,2.14424616792496,False,True,True,False,False,False,False,False,True,False,,True,16,4,3
Mono,cellstate,5,0.9,0.02,2000,25,1000,2000,93,93,93,93,-0.004521916548280179,0.5104808882916461,0.2337540906965872,14.837307152875175,1.8286582515194016,False,True,True,True,False,False,False,True,True,False,,True,17,10,6
Mono,cellstate,5,0.9,0.02,2000,50,100,199,120,120,78,108,0.11939146100832165,0.060030062530062524,0.013935574229691878,0.2726890756302521,1.4285014005602241,False,True,False,True,True,True,False,True,True,False,,True,17,0,0
Mono,cellstate,5,0.9,0.02,2000,50,250,500,142,142,114,136,0.07855221978598605,0.14385567399192623,0.024972530216761563,1.60703226450904,2.8418239936070324,False,True,True,True,True,True,False,True,True,False,,True,20,2,2
Mono,cellstate,5,0.9,0.02,2000,50,500,993,148,148,141,147,0.06069277324765737,0.14656538273126457,0.04564258135686707,3.8506159220444935,2.8784703070417357,False,True,True,True,True,True,False,True,True,False,,True,21,4,4
Mono,cellstate,5,0.9,0.02,2000,50,1000,2000,146,146,144,146,0.03599201599783249,0.2597562598049957,0.0944733112895607,8.794048181388758,2.241568256967407,False,True,True,True,True,True,False,True,True,False,,True,21,7,4
Mono,cellstate,5,0.9,0.02,2000,75,100,198,127,127,84,106,0.14088642659279782,0.03581200077263069,0.012373453318335208,0.28896387951506064,1.8936382952130983,False,True,True,True,True,True,True,True,True,False,,True,18,1,1
Mono,cellstate,5,0.9,0.02,2000,75,250,498,164,164,126,158,0.13808774198384588,0.10243166007076551,0.01862935807272183,1.2624195720484812,3.4685021696842737,False,True,True,True,True,True,True,True,True,False,,True,22,2,2
Mono,cellstate,5,0.9,0.02,2000,75,500,1000,170,170,151,168,0.09943951784073257,0.14939319583093447,0.03480682213713888,3.1681517577445177,2.8114514444831187,False,True,True,True,True,True,True,True,True,False,,True,23,3,3
Mono,cellstate,5,0.9,0.02,2000,75,1000,1981,173,173,166,173,0.07567922078836867,0.21563601990736905,0.0665748084419949,6.86140610297083,2.3836537168974323,False,True,True,True,True,True,True,True,True,False,,True,23,4,4
Mono,cellstate,5,0.9,0.02,2000,100,100,193,126,126,81,110,0.2046642181014661,0.04819223985890652,0.012253968253968253,0.21955555555555556,1.3126349206349206,False,True,False,True,True,True,True,False,True,False,,True,17,0,0
Mono,cellstate,5,0.9,0.02,2000,100,250,493,164,164,124,158,0.1737571747296962,0.10728610156515461,0.01844231632500374,1.2367948526111028,3.4182253478976508,False,True,True,True,True,True,True,True,True,False,,True,21,2,2
Mono,cellstate,5,0.9,0.02,2000,100,500,993,171,171,152,169,0.102531309073724,0.14274208444060751,0.03415892672858617,3.0963536291709666,2.8248710010319917,False,True,True,True,True,True,True,True,True,False,,True,22,3,3
Mono,cellstate,5,0.9,0.02,2000,100,1000,1983,172,172,167,172,0.07831160917064767,0.22329697966976111,0.06742146062831497,7.064497484020128,2.4029987760097917,False,True,True,True,True,True,True,True,True,False,,True,23,5,4
Mono,cellstate,5,0.9,0.02,3000,10,100,200,46,46,43,46,-0.0024979591836734568,0.21736620867055648,0.0966183574879227,2.641545893719807,2.6019323671497583,False,True,False,False,False,False,False,False,True,False,,False,5,0,0
Mono,cellstate,5,0.9,0.02,3000,10,250,500,46,46,46,46,-0.0015498846597462534,0.5120989443294266,0.24154589371980675,7.334782608695652,1.9280193236714975,False,True,False,False,False,False,False,False,True,False,,False,5,0,0
Mono,cellstate,5,0.9,0.02,3000,10,500,701,46,46,46,46,-0.003178489786032553,0.7075871252036895,0.3386473429951691,10.090338164251207,1.7154589371980675,False,True,False,False,False,False,False,False,True,False,,False,5,0,0
Mono,cellstate,5,0.9,0.02,3000,10,1000,701,46,46,46,46,-0.003178489786032553,0.7075871252036895,0.3386473429951691,10.090338164251207,1.7154589371980675,False,True,False,False,False,False,False,False,True,False,,False,5,0,0
Mono,cellstate,5,0.9,0.02,3000,25,100,200,87,87,67,84,0.05221289699311679,0.07028704523633529,0.02673082063619353,0.7300187115744453,2.594226142742582,False,True,True,True,False,False,False,True,True,False,,True,14,1,1
Mono,cellstate,5,0.9,0.02,3000,25,250,500,93,93,85,92,0.013215503093043809,0.15125918397903945,0.0584385226741468,3.0265310892940627,2.829710144927536,False,True,True,True,False,False,False,True,True,False,,True,17,3,3
Mono,cellstate,5,0.9,0.02,3000,25,500,1000,94,94,92,94,0.0015469822038001347,0.2862338847815973,0.11439029970258523,6.880690917410203,2.223404255319149,False,True,True,True,False,False,False,True,True,False,,True,17,5,3
Mono,cellstate,5,0.9,0.02,3000,25,1000,2000,92,92,91,92,0.010361284619938545,0.507833334641953,0.23889154323936931,15.182035355948399,1.8017200191113234,False,True,True,True,False,False,False,False,True,False,,True,16,8,4
Mono,cellstate,5,0.9,0.02,3000,50,100,200,124,124,84,110,0.06658257378472222,0.05653249080668435,0.013113034356150013,0.26468659847888804,1.6938106477838972,False,True,True,True,True,True,False,False,True,False,,True,15,0,0
Mono,cellstate,5,0.9,0.02,3000,50,250,500,149,149,122,141,0.05761698618841475,0.07768712012948949,0.022673680391801197,1.3681752222020678,2.9904770542354435,False,True,True,True,True,True,False,True,True,False,,True,19,1,1
Mono,cellstate,5,0.9,0.02,3000,50,500,1000,152,152,141,151,0.05401592455163883,0.1391082761320319,0.043569187870338096,3.7010718020216102,2.77448588358313,False,True,True,True,True,True,False,True,True,False,,True,20,3,3
Mono,cellstate,5,0.9,0.02,3000,50,1000,2000,152,152,151,152,0.0377025156002384,0.24231009900884018,0.08713837574067619,8.42780585569885,2.3339578250261415,False,True,True,True,True,True,False,True,True,False,,True,20,5,3
Mono,cellstate,5,0.9,0.02,3000,75,100,199,134,134,87,116,0.14305082015624576,0.05142469470827681,0.011165974638087757,0.14919762091796657,0.7618673549545506,False,True,True,True,True,True,True,False,True,False,,True,16,0,0
Mono,cellstate,5,0.9,0.02,3000,75,250,499,158,158,127,152,0.14235243409800583,0.09000497919257956,0.020116100943320163,1.230750624848827,3.0358381036845925,False,True,True,True,True,True,True,True,True,False,,True,20,1,1
Mono,cellstate,5,0.9,0.02,3000,75,500,996,171,171,154,171,0.10425189742919921,0.12681219491413911,0.034262125902992775,3.0019263845889235,2.9398348813209494,False,True,True,True,True,True,True,True,True,False,,True,22,5,4
Mono,cellstate,5,0.9,0.02,3000,75,1000,1978,170,170,165,170,0.08012256973795438,0.2117548711528456,0.0688478941872607,7.0506439262095375,2.4354333449356074,False,True,True,True,True,True,True,True,True,False,,True,23,6,4
Mono,cellstate,5,0.9,0.02,3000,100,100,192,131,131,84,112,0.16955717423979652,0.0506757873170087,0.011274221961244862,0.11538461538461539,0.4704051673517322,False,True,True,True,True,True,True,False,True,False,,True,16,0,0
Mono,cellstate,5,0.9,0.02,3000,100,250,496,162,162,124,154,0.13865608134244503,0.1108403423817367,0.019016946553178437,1.0946629859673338,2.7964113181504486,False,True,True,True,True,True,True,True,True,False,,True,22,2,2
Mono,cellstate,5,0.9,0.02,3000,100,500,995,173,173,154,172,0.1114857560262966,0.1184467193880174,0.033438634225030246,2.906707890845544,2.832369942196532,False,True,True,True,True,True,True,True,True,False,,True,22,5,4
Mono,cellstate,5,0.9,0.02,3000,100,1000,1988,175,175,171,175,0.08649128782647036,0.19417328556089136,0.06528735632183907,6.898128078817734,2.480295566502463,False,True,True,True,True,True,True,True,True,False,,True,23,7,6
Mono,cellstate,5,0.9,0.02,4000,10,100,200,45,45,44,45,0.06550733559043807,0.2060030093363427,0.10101010101010101,2.9545454545454546,2.654040404040404,False,True,False,False,False,False,False,False,True,False,,False,7,0,0
Mono,cellstate,5,0.9,0.02,4000,10,250,500,46,46,46,46,-0.0015776639545142506,0.46651356035082864,0.24154589371980675,7.689855072463768,1.885990338164251,False,True,False,False,False,False,False,False,True,False,,False,5,0,0
Mono,cellstate,5,0.9,0.02,4000,10,500,851,47,47,47,47,-0.00445890887876848,0.7322740122073935,0.39361702127659576,12.568917668825161,1.631822386679001,False,True,False,False,False,False,False,False,True,False,,False,5,0,0
Mono,cellstate,5,0.9,0.02,4000,10,1000,706,45,45,45,45,-0.008322146376059054,0.7009593146889398,0.3565656565656566,10.618181818181819,1.7025252525252526,False,True,False,False,False,False,False,False,True,False,,False,7,0,0
Mono,cellstate,5,0.9,0.02,4000,25,100,200,87,87,66,81,0.03526731375425235,0.07652356658441849,0.02673082063619353,0.5964982624966586,2.1663993584603047,False,True,True,True,False,False,False,True,True,False,,True,16,0,0
Mono,cellstate,5,0.9,0.02,4000,25,250,500,93,93,83,93,0.03227675823330255,0.1674287187894498,0.0584385226741468,3.0149602618045814,2.645278167367929,False,True,True,True,False,False,False,False,True,False,,True,17,3,3
Mono,cellstate,5,0.9,0.02,4000,25,500,1000,94,94,93,94,0.018003186473407432,0.26722129139421,0.11439029970258523,6.992335849919927,2.2688172043010755,False,True,True,True,False,False,False,True,True,False,,True,18,5,4
Mono,cellstate,5,0.9,0.02,4000,25,1000,2000,93,93,93,93,0.003660942635323336,0.47786758868859763,0.2337540906965872,15.321061243571762,1.8381252921926134,False,True,True,True,False,False,False,True,True,False,,True,18,11,6
Mono,cellstate,5,0.9,0.02,4000,50,100,197,113,113,75,98,0.03856275020296182,0.07295202339450126,0.015565739570164348,0.25102718078381797,1.231826801517067,False,True,False,True,True,True,False,True,True,False,,True,16,0,0
Mono,cellstate,5,0.9,0.02,4000,50,250,500,146,146,123,141,0.04074712617325953,0.08041751153897736,0.023618327822390175,1.5657061880018894,3.7917335852621634,False,True,True,True,True,True,False,True,True,False,,True,19,1,1
Mono,cellstate,5,0.9,0.02,4000,50,500,1000,150,150,138,150,0.044377335342330286,0.15361557759513958,0.0447427293064877,3.7802237136465324,2.7578076062639822,False,True,True,True,True,True,False,True,True,False,,True,21,2,2
Mono,cellstate,5,0.9,0.02,4000,50,1000,2000,153,153,151,153,0.02411809423563294,0.2322070519285669,0.08599931200550395,8.319745442036464,2.3302373581011353,False,True,True,True,True,True,False,True,True,False,,True,21,8,5
Mono,cellstate,5,0.9,0.02,4000,75,100,197,130,130,84,112,0.1675814848347669,0.04761904761904762,0.01174716756112105,0.05915324985092427,0.156350626118068,False,True,False,True,True,True,True,False,True,False,,True,17,0,0
Mono,cellstate,5,0.9,0.02,4000,75,250,500,161,161,127,154,0.12927973595319167,0.09755822803930814,0.019409937888198756,1.2805124223602484,3.261995341614907,False,True,True,True,True,True,True,True,True,False,,True,22,1,1
Mono,cellstate,5,0.9,0.02,4000,75,500,1000,171,171,153,170,0.10359990646020659,0.13769051678972227,0.03439972480220158,2.9910560715514274,2.931062951496388,False,True,True,True,True,True,True,True,True,False,,True,22,4,3
Mono,cellstate,5,0.9,0.02,4000,75,1000,2000,174,174,169,174,0.08202012030754591,0.2006630597350703,0.06644076805527872,6.942196531791907,2.4671782605806922,False,True,True,True,True,True,True,True,True,False,,True,23,8,6
Mono,cellstate,5,0.9,0.02,4000,100,100,197,132,132,84,111,0.21849535989135355,0.056156806156806155,0.011392551468887346,0.10715938006014342,0.41753411982419614,False,True,True,True,True,True,True,False,True,False,,True,19,0,0
Mono,cellstate,5,0.9,0.02,4000,100,250,500,166,166,126,160,0.18011774198637762,0.06121574607437563,0.018254837531945966,1.1332603139832056,3.0973347937203357,False,True,True,True,True,True,True,True,True,False,,True,21,0,0
Mono,cellstate,5,0.9,0.02,4000,100,500,1000,173,173,155,171,0.1170316566101404,0.1356767860739009,0.033606667562844465,2.9302325581395348,2.903414437424385,False,True,True,True,True,True,True,True,True,False,,True,22,3,3
Mono,cellstate,5,0.9,0.02,4000,100,1000,2000,176,176,171,176,0.08825798838053739,0.19669023230325672,0.06493506493506493,6.877694805194805,2.491883116883117,False,True,True,True,True,True,True,True,True,False,,True,23,8,6
Mono,cellstate,5,0.9,0.03,2000,10,100,200,43,43,36,42,0.022309356408869656,0.2749222353873517,0.11074197120708748,2.7131782945736433,1.9119601328903655,False,False,False,False,False,False,False,False,True,False,,False,5,0,0
Mono,cellstate,5,0.9,0.03,2000,10,250,464,43,43,43,43,0.002123309216734831,0.5729597605111801,0.25692137320044295,7.199889258028793,1.87984496124031,False,False,False,False,False,False,False,False,True,False,,False,5,0,0
Mono,cellstate,5,0.9,0.03,2000,10,500,522,43,43,43,43,0.002303062499622692,0.6333368140116767,0.28903654485049834,8.194905869324474,1.796234772978959,False,False,False,False,False,False,False,False,True,False,,False,5,0,0
Mono,cellstate,5,0.9,0.03,2000,10,1000,506,42,42,42,42,0.0027290561933065198,0.6354025885980864,0.2938443670150987,8.21486643437863,1.7886178861788617,False,False,False,False,False,False,False,False,True,False,,False,5,0,0
Mono,cellstate,5,0.9,0.03,2000,25,100,200,88,88,64,83,0.030910326086956524,0.1181441033713761,0.02612330198537095,0.7106844305120167,2.7291013584117034,False,True,True,False,False,False,False,False,True,False,,False,12,0,0
Mono,cellstate,5,0.9,0.03,2000,25,250,500,97,97,82,97,0.044920765359954554,0.14273273999024844,0.05369415807560137,2.6930841924398625,2.5141752577319587,False,True,True,False,False,False,False,False,True,False,,True,15,1,1
Mono,cellstate,5,0.9,0.03,2000,25,500,1000,97,97,95,97,0.022159430296306057,0.2743498934622799,0.10738831615120274,6.681808419243986,2.301546391752577,False,True,True,False,False,False,False,False,True,False,,True,15,1,1
Mono,cellstate,5,0.9,0.03,2000,25,1000,2000,98,98,98,98,0.003709814602716064,0.47144969400944325,0.2103934357248054,14.11561119293078,1.8957500525983588,False,True,True,False,False,False,False,False,True,False,,True,15,4,2
Mono,cellstate,5,0.9,0.03,2000,50,100,196,118,118,69,104,0.10952133194588971,0.03946242081835302,0.014196726061132842,0.07728523830218745,0.2322178762856729,False,True,True,True,True,True,False,False,True,False,,False,15,0,0
Mono,cellstate,5,0.9,0.03,2000,50,250,494,139,139,110,135,0.08766091051805341,0.1128157771998117,0.02575331039516213,1.458607027421541,2.9475028672714,False,True,True,True,True,True,False,True,True,False,,True,18,1,1
Mono,cellstate,5,0.9,0.03,2000,50,500,1000,146,146,131,146,0.06950576374468746,0.16418730962099154,0.04723665564478035,3.7145016532829476,2.5675011809163912,False,True,True,True,True,True,False,True,True,False,,True,20,3,2
Mono,cellstate,5,0.9,0.03,2000,50,1000,2000,146,146,143,146,0.04031424558715566,0.2653729969378952,0.0944733112895607,8.670760510155882,2.2239489844119036,False,True,True,True,True,True,False,True,True,False,,True,20,8,3
Mono,cellstate,5,0.9,0.03,2000,75,100,193,128,128,72,108,0.17325091821195018,0.04235634157509158,0.01187253937007874,0.05075049212598425,0.14929872047244094,False,True,True,True,True,True,True,False,True,False,,False,17,1,1
Mono,cellstate,5,0.9,0.03,2000,75,250,494,163,163,126,154,0.14639905548996454,0.09652084452697947,0.018707869423615846,0.9719003256835568,2.8943800651367115,False,True,True,True,True,True,True,True,True,False,,True,22,4,4
Mono,cellstate,5,0.9,0.03,2000,75,500,986,170,170,155,170,0.12284108731028852,0.16115904262079106,0.03431952662721893,2.9928297946397495,3.0845805777932473,False,True,True,True,True,True,True,True,True,False,,True,23,6,5
Mono,cellstate,5,0.9,0.03,2000,75,1000,1975,171,171,166,171,0.07529531300649683,0.21381597343569833,0.06793945648434813,7.030787753697971,2.440247678018576,False,True,True,True,True,True,True,True,True,False,,True,23,10,7
Mono,cellstate,5,0.9,0.03,2000,100,100,193,130,130,74,108,0.19985666935411628,0.046044425659810276,0.011508646392367322,0.05158020274299344,0.14955277280858675,False,True,True,True,True,True,True,False,True,False,,False,17,1,1
Mono,cellstate,5,0.9,0.03,2000,100,250,493,165,165,123,157,0.18237804763778792,0.10096807431032022,0.018218773096821878,0.8607908351810791,2.582039911308204,False,True,True,True,True,True,True,True,True,False,,True,22,3,3
Mono,cellstate,5,0.9,0.03,2000,100,500,988,172,172,155,171,0.14544747043621273,0.1566297579529692,0.03359173126614987,2.909186726506188,2.966374269005848,False,True,True,True,True,True,True,True,True,False,,True,23,6,5
Mono,cellstate,5,0.9,0.03,2000,100,1000,1978,173,173,166,173,0.09536051776060003,0.2132660826698196,0.06647398843930635,6.890072590401935,2.418100551149348,False,True,True,True,True,True,True,True,True,False,,True,23,10,7
Mono,cellstate,5,0.9,0.03,3000,10,100,200,44,44,39,44,0.013525564803804995,0.2858914110251009,0.10570824524312897,2.630549682875264,2.367864693446089,False,False,False,False,False,False,False,False,True,False,,False,5,0,0
Mono,cellstate,5,0.9,0.03,3000,10,250,500,43,43,43,43,-0.005173139278730741,0.568888480258311,0.2768549280177187,8.155592469545958,1.818936877076412,False,False,False,False,False,False,False,False,True,False,,False,6,0,0
Mono,cellstate,5,0.9,0.03,3000,10,500,661,44,44,44,44,-0.003580696537360646,0.696736313989018,0.34936575052854124,10.513742071881607,1.6982029598308668,False,False,False,False,False,False,False,False,True,False,,False,5,0,0
Mono,cellstate,5,0.9,0.03,3000,10,1000,662,44,44,44,44,-0.0021209319526627156,0.6976173833882161,0.3498942917547569,10.533826638477802,1.6971458773784356,False,False,False,False,False,False,False,False,True,False,,False,5,0,0
Mono,cellstate,5,0.9,0.03,3000,25,100,198,86,86,59,80,0.05698948222589806,0.14174391499972894,0.027086183310533515,0.7674418604651163,2.46703146374829,False,True,True,False,False,False,False,False,True,False,,False,11,0,0
Mono,cellstate,5,0.9,0.03,3000,25,250,495,95,95,81,95,0.05795335885833621,0.16824385767425484,0.055431131019036954,2.8438969764837627,2.5781634938409854,False,True,True,False,False,False,False,False,True,False,,True,14,1,1
Mono,cellstate,5,0.9,0.03,3000,25,500,981,95,95,93,95,0.03071409011750645,0.27058899721625346,0.10985442329227324,6.703695408734602,2.3279955207166854,False,True,True,False,False,False,False,False,True,False,,True,14,3,2
Mono,cellstate,5,0.9,0.03,3000,25,1000,2000,93,93,93,93,0.013270748225703169,0.47856821353243245,0.2337540906965872,15.212248714352501,1.8355539971949508,False,True,True,False,False,False,False,False,True,False,,True,14,6,4
Mono,cellstate,5,0.9,0.03,3000,50,100,198,118,118,69,107,0.11182996961805557,0.05648341771223127,0.014341590612777053,0.1634072142546719,0.7123714327104158,False,True,True,True,True,True,False,True,True,False,,False,16,0,0
Mono,cellstate,5,0.9,0.03,3000,50,250,494,140,140,107,139,0.09734383236382127,0.13556911759919277,0.025385405960945528,1.31808838643371,2.579907502569373,False,True,True,True,True,True,False,True,True,False,,True,18,0,0
Mono,cellstate,5,0.9,0.03,3000,50,500,989,145,145,136,144,0.06960583248492443,0.17225236090732235,0.047365900383141764,3.8296934865900383,2.7574712643678163,False,True,True,True,True,True,False,True,True,False,,True,20,3,2
Mono,cellstate,5,0.9,0.03,3000,50,1000,1967,147,147,144,147,0.044850122448979596,0.24708475227706742,0.09165035877364644,8.553210325225981,2.272714565278166,False,True,True,True,True,True,False,True,True,False,,True,20,6,4
Mono,cellstate,5,0.9,0.03,3000,75,100,197,126,126,73,108,0.0994875346260388,0.08870248436074764,0.012507936507936508,0.10831746031746031,0.39555555555555555,False,True,True,True,True,True,True,True,True,False,,True,19,0,0
Mono,cellstate,5,0.9,0.03,3000,75,250,493,160,160,115,154,0.13507673271733522,0.12128425572880994,0.019378930817610062,0.8035377358490566,2.070322327044025,False,True,True,True,True,True,True,True,True,False,,True,22,2,1
Mono,cellstate,5,0.9,0.03,3000,75,500,989,170,170,150,169,0.10489653319000271,0.1332247170971214,0.03442394709363035,3.039366515837104,2.870971110337626,False,True,True,True,True,True,True,True,True,False,,True,23,4,3
Mono,cellstate,5,0.9,0.03,3000,75,1000,1972,170,170,165,170,0.07513331649412773,0.21296212935361564,0.06863905325443787,7.017020536025061,2.4405151409676296,False,True,True,True,True,True,True,True,True,False,,True,23,8,6
Mono,cellstate,5,0.9,0.03,3000,100,100,191,124,124,71,102,0.19097151205259313,0.06872809090551024,0.012522947810123263,0.05972987149226331,0.16207710464201416,False,True,True,True,False,True,True,False,True,False,,True,18,0,0
Mono,cellstate,5,0.9,0.03,3000,100,250,493,161,161,115,154,0.16360447933913724,0.12644322131216276,0.019138198757763975,0.8543090062111801,2.312965838509317,False,True,True,True,True,True,True,True,True,False,,True,22,2,1
Mono,cellstate,5,0.9,0.03,3000,100,500,977,169,169,148,168,0.1232366962957162,0.1288849319290818,0.034411101718794024,3.0000704423781346,2.7753592561284868,False,True,True,True,True,True,True,True,True,False,,True,23,5,3
Mono,cellstate,5,0.9,0.03,3000,100,1000,1973,173,173,169,173,0.09513479482240068,0.20916642219777717,0.06630595510149213,6.906707890845544,2.499361473316306,False,True,True,True,True,True,True,True,True,False,,True,23,8,6
Mono,cellstate,5,0.9,0.03,4000,10,100,200,44,44,39,44,0.014801782024793368,0.277825671254525,0.10570824524312897,2.690274841437632,2.376849894291755,False,False,False,False,False,False,False,False,True,False,,False,5,0,0
Mono,cellstate,5,0.9,0.03,4000,10,250,500,44,44,44,44,0.00047718917899896955,0.5556422314472697,0.2642706131078224,8.042283298097251,1.8535940803382664,False,False,False,False,False,False,False,False,True,False,,False,5,0,0
Mono,cellstate,5,0.9,0.03,4000,10,500,703,42,42,42,42,-0.014858939645383871,0.7540007701900505,0.40824622531939603,12.173054587688734,1.6062717770034842,False,False,False,False,False,False,False,False,True,False,,False,6,0,0
Mono,cellstate,5,0.9,0.03,4000,10,1000,736,44,44,44,44,-0.005290858725761773,0.7325819238554246,0.3890063424947146,12.023255813953488,1.6300211416490487,False,False,False,False,False,False,False,False,True,False,,False,5,0,0
Mono,cellstate,5,0.9,0.03,4000,25,100,200,93,93,63,88,0.030189017289259157,0.08575074865397446,0.02337540906965872,0.667601683029453,2.2863487611033193,False,True,True,False,False,False,False,False,True,False,,True,13,0,0
Mono,cellstate,5,0.9,0.03,4000,25,250,500,96,96,86,96,0.03503703703703704,0.16307290991888515,0.05482456140350877,2.94375,2.8487938596491227,False,True,True,False,False,False,False,False,True,False,,True,14,1,1
Mono,cellstate,5,0.9,0.03,4000,25,500,1000,95,95,94,95,0.039075918367346925,0.2600255552604892,0.11198208286674133,6.971556550951847,2.2606942889137738,False,True,True,False,False,False,False,False,True,False,,True,14,2,1
Mono,cellstate,5,0.9,0.03,4000,25,1000,2000,97,97,97,97,0.009964872530916538,0.4361413745794175,0.21477663230240548,14.68578178694158,1.8726374570446735,False,True,True,False,False,False,False,False,True,False,,True,14,4,3
Mono,cellstate,5,0.9,0.03,4000,50,100,193,115,115,65,98,0.09850152992650633,0.07665192295627077,0.014721586575133486,0.09977116704805492,0.3175438596491228,False,True,True,True,True,True,False,True,True,False,,False,15,0,0
Mono,cellstate,5,0.9,0.03,4000,50,250,500,146,146,110,141,0.08538636042652353,0.12320916198297874,0.023618327822390175,1.2418044402456305,2.700850259801606,False,True,True,True,True,True,False,True,True,False,,True,19,0,0
Mono,cellstate,5,0.9,0.03,4000,50,500,1000,148,148,139,148,0.06362173938134812,0.16239467471125285,0.045964331678617396,3.838986946129803,2.9265489979775694,False,True,True,True,True,True,False,True,True,False,,True,20,4,2
Mono,cellstate,5,0.9,0.03,4000,50,1000,2000,151,151,150,151,0.04411210911138204,0.24057691759563024,0.08830022075055188,8.581368653421633,2.3332008830022075,False,True,True,True,True,True,False,True,True,False,,True,20,6,4
Mono,cellstate,5,0.9,0.03,4000,75,100,198,127,127,75,106,0.14979030180093747,0.0627859017622797,0.012373453318335208,0.047306586676665416,0.11261092363454568,False,True,True,True,True,True,True,False,True,False,,True,19,1,1
Mono,cellstate,5,0.9,0.03,4000,75,250,500,165,165,118,155,0.13082248263888893,0.13269360375082415,0.018477457501847747,0.8168514412416852,2.217738359201774,False,True,True,True,True,True,True,False,True,False,,True,22,2,1
Mono,cellstate,5,0.9,0.03,4000,75,500,1000,170,170,150,170,0.09868964046788237,0.15418500147017786,0.03480682213713888,2.983466759484859,2.990532544378698,False,True,True,True,True,True,True,True,True,False,,True,23,4,3
Mono,cellstate,5,0.9,0.03,4000,75,1000,2000,170,170,167,170,0.07431117390168615,0.20404343219146362,0.06961364427427776,7.291263487643578,2.4784197702749737,False,True,True,True,True,True,True,True,True,False,,True,23,9,6
Mono,cellstate,5,0.9,0.03,4000,100,100,197,128,128,74,107,0.18620498614958444,0.07483258928571428,0.012118602362204724,0.046198326771653545,0.10882135826771654,False,True,True,True,True,True,True,False,True,False,,True,19,1,1
Mono,cellstate,5,0.9,0.03,4000,100,250,500,167,167,121,155,0.1784396701388889,0.12621554631963747,0.018036216723180145,0.8269966091912561,2.404119471899574,False,True,True,True,True,True,True,False,True,False,,True,22,2,1
Mono,cellstate,5,0.9,0.03,4000,100,500,991,171,171,150,171,0.1273700378071834,0.14420840674776492,0.034090127278981766,2.998314413484692,2.9734434124527005,False,True,True,True,True,True,True,True,True,False,,True,23,4,2
Mono,cellstate,5,0.9,0.03,4000,100,1000,2000,174,174,171,174,0.09949312523045276,0.20162994279499918,0.06644076805527872,7.085177064646867,2.524018337651983,False,True,True,True,True,True,True,True,True,False,,True,23,9,6
